{"connections": [[-1.0, 0.0002728, -0.000135, -0.000599, 0.0003544, 0.0001478, 2.12e-05, -0.000478, 8.96e-05, -3.44e-05, -3.58e-05, -0.0001006, 3.06e-05, 0.000177, 0.0003116, -0.0004918, -0.0002962, 6e-06, 0.0002094, 9e-06, 0.0003308, 4.98e-05, -5.9e-05, 0.0005896, 0.0005998, -0.000228, 0.0005362, 0.0002198, -0.0001694, 0.0002028, -0.0001048, -0.0003308, -0.000143, -0.00033, 0.000156, -0.0001618, 7.22e-05, 0.0001266, -0.0008234, -6e-05, -0.0001588, -0.0001408, 5.8e-06, -0.0004776, 0.00039, 6.04e-05, 3.18e-05, -0.0001938, 6.94e-05, 0.0001948, -0.0001538, -7.86e-05, -0.0005248, 0.0007292, -9.68e-05, 0.0001126, -2e-06, 0.0007564, 0.0001852, -2.56e-05, -0.0002154, -0.0006534, -0.0002628, 8.58e-05, -0.0005538, -0.0002042, 0.0006106, 0.000117, -0.0005606, 6.86e-05, -0.0001052, 8.64e-05, -0.0004736, 0.0002618, 0.000524, 0.0001438, -0.0002914, -0.0001408, 9.86e-05, -0.0001116, 0.0003628, 0.0002884, 0.0004512, -1.94e-05, 8.5e-05, 0.0003336, -0.0002466, -0.0001018, -0.0001236, 7.74e-05, 5.32e-05, -9.94e-05, -0.0001732, -0.0004148, 0.0001682, 2e-05, 0.000295, 0.0003918, -0.0003262, -0.0001974, 7.58e-05, -8.8e-05, -0.0003706, -0.0002974, -0.000446, 6.66e-05, 7.12e-05, -0.0007368, 2.8e-06, -0.0003498, 0.0002758, 0.0001616, -0.000321, 0.0001728, 6.08e-05, -2.52e-05, 0.0001644, 0.0004744, -4.76e-05, -0.0001096, 3.18e-05, 0.0003766, 3.84e-05, -6.2e-06, 0.0002592, 0.0002282, -0.00029, 9.26e-05, -0.0003636, 0.0002682, -0.0006556, 5.16e-05, 0.0003928, -0.0002608, -8.58e-05, -0.000338, 0.000408, -0.0003182, 5.64e-05, -0.0001374, 1.38e-05, 0.0001236, -0.000521, -0.0001202, 0.0001168, -0.0002904, 8.94e-05, -0.0002328, 0.0001306, 0.0001748, 0.0001362, -9.66e-05, 0.000614, -0.000271, -0.0002836, -0.0004086, 0.0002552, 0.0008414, -0.000262, -0.000237, 0.0003888, 0.0002386, -0.000335, -0.0003468, 5.74e-05, -0.0007382, -0.0001424, -0.0003714, -0.0003926, -0.0001072, -0.000117, -0.0002724, 6.82e-05, -0.0010046, 0.0001304, -0.000347, -0.0005038, -7.94e-05, -0.0003292, 0.0001596, 0.0002164, 0.0003742, -0.0002054, 0.00041, 4.48e-05, -0.000297, -0.0002502, 0.0004284, -0.0003102, -0.0009108, 0.0003952, 0.0001984, -0.00075, -0.0002316, -0.0003978, -0.0005682, 0.0003012, 0.0001176, 0.000349, 0.000204], [0.0002728, -1.0, -0.0002754, 0.0004374, 0.0002756, 0.0004362, 3.52e-05, 0.0003, -0.0001492, -0.0002156, -0.000505, -0.0001138, -0.0001462, -0.0004374, 0.0003176, -0.0002738, 0.000487, 0.0002628, -2.86e-05, -0.0004618, 0.0004804, -0.0003746, 0.000529, 4.4e-06, 5.26e-05, -0.0003068, -0.0008554, -0.0001362, 0.0001374, -0.0001392, 0.000288, 0.0001872, 0.0001358, -0.0001696, -0.0006252, -0.0004566, 0.0001318, -0.000127, 6.42e-05, 0.000394, 9.84e-05, -0.0001552, 0.0001078, 0.0002696, 0.0001956, -0.0001392, 0.0003026, -7.34e-05, -0.0003838, 0.0001428, 0.000321, -0.0004358, 0.000462, -0.0004144, -0.0001644, -0.0001682, -0.000412, -0.0003768, -7.88e-05, -7.16e-05, -0.0002222, 0.0001962, 0.0003444, -0.000317, 0.0003974, -0.0007874, -0.000337, -5.66e-05, -1.86e-05, 0.0008998, 3.08e-05, -6.4e-05, 0.000204, -0.0001518, 0.0002996, 0.0002546, 0.0005522, -2.28e-05, 0.0003622, -0.0001908, 0.0001216, -0.0001148, -9.16e-05, 0.0001242, -0.0002634, -0.000528, -0.0004034, -1.26e-05, 9.84e-05, 0.000153, -5.48e-05, 0.0003938, -0.0003252, -0.0002588, 0.0002182, 0.0001964, -0.0005158, 8.7e-05, 6.18e-05, -0.0001266, 2.7e-05, -0.0001524, -5.46e-05, -1.46e-05, -5.04e-05, -0.0003658, -7.36e-05, 0.00061, 0.0004188, 0.000211, 5.46e-05, -0.0001168, -3.54e-05, 0.0002452, -0.000614, 5.72e-05, -0.00022, -0.000484, -0.0002832, -0.0003816, -0.0001498, 0.0003702, 0.000158, -0.0002482, 0.00026, -0.000103, -0.00055, 3e-06, -6.92e-05, 6.1e-05, -0.00021, -0.0003504, 6.48e-05, 0.0006348, 0.0004138, -0.0004148, 8.08e-05, 0.0004058, -6.16e-05, 0.000393, 0.0001446, -0.0005452, -1.18e-05, 4.5e-05, -0.0002884, -0.0002068, -0.0002322, -0.0003672, -0.0002642, 2.8e-05, -0.0001394, 1.94e-05, 0.0002992, 0.0001714, 0.0004228, -3.06e-05, 0.0002368, -9.94e-05, 5.32e-05, -0.0001222, 0.000416, 0.000323, -0.0004574, 0.000456, 0.0002894, 0.0004386, 0.0005144, -0.0003906, -0.0001194, -0.00016, 0.000359, 0.0004952, 6.18e-05, 0.0004934, -9.2e-06, -0.0001442, -0.000513, 0.000501, -4.48e-05, 0.0002392, 5.08e-05, -0.0003122, -0.0002934, -9.84e-05, 9.12e-05, 0.0002078, 8.58e-05, -0.0001936, -0.0001794, 8.44e-05, -0.0007132, -0.00013, 0.0001524, 0.0003368, 0.000113, -0.000277, 0.000142, 8.24e-05, -0.0007382, 0.0004096], [-0.000135, -0.0002754, -1.0, -1.6e-06, -0.0002794, 4.28e-05, -0.0005326, 0.0002546, -0.0002298, 0.0001938, -6.6e-05, -8.6e-05, 0.0007616, -0.0005176, 0.0001622, 0.000404, -0.0003952, 0.0002186, 0.000158, 7.88e-05, -0.000297, -0.0003816, -0.0005588, 0.0003366, -0.0003428, 0.0002302, -3.68e-05, 0.0002044, 0.0006544, -0.0002082, -0.0003798, -0.0007286, 4.88e-05, -0.0006122, 0.0001574, 0.00042, -0.0002444, 0.000306, -0.0002504, 6.66e-05, -0.000203, 0.0002422, -0.0001428, 0.0002062, -0.0002046, -0.0004806, -0.0001172, 0.0001996, -1.72e-05, -1.38e-05, 0.0001228, 2.84e-05, -8.6e-06, -0.0002098, 1.98e-05, -0.0002344, -7.74e-05, 0.0005654, 0.0001402, -0.000233, -0.0010584, 0.000192, 0.0005526, 0.000208, 0.0002056, 0.000198, 9.32e-05, -0.0002444, 8.92e-05, -0.0002952, 0.0005094, -0.0005078, -0.0001922, 0.0003756, 6.9e-05, -0.0003824, 5.08e-05, 1.9e-05, 0.0002744, 0.0001534, 0.000257, -0.0007562, 0.0001098, -0.0001712, -0.000372, 0.000297, 5.48e-05, 0.0002604, -0.0002894, 1.84e-05, 0.0002262, 0.0004152, -0.0001362, 1.8e-06, 0.0005384, 0.0005862, -0.0001404, -0.0001348, -0.0004804, 5.2e-05, -5.08e-05, -8.6e-06, -0.0003768, 9.64e-05, -0.0001798, -1.76e-05, -0.0003222, -3.7e-05, -0.0002214, -0.0004668, -0.0003212, -0.0001558, -0.0005076, -0.000341, 0.0005494, -0.000639, -0.0003358, -0.0002534, 0.0004382, 0.0001738, -0.0001228, -0.0003484, 9.66e-05, -0.0002956, 2.2e-06, -0.000226, 0.0005894, -5.92e-05, 0.0004298, 0.000542, 0.000279, 1.3e-05, 0.0003814, -0.0002138, -0.0003316, 0.0006822, -4.9e-05, -0.0005224, 0.000129, 0.0002172, 0.000446, -0.0002358, 9.92e-05, -0.000164, 0.0003998, -0.0001158, 0.000176, -0.0001934, 0.0005764, -0.0001426, -0.0007372, 0.0005612, -0.0003134, 0.00023, -7.9e-05, -0.0004396, 0.0003314, 8.08e-05, 0.000187, -7.32e-05, -0.000381, -0.000348, 0.0004944, 0.0001654, -4.88e-05, -0.0003384, -0.0003086, 0.0001192, -4.96e-05, 0.0004038, -0.0002188, 0.000125, 0.0002348, -0.0004488, 0.0003322, -0.000184, 0.0005268, -0.00041, -0.0004594, 0.0001546, 0.000157, 0.0002368, 7.72e-05, -0.000115, -0.0001134, 9.64e-05, -0.0002744, 0.0003254, -7.16e-05, 0.0001494, -6.42e-05, 0.0004962, 0.0005434, 0.000297, -0.0002184, -0.0001124, 0.0003602, -0.000203, 1.36e-05, 0.000221], [-0.000599, 0.0004374, -1.6e-06, -1.0, -0.000225, 0.0006708, 0.0001122, 9.26e-05, 0.0004434, 0.0003562, -6.12e-05, 7.76e-05, 0.0003516, 0.0003132, -0.0003122, -0.00042, 0.000222, -0.0003966, -0.0005088, 0.0001188, -0.0007414, -0.0002724, 0.0001144, -0.0001934, -0.0004716, -0.0002858, -0.00011, 0.0002964, -0.0001112, -0.000121, -0.0003818, -0.0003782, 0.000236, 0.0002698, 7.5e-05, -0.0002472, 0.0002132, -0.000312, -0.0005524, 4.98e-05, -0.0004218, -0.0003058, 0.000644, 0.0005338, 0.000199, -0.0004198, 0.0003216, -0.0004116, -2.72e-05, 0.000225, -3.88e-05, 0.000204, -0.0004866, 0.000431, 0.0001178, -0.000712, -9.4e-06, 5.7e-05, -0.0002474, -0.0006242, 0.0008308, -0.0002768, -0.0001238, -6e-06, 4.76e-05, -0.0001468, -0.0007476, -0.000276, -0.0002352, 0.0001556, 0.0002054, 0.0001834, 0.0004142, -0.0002068, 0.0002534, 0.0002708, -0.0001988, 1.3e-05, 7.8e-05, 0.0001942, -0.0004114, 0.0001578, 0.0004374, 0.0005996, -5.2e-06, 0.000175, -0.0002636, 0.0001328, 0.0001114, -0.0001724, -0.000475, -0.0001536, 0.0003558, 2.22e-05, -0.0002188, 7.14e-05, 0.0001648, -8.96e-05, 0.0001756, -0.0001888, -6.68e-05, -0.0001406, -0.000138, -0.0002788, 4.1e-05, 0.0003812, 0.0001706, -0.0005086, -0.000381, 0.0008016, -1.72e-05, 2.1e-05, 0.0007164, 0.0004886, 0.0005418, -9.94e-05, -0.0001562, 0.000517, -4.1e-05, 3e-06, -0.0002048, -0.000348, 0.0004878, -0.0003608, 9.18e-05, -1.64e-05, -8.86e-05, -0.000326, -0.0003746, 0.0001676, -0.0001374, -0.0007882, 1.74e-05, 0.0004158, 9e-05, -0.0001834, -2.46e-05, 6.72e-05, -1.58e-05, -0.0001228, -0.0005792, -8.9e-05, 0.0002688, -0.0002528, 0.0006282, -0.000233, 0.0004164, -0.0001514, -0.0003916, 0.000113, -0.0001396, -0.0002076, -7.82e-05, 0.0002236, -1e-06, 0.0004952, 0.0001454, -9.48e-05, -0.0004178, -0.0002068, 0.0001874, -3.84e-05, -3e-05, -0.0001174, -0.0001272, -9.88e-05, -0.0001278, -0.0002304, -0.0003112, -6.5e-05, -0.0004624, -0.0001718, -4.88e-05, -5.2e-05, 0.000129, -0.0003676, 0.0002424, -8.04e-05, 2.7e-05, -3.74e-05, -1.46e-05, 0.0001672, 8.08e-05, -0.0002818, 0.0005342, -5.4e-05, -9.28e-05, -8.1e-05, -0.0011212, 0.0001318, 6.82e-05, 0.0001574, -0.0002314, -0.000309, 0.0002152, -0.0005548, 0.000115, 0.0002078, 0.0001072, 3.94e-05], [0.0003544, 0.0002756, -0.0002794, -0.000225, -1.0, 0.0005466, -6.52e-05, -0.000486, -0.0003448, 0.0001864, 0.0001266, -6.9e-05, 0.0003378, 0.0002446, -4.44e-05, -8.86e-05, 0.0002558, -0.0001748, 0.0006422, -0.000349, -0.000372, -6.22e-05, -0.0005502, 1.68e-05, -0.000207, 1.96e-05, 0.0001682, 0.0001814, 0.0001454, 9.56e-05, 0.0004052, -0.0003016, -0.0003762, -7.16e-05, -0.0002696, 0.0001618, 0.0001514, 0.0006654, -0.0002486, -0.0001936, -0.0002088, 0.0004132, 0.0004722, -0.0001584, 0.0004788, 0.0004212, 0.0002002, 9.4e-06, -0.0004982, 6.04e-05, 0.0003734, -0.0005246, -0.0001592, 0.0001164, 0.00011, 0.0003786, -0.0005416, -0.0004132, 0.0001292, 4e-05, 2.54e-05, -0.000151, -0.0003272, 0.0001546, -0.000149, 0.0003954, 0.0007986, -2.06e-05, 0.0009266, 3.7e-05, 0.0001056, 0.0001108, 0.0001724, 0.0003922, 1.6e-05, -0.0007058, 0.000221, -0.0002636, -0.0003046, -2.16e-05, -0.0001952, 5.6e-06, -7.64e-05, 0.0001318, 0.0003402, 0.0005688, 0.0002294, 0.0001146, 0.000152, -0.0004818, 0.0001752, 0.0005826, 5e-05, 0.0002608, 0.0002762, -2.32e-05, -0.0003542, 7.1e-05, 2.6e-06, 0.0005534, -0.0001266, 6.44e-05, -0.0002146, -0.0002598, -7.32e-05, 0.0004366, 0.00012, 0.0002348, 0.000152, -2.82e-05, 0.0001066, 0.0002404, 0.0004182, -0.0001644, -5.28e-05, 0.000112, 0.0006004, -0.0003796, 5.6e-05, 0.0007832, -0.0001086, 0.0002738, -1.6e-06, -0.0002398, -8.2e-05, -0.0002346, 0.0004372, -3.22e-05, -0.0003824, 0.0002686, -0.0006264, 0.0002668, -0.0001356, -0.0004204, -0.000111, -0.0003692, 0.0004652, -0.000193, -9.2e-06, 0.0007426, -0.0003574, -0.0005388, -7e-06, -0.0004518, -8.32e-05, 7.96e-05, -6.9e-05, -0.0001116, -0.0002354, -0.0003808, 8.78e-05, -0.000129, -7.56e-05, 0.0001938, -0.0005984, 0.000299, 5.56e-05, 0.0003398, 0.0001816, -2.6e-06, -5.76e-05, 0.0002694, 1.3e-05, -0.0001772, -0.0005574, -0.0006042, 4.04e-05, -0.000253, -0.000623, -0.0002908, -9.5e-05, -0.0008472, -0.0002758, 3.3e-05, -0.0005072, 0.0001258, 0.0003426, 0.000729, 0.000362, 0.0001268, 7.72e-05, -6.26e-05, -0.0001102, -0.0001512, -0.0003608, -1.5e-05, 0.0003042, 0.0002612, 0.000323, 0.0004624, 0.0002044, -0.0001064, -3.32e-05, -0.0002364, 0.0006182, 9.38e-05, 0.0004544, 0.0002676, -9.8e-06, 0.0002072], [0.0001478, 0.0004362, 4.28e-05, 0.0006708, 0.0005466, -1.0, 0.0003882, 0.000613, 0.0004174, -0.0004558, 4.76e-05, 0.0001036, -0.0002384, 0.00026, -0.0004166, 0.0004548, 0.0001372, 0.0005082, 6.24e-05, 0.0002464, 7.7e-05, 3.04e-05, -0.0002964, -0.0001378, -0.0004044, 4.38e-05, 0.0002396, -0.0007996, -0.0001584, -0.0001718, -0.0001454, -0.000329, 6.4e-06, -0.0002702, -0.0001302, 0.0005336, -4.16e-05, 4.2e-05, -0.000334, 0.0002994, 0.0004218, 3.7e-05, -7.96e-05, 0.0001642, -9.3e-05, -1.46e-05, 6.36e-05, 4.8e-06, -0.0002204, 0.0002562, 0.0002292, 0.0006592, 0.0003258, -0.0001358, -0.000157, 0.000134, 0.0004298, 0.0002218, -3.94e-05, -2.62e-05, 0.0004168, -0.0001816, -3.02e-05, -0.0001676, -9.76e-05, -0.0002848, -0.0001276, 0.000202, 5.96e-05, -0.000196, 0.0002242, 0.0008874, 0.0001242, -7.52e-05, -0.0002342, -3.28e-05, -0.000246, 0.0001318, 0.000406, 0.0009042, 0.0002574, -0.0004306, 4.42e-05, 0.000608, -1.32e-05, -0.0001894, 0.0003848, 0.000544, 0.0002246, -0.0001656, 0.0001442, 0.0006984, 7.86e-05, 0.0006574, 0.0004288, 0.0003238, 0.0002504, 0.000156, 0.0003744, 0.0005844, 0.0002876, -0.0002758, 0.0004804, -5.68e-05, 3.98e-05, 0.0003912, -6.5e-05, -0.0004578, -0.0004434, 0.000458, 0.0002792, -0.0007434, 0.0001312, 0.000181, 0.000355, 0.000457, 1.78e-05, 0.000517, -0.0006526, 0.000545, -0.0001144, 5.2e-06, -0.0005018, -0.0003232, 0.0001202, 5.2e-06, -0.0001142, -0.0005028, -3.22e-05, -0.000164, -2.98e-05, -0.0004786, -9.14e-05, 0.0002922, 2e-06, 5e-06, 2.86e-05, 9.12e-05, -0.0004038, 1.12e-05, -0.0, -0.0005202, -0.000564, -0.0001388, -0.0003254, 0.0001338, 0.0002392, 5.3e-05, 0.00022, 0.0003126, -0.0001772, 0.000192, -0.0001914, 0.0004148, 5.4e-06, 6.6e-05, 0.0003954, -0.0002088, -9.26e-05, 0.0001368, -0.0003418, 6.8e-05, -0.0002832, -0.0001906, 2.72e-05, -7.6e-06, 0.0001462, -0.0003732, -2.24e-05, -0.0004758, 7.8e-05, 3.98e-05, 0.0004056, 0.0002316, 0.0002954, 0.0001584, -0.0003424, 9.6e-06, -0.000113, -0.0005758, 9.3e-05, -5.28e-05, -0.0003064, 0.000405, 0.0001306, 0.000522, 0.0005028, 1.02e-05, -2.6e-05, -2.14e-05, 0.0001206, 0.0002682, -0.0001274, 9.62e-05, -0.0003988, -0.0004396, -4.66e-05, 0.0002258, -0.0001444, -0.0002214], [2.12e-05, 3.52e-05, -0.0005326, 0.0001122, -6.52e-05, 0.0003882, -1.0, -0.0002124, 0.0003936, 0.0002592, -0.0002026, -0.0001786, -0.0003618, -6.62e-05, 0.0001228, -0.0002042, 0.0002058, 0.0008236, -8.46e-05, 0.0001146, 0.00037, -0.0004866, -0.0001534, -0.00064, -0.0001522, 0.0004904, 0.0002162, -0.0004278, -0.0002178, -0.0004488, 3.6e-05, -0.0002916, -0.0002226, -0.0003972, -0.0003396, 0.0002978, 0.0002538, -0.0001922, 3.82e-05, -8.52e-05, -0.0004632, 0.0003992, -0.0001034, 0.0004504, -0.0001592, 0.00012, 0.000183, -8.66e-05, 0.0001934, 1.6e-05, 0.0002798, -0.0004478, -0.0005224, 0.0003764, 0.0001656, 0.0010758, 0.000796, -6.28e-05, -0.000212, -0.0002556, -0.0004978, -0.000159, -0.0004568, 9.86e-05, -3.38e-05, -0.000263, 0.000225, 0.000435, -0.0003418, -0.0004334, -0.0002524, 0.0003624, 0.0003788, 0.000101, -0.0002372, -7.62e-05, 0.0001078, -0.0004164, -0.0001894, -0.0001632, 0.0007024, 0.0001592, 1.32e-05, 0.0003914, 5.18e-05, 0.0007428, 0.0002262, -0.0004782, -0.0003336, -0.0001434, -0.0001064, 0.0002826, -0.0002984, 7.6e-06, -9.34e-05, -0.0004304, -0.0003078, 0.000177, 6.78e-05, -0.0002486, 8.78e-05, -0.0003028, 0.0006138, -3.54e-05, 4.6e-05, 0.000653, 0.0001048, -0.00056, 4.16e-05, 0.0001966, -6.14e-05, 0.0004496, -0.0004622, -5.48e-05, -0.000612, -0.0001348, 7.72e-05, -2.6e-05, 5.2e-06, -1.12e-05, 0.000175, -0.0004482, 0.0002572, 0.000213, 0.000496, 0.0003102, -0.0003088, -0.000159, -0.000168, -0.000215, 0.0003532, -0.0004288, -0.0002952, 8.64e-05, -9.98e-05, 0.000496, -0.000168, -9.18e-05, -0.000122, -0.0004778, -0.000357, -0.0005628, 0.000401, 0.0002594, 0.0001144, 8.16e-05, -0.0003914, -8e-06, 0.0002386, -0.0002408, -2.82e-05, 0.0004722, 4.84e-05, 0.0005526, -0.0005836, -0.000185, 0.0004596, -0.000105, -1.2e-06, -0.0003074, -3.6e-05, -3.94e-05, -0.0003778, -0.0004568, -0.0002486, -0.000123, -0.000808, -0.000169, -1.34e-05, -0.0007312, 0.0004794, -0.0007392, -0.0006698, -0.0001302, 6.6e-05, -2.3e-05, -0.0002534, 0.000381, 0.0003256, 0.0004536, -7.36e-05, -0.0003382, -0.0002634, -0.0002644, 0.0003736, -0.000537, 0.0003026, -0.0003492, 7.8e-06, -0.0001324, -0.000222, -0.0003052, 8.04e-05, -0.0002552, -0.000177, -0.0001158, -3.72e-05, 0.000178, -8.2e-06, 0.0001668], [-0.000478, 0.0003, 0.0002546, 9.26e-05, -0.000486, 0.000613, -0.0002124, -1.0, -1.8e-05, -1.88e-05, 0.0006758, -0.0003054, 8.38e-05, 0.0001558, -4.52e-05, -7.22e-05, -0.0003882, -0.0001456, 8.42e-05, 0.0003666, 0.0004152, 0.0002798, 6.62e-05, 8.28e-05, -0.0004446, -0.0001856, -0.000173, -2.06e-05, -1.58e-05, -0.000144, -0.0001692, -3.6e-06, 0.0004298, -0.000416, -8.76e-05, -0.0001434, -0.0002594, 1e-06, 5.58e-05, -0.0004344, -0.000278, -8.4e-05, -0.0001962, -0.0004232, 8.32e-05, -9.2e-06, -0.0002434, -0.0003886, 5.38e-05, 4.28e-05, -0.0003082, 4.94e-05, -0.0001724, 0.0001652, 0.0004356, -0.0002578, -0.000536, -0.0002192, -2.12e-05, 0.0003316, -0.0002754, 0.0002066, -0.0001276, 0.0001134, 0.000727, 0.0002154, -6.42e-05, 0.0005178, -0.000447, 9.3e-05, -3.48e-05, -0.0001048, -0.0001124, 0.0005366, -0.0003512, 0.0002446, 0.0003122, 0.000132, 0.0002534, -2.88e-05, 9.36e-05, -0.0004904, 0.0001756, -6.3e-05, 0.000145, -0.0002208, -0.000201, 0.0003174, -0.0002752, 0.0004402, -0.0001428, -0.0003922, -0.0001312, 0.0001248, 0.0002014, 0.0002384, -0.0003854, -0.0003562, 0.0002778, -0.0004426, 7e-06, -0.0002592, -0.0003366, -7.22e-05, -0.0002532, -0.0007002, 0.0002844, 0.00035, 0.0001408, 0.0001198, 0.0002426, 0.0008016, 0.0002186, -5.76e-05, -0.000332, 0.0002976, -0.0002852, 0.0002776, -0.0002524, 0.0001256, 0.0003614, 0.0007582, 0.0001408, 0.0004366, 5.04e-05, 0.000325, 0.0001024, -0.0003182, -0.0006544, 0.0001434, 1.6e-05, -0.0002804, -0.0002928, 0.0002468, -0.0004614, -0.0004976, 0.000338, -0.0004918, 7.08e-05, -0.000517, -8.98e-05, 0.0001256, 0.000667, -0.000285, 0.0001928, 0.000592, -0.0003558, 5.8e-05, 0.0002098, -0.0001268, -5.66e-05, -0.000577, 0.0005264, -0.0001562, -0.0004668, 1.8e-06, -0.0004772, 0.0001822, 0.0001348, 0.0002034, 0.0002248, 0.0001582, 2.7e-05, -0.000664, 0.0003198, 0.0005046, -0.0002524, 0.0002482, -0.0005126, -0.0004576, -3.4e-06, -0.0001784, -0.0003534, 0.000145, 0.0006608, -0.0001106, -0.0003994, -6.9e-05, -0.0006736, -0.0003884, 5.28e-05, -0.000151, 0.0004326, -0.0005296, -0.0002312, 0.0001466, -0.0001002, 4.48e-05, 0.0002586, 0.00039, 0.0001216, -0.0004324, -2.28e-05, -7.96e-05, 0.0002154, -2.06e-05, 0.0004444, -0.0001172, 0.0006758, 9.36e-05], [8.96e-05, -0.0001492, -0.0002298, 0.0004434, -0.0003448, 0.0004174, 0.0003936, -1.8e-05, -1.0, -0.0003028, 0.0002382, 0.0001538, -0.0005854, 5.4e-06, 0.0001244, 0.0002714, -0.0004118, 0.0003044, 0.0007826, 3.78e-05, -0.0002036, -0.0003062, -0.0004174, 3.8e-05, 0.0001006, 0.0002228, -0.0001814, 0.0001366, -0.0003178, -0.0006296, -5.16e-05, 9.4e-05, 1.22e-05, 5.2e-05, 0.0002368, -5.3e-05, -6.7e-05, -0.0003262, 0.0002734, -9.92e-05, 0.0003208, 6.6e-05, 0.0006314, -0.0006184, -1.08e-05, -0.0001756, 0.000359, 0.000193, 0.0002594, 0.0005192, -0.0001106, -0.0003946, -0.0001216, -0.0003256, -5e-05, 2.9e-05, 0.0004588, 0.0004188, 4.04e-05, 0.0001204, 6.06e-05, 0.0001106, 9.92e-05, 0.000187, 0.0001198, 0.0010814, -0.0007422, 5.22e-05, -0.0002054, -0.0003634, 0.0002472, 0.000278, 0.000332, 0.0008894, 0.000546, 0.0001634, -1.26e-05, 2.56e-05, -0.0004782, 0.0002224, -0.0002548, 0.0003636, 8.12e-05, 4.74e-05, 0.000477, -1.24e-05, 0.0004666, 0.0001886, 3.72e-05, 0.0001586, 7.52e-05, -0.0001202, 0.000464, -0.0005192, 0.000707, 0.0006016, -0.0002458, 2.66e-05, -9.5e-05, 0.0001994, -8.82e-05, 0.0001196, -2.38e-05, -0.000237, 0.0001444, 0.0001926, -0.000152, 7.04e-05, 0.000276, 0.0001414, -6.94e-05, -0.00031, -0.000195, 0.000612, 0.0001, -0.0002044, -0.0002696, 0.000916, 0.0007476, -0.0005652, 0.000129, -0.0001446, -0.0002528, 0.0004578, -9.6e-06, 4.82e-05, 0.0005688, -0.0001438, 0.0004884, -8.3e-05, -3.04e-05, 0.0005876, -0.000548, -4.92e-05, -0.000719, -0.0001808, -0.0004544, 0.0003846, 0.0003396, -0.0001902, 0.0005602, 0.0002144, 0.0004842, -0.0001062, 0.0003192, 9.96e-05, -0.000335, 0.0001528, -4.54e-05, 4.84e-05, -0.0005358, 1.62e-05, 0.0004516, -0.0007422, 0.0003272, -0.0005474, 2.28e-05, -0.0003178, -3.6e-06, 0.0001598, 8.48e-05, 0.0001658, -0.0001422, -0.0001776, -0.0001206, 6.06e-05, 0.0002008, -0.000111, 0.0003442, 0.0005532, -0.0001282, -0.0004452, 0.0001538, -0.0003826, -0.0003036, 0.0003546, 2.7e-05, -0.000143, -0.0002696, 0.00045, -3.96e-05, -0.0005874, -7.02e-05, -0.0005028, -3e-05, 7.86e-05, 0.000159, -0.0002272, -2.78e-05, -0.0005084, 0.0006088, -0.0003408, -0.000134, -0.000196, -0.000183, 0.0003362, 0.0004368, 6.88e-05, 0.000817, 0.000344], [-3.44e-05, -0.0002156, 0.0001938, 0.0003562, 0.0001864, -0.0004558, 0.0002592, -1.88e-05, -0.0003028, -1.0, 0.0004426, 0.0005194, -0.000635, 0.0007642, -0.0002264, 0.000155, -0.0001402, 0.0001964, -0.0002102, 0.0006102, 0.0002384, -0.0004802, -0.0001538, -0.00023, -6.9e-05, -0.0001172, 0.0003714, 0.000147, 0.0002462, -0.0002044, 0.0005572, 0.0005636, -0.0006054, 0.0002244, 2.64e-05, -0.0001526, 7.22e-05, -0.000343, 0.0001274, 0.0002068, -0.0007388, 0.000448, -0.0003746, -0.0001188, -0.000224, 0.0005932, 0.000289, 2.42e-05, -0.0001438, 0.0001044, -4.9e-05, -1.26e-05, -0.0004828, -0.0002368, -0.0002056, 0.0003626, -0.0003, 0.0006648, 0.000344, -0.0002388, -0.0002562, -0.0003506, 0.0002448, -0.0002002, 7.9e-05, -0.000661, -2.18e-05, 0.0001834, -0.0001094, 0.0006106, 0.0002668, 0.0001976, 5.32e-05, -6.46e-05, -0.0001888, -0.0004554, -0.0006862, -0.000206, 0.0003374, 0.0001048, 7.64e-05, 0.000222, 0.0001584, -0.0001066, -0.0003166, 7.88e-05, 0.000479, 0.000343, -4e-06, 0.000423, -6.44e-05, -0.0004754, 1.32e-05, 0.000168, -0.0001482, 6.12e-05, 0.0003482, -0.0002466, 9.82e-05, 9.3e-05, 0.0005422, 0.0003016, -0.0003594, -0.0003102, -0.0003908, -0.0002262, 7.84e-05, -0.0002532, 0.0004412, 6.34e-05, 0.0003698, -0.0003156, 0.0001746, -0.0003064, 0.0001308, 5.72e-05, 0.0005492, 5.96e-05, 0.0002212, -9.12e-05, -0.0002218, 0.0001822, 0.0002852, 0.0002566, -0.000266, -0.0003226, 0.0002516, -2.98e-05, -7.28e-05, 0.0004358, 0.0005736, -4.32e-05, 0.0004208, -0.0003236, 0.0001502, 0.000516, 0.000254, 9.3e-05, -3.52e-05, 5.58e-05, 4.6e-06, -2.36e-05, 2.42e-05, 0.0003026, -0.0001652, 9.2e-06, 0.000727, -0.0001972, 0.0003718, 0.0001512, -0.0004182, -0.0006234, -0.0001248, 0.000513, 0.0001104, -0.0002454, -9.92e-05, -0.000241, -0.0005652, 0.0007786, 0.000534, -8.86e-05, 0.0002858, -0.0002196, -0.0003902, 0.0001578, -0.0001596, -0.0007954, 0.0005026, -0.0002156, 0.0003142, -0.0001744, -9.38e-05, -0.0003626, 0.0002564, 0.0002682, 6.2e-06, -0.0003714, -8.68e-05, 0.0001124, -0.000454, 6.6e-06, 0.0005218, -0.0004136, 6.56e-05, -0.0001054, 0.0001126, 4e-05, 0.0002558, 4.96e-05, 5.44e-05, -0.0003556, 0.0008892, 0.00019, 0.0001914, 0.0008414, 0.0005688, -0.0001316, 0.0004246, 0.000654], [-3.58e-05, -0.000505, -6.6e-05, -6.12e-05, 0.0001266, 4.76e-05, -0.0002026, 0.0006758, 0.0002382, 0.0004426, -1.0, 6.72e-05, 0.0001472, -5.48e-05, -0.0002446, 0.0003516, 6.52e-05, 2.3e-05, 0.0002, 8.32e-05, -0.0001966, 0.0004664, 9.44e-05, -0.000109, 0.000128, -0.0004962, 0.0002868, 0.0004876, 0.000634, -6.74e-05, -0.0003074, 0.0001422, -0.0001344, -9.34e-05, 0.0002774, -0.0003912, 0.0002164, 0.0001048, -8.4e-06, -0.0003682, 0.000173, 0.0001442, 0.0005452, -5.7e-05, -0.0001886, -0.0003358, -8.48e-05, -0.0001608, -0.0001332, 0.0001614, 0.0002664, -0.0005572, -0.000193, 0.0002438, -0.0002218, 8.4e-06, -0.0003438, -7.1e-05, 0.0001454, 0.0003158, 0.0005244, -0.0003956, 0.000405, 0.00016, 0.0001432, 0.0003192, 8.52e-05, -0.0001364, -8.6e-05, -0.0003032, 0.0001814, 0.0003374, -7.5e-05, 0.0003652, -0.0001526, 3.48e-05, 0.0001152, 0.0004698, -5.68e-05, -0.000241, 0.000241, -0.0001286, -0.0001894, 0.0003688, 0.000546, 0.0001894, -8.68e-05, 0.000466, -0.0007282, -0.0004996, 0.0001702, 0.0001964, -0.0005278, 0.0002758, -0.000396, -0.0003078, -0.0002472, 0.0004936, 0.0007416, 0.0005656, -0.0005432, -0.0004698, 5.48e-05, 0.0002696, 9.18e-05, 0.0002768, 0.0002582, 0.0005258, 0.0003922, 0.0008172, 1.64e-05, 0.000133, -0.0004084, -0.0007046, 0.0001462, -0.0001974, 0.0001038, -0.0001898, 0.000201, 0.0001518, 2.8e-06, -0.0003292, 0.0003474, 0.0001268, 0.0001618, 5.76e-05, 0.0003982, -0.0005612, -0.0003934, 0.0004588, -0.0001442, 0.000185, 0.0003518, 0.0001278, -1.52e-05, 0.0001258, -4.18e-05, -0.0001412, 0.000427, 0.0005396, 5.4e-05, -0.0001474, 0.0001896, 0.0004852, -0.0002562, -3.78e-05, -0.0004828, -0.0001662, -0.000192, 0.0001822, -0.0003008, 1.28e-05, -0.0002934, 0.000162, 0.0001238, -0.0004344, 0.000319, 0.0002032, -3.9e-05, 0.0006336, -0.0002814, 0.0006484, -0.0001216, -0.000241, -0.0001036, -0.0004188, -0.0001334, -7.76e-05, -8.6e-05, 0.0006478, 0.0002496, -0.0002986, -4.56e-05, -3.24e-05, 6.98e-05, -0.0001244, 8.84e-05, 0.0003412, -9.38e-05, 0.000381, 0.0001534, -0.0001016, 0.0004412, -7.7e-05, -0.000161, 1.24e-05, 5.04e-05, 4.74e-05, 0.0002444, -0.0006198, -0.0003854, -0.0005522, -1.7e-05, 0.000205, 0.0001628, -0.0002952, -0.000259, -0.0002042, 0.000298, -0.0004646], [-0.0001006, -0.0001138, -8.6e-05, 7.76e-05, -6.9e-05, 0.0001036, -0.0001786, -0.0003054, 0.0001538, 0.0005194, 6.72e-05, -1.0, -6.88e-05, 0.000318, 5.7e-05, 5.2e-06, -7.4e-05, -0.000365, -8.64e-05, 5.6e-05, 0.0003818, 0.000176, -4.16e-05, -0.0001666, -7.68e-05, -0.0002142, 0.0003416, -0.0007372, 0.0003884, -0.0002418, -0.0004362, -0.000131, 0.0001308, -0.0001138, -0.0001926, 0.0002008, 8.56e-05, -0.0007304, -0.0004084, -0.0004806, 0.0001606, 0.000259, -0.0002348, 0.0002034, 3.98e-05, 0.0004498, -0.0002308, 0.0002956, 9.96e-05, 0.0001614, 0.0005536, 6.48e-05, -0.0001954, -0.000237, -0.0006018, -3.88e-05, 0.0001254, 0.0004858, 0.0001554, 0.0003902, -0.0001284, -3.48e-05, 6.3e-05, -0.0006072, 0.0006148, 0.0002532, 0.0003968, 8e-06, -0.0003612, -0.0001636, -0.0002974, -5e-06, -0.0001802, -0.0003628, -0.0001798, 0.0004648, -0.0001876, 0.000641, 0.0002896, -0.0006766, -0.000591, 0.0002406, -9.7e-05, -0.0002488, 0.000368, 0.0005834, -0.000498, -3.04e-05, -0.0003626, -0.0002304, 0.0002382, 1.48e-05, -0.0003506, -3.18e-05, 0.000562, 2.62e-05, -6.88e-05, 0.0002268, -1.92e-05, -0.0001236, 0.000674, 0.0004198, -0.0003284, -0.0003028, -0.0004198, 0.0002108, -4.74e-05, -9.1e-05, -0.000303, -9.28e-05, -1.44e-05, 2.2e-06, -0.0008276, -9.4e-06, -0.000363, -0.0002606, 0.0002454, 0.0001622, 0.000191, -2.62e-05, -0.0007584, 0.0001092, -0.0004254, 0.0001728, -2.22e-05, 0.0002072, 0.0001862, -5.2e-06, 8.9e-05, 0.000372, 9.5e-05, 0.0001946, 0.000185, -0.0001142, -0.0002708, -8.6e-06, -0.0003594, -0.0006764, -0.0004186, 2.04e-05, 0.0005588, -0.0002198, -0.0005596, -0.0006868, -0.0001042, 0.0002486, 2.68e-05, -0.0003142, 0.0002124, -0.0002074, 6.88e-05, 8e-07, 0.0006814, -0.0001652, -4.42e-05, -0.0001216, -0.000375, 0.0001444, 3.02e-05, -0.0001256, -5.3e-05, -0.0001036, -0.0002584, -0.0005338, -0.0001024, -0.0001032, 0.0001686, -0.0002096, -0.0006708, 1.06e-05, -0.0007072, -3.02e-05, -0.0003108, -0.0007284, 8.22e-05, 0.0005856, 0.0006304, -8.04e-05, 0.0003026, -0.0002178, 0.0004402, 6.56e-05, -0.0002184, 0.0007414, -0.0003502, -7.44e-05, -0.0006052, 8.5e-05, -0.0004652, -0.0003522, -5.34e-05, 3.1e-05, -6.22e-05, -0.0001194, -0.0004228, 0.0002832, -1.7e-05, -0.0001498, -0.0001872, -0.000303], [3.06e-05, -0.0001462, 0.0007616, 0.0003516, 0.0003378, -0.0002384, -0.0003618, 8.38e-05, -0.0005854, -0.000635, 0.0001472, -6.88e-05, -1.0, -0.0001224, -0.000181, -0.0004192, 0.0003172, -0.0002006, -0.0001792, 0.0003248, 0.0005046, 0.0002024, 0.0001724, 0.0002594, 0.0001364, -0.0001046, 0.0005108, -0.0001592, -0.000336, 6.18e-05, -0.0005782, -0.0002182, -0.0001276, -0.0002618, 7.74e-05, 7.8e-05, -3.8e-05, 0.0003836, -0.0001156, 0.0001122, -0.0001094, -5.86e-05, -7.16e-05, -0.000137, -0.0003806, -0.0002074, -0.0010676, 0.0006264, 8.32e-05, -5.34e-05, 0.00026, -0.0006644, -1.02e-05, 8.34e-05, 0.000307, -0.0007836, 0.0002138, -0.000197, 8.86e-05, 0.0002214, -0.0001704, -0.0004176, 0.0002606, 4.56e-05, 4.68e-05, -3.6e-05, 0.0005908, 7.08e-05, -0.0006816, -0.0003796, -0.0003602, -0.000109, 0.000429, -0.000184, 0.0004706, 0.0004724, 9.12e-05, 0.0006254, -0.0003132, 0.0003482, 4.26e-05, -6.82e-05, -0.0002558, 0.0001024, 5.44e-05, 0.0002438, 0.000318, -0.0001592, -0.000265, -0.0002596, -0.000687, 5.6e-06, -0.0001582, 0.000447, -0.0002416, -0.0001498, -0.0002436, 8.16e-05, 0.0004772, -4.32e-05, -6.76e-05, -0.0004006, 5.4e-05, 0.000582, 0.0002018, 0.0001416, -0.000535, 0.0006362, -0.0001374, -0.0002952, -0.0002932, 0.000251, -0.0005668, -0.0003694, -0.0001962, 2.22e-05, 9.9e-05, -0.0003046, 0.0005542, 5.14e-05, -0.0001456, -1e-05, -0.000331, 0.000436, -0.000579, 0.0002408, -7.54e-05, -0.0002064, -0.000287, -0.0002536, 6.06e-05, 0.0004426, 2.46e-05, 0.0001722, -0.000162, 0.0001586, 0.0005318, -0.0001012, 0.0001806, -0.0001032, -0.0003192, -0.0004774, -0.0004232, -0.000376, -0.0001202, 0.0003414, 0.0003496, 0.0002478, -0.0002204, -0.0002226, 1.08e-05, -5.84e-05, 2.06e-05, 0.000206, 0.0003026, -9.16e-05, -9.54e-05, -0.00055, 0.0001438, -2.08e-05, 0.0004094, -0.0010232, 0.0002328, 0.0002562, 0.0001772, 0.000486, -0.0002238, 0.0002424, 0.0001216, -4.26e-05, 0.0002652, -9.9e-05, 0.0001092, 0.0002588, 0.000359, 0.0001592, -0.000496, -0.000194, -0.000345, 7.82e-05, -0.0002678, -0.000248, -0.0, 0.000137, 0.0003838, -0.0006536, -0.0003756, 2.06e-05, 0.0001572, 0.0001754, -0.0002546, -7.3e-05, 0.0005542, -9.38e-05, 0.0006452, -0.0001424, 0.0003034, 9.7e-05, 3.08e-05, 2.2e-06], [0.000177, -0.0004374, -0.0005176, 0.0003132, 0.0002446, 0.00026, -6.62e-05, 0.0001558, 5.4e-06, 0.0007642, -5.48e-05, 0.000318, -0.0001224, -1.0, 2.66e-05, 0.0002292, 0.000246, -0.000303, 0.0001904, -0.0001492, -6.5e-05, 0.0003212, -0.0001656, 0.0001438, 0.0002004, -0.0002714, -0.0002248, -0.0005844, 0.0001672, -0.0001314, -0.0003578, 1.3e-05, -1.6e-05, -0.000373, -0.000265, -0.0003972, -0.0001624, -0.000624, 0.0001512, -0.0002138, -3.22e-05, 8.7e-05, 1.2e-05, 0.000241, 9.74e-05, 2.9e-05, 0.000258, -0.0003872, 0.0001216, 0.000165, -0.0002024, -0.0005724, 0.0004818, -0.0001762, -2.74e-05, -2.84e-05, -0.0007218, 0.0001314, 0.0002846, 2.86e-05, 0.0002144, -0.0005156, -0.0005046, -9.2e-05, -0.0005032, 5e-05, 0.0001164, -0.0002628, -0.0004648, -0.0002604, 0.0005778, 8.6e-06, 0.0002446, -0.0001304, -0.0003774, 0.0002332, 0.000592, 0.0004882, 2.6e-05, 0.0002598, 0.0002278, 0.0001634, -0.000159, 0.000128, 0.0003196, 0.0005278, -0.0002376, -0.0005748, 0.000313, 0.000168, 7.7e-05, -0.0001844, 0.000115, -0.0002074, -0.0008192, -3.26e-05, -0.0005496, -6.16e-05, 0.0004192, -7.72e-05, -0.0001748, -0.0005922, 0.0008556, -0.0001476, -2.98e-05, 2.8e-06, 0.0002138, -5.1e-05, -0.0002114, 4.4e-06, 0.0001184, -0.000811, 0.0004356, 7.58e-05, -0.0003874, 0.0003662, 0.000133, 0.0001398, 4.2e-06, -0.000139, -0.0001036, 0.0005076, 0.0001446, -0.0006752, 0.0007162, 0.0005088, -0.0001638, -0.000734, -0.0001118, -5.2e-05, 0.0005222, -0.0001202, 0.0002022, -0.000713, -0.0005584, 8.66e-05, -0.0007422, 0.0006072, 0.0001002, -0.0005564, 0.000212, 5.38e-05, 0.0006632, 0.0002536, -9.42e-05, 4.38e-05, 0.0008796, 3.26e-05, 3.24e-05, 0.000471, 0.0003776, -0.0006424, -0.0002238, 0.000796, -0.0002486, -6.48e-05, -0.0002694, -0.000284, 0.0002286, -0.0003092, 1.7e-05, 0.0001108, -7.48e-05, 0.0002398, -0.000122, 0.0001304, 0.0003066, -0.0001096, 0.000152, 0.000257, -0.0002584, 0.000199, -6.04e-05, 0.0001384, -4.86e-05, 5.32e-05, -0.000126, 0.0005284, -3.86e-05, 0.0001582, 0.0004586, -0.0001388, -0.0001936, -0.0001886, 0.0001662, -0.0003584, -0.0001772, -0.0003006, 0.000682, -0.0002994, -9.78e-05, 0.0001074, 5e-06, -0.0004426, -0.0002056, -0.0004124, -8.26e-05, 1.3e-05, -2.08e-05, 0.000577], [0.0003116, 0.0003176, 0.0001622, -0.0003122, -4.44e-05, -0.0004166, 0.0001228, -4.52e-05, 0.0001244, -0.0002264, -0.0002446, 5.7e-05, -0.000181, 2.66e-05, -1.0, 0.0003038, -0.0001758, -1.44e-05, -0.0001994, -1.14e-05, -4e-07, -9.7e-05, 9.22e-05, -0.0004532, 7.98e-05, -0.000186, -9.58e-05, -0.0003366, 0.0001094, -0.0002684, 0.000208, -0.0005396, 0.0004046, 0.0002396, -0.0001652, -1.22e-05, -2.14e-05, 0.000369, -7.74e-05, -4.88e-05, 0.0006112, -0.0001968, 0.0002962, 0.0002184, -0.0004672, -0.0001692, -0.0004562, -0.000515, 7.34e-05, -0.0002008, 0.0003058, 0.000193, -5.84e-05, -0.0002804, 2.4e-06, -0.0002594, -2.56e-05, -1.76e-05, 0.000236, 0.0001232, 0.0006718, 0.0002834, 3.84e-05, -0.0005018, 0.0007358, -0.0004598, 0.0005698, -6.18e-05, -0.0005394, 0.0005662, 0.0004384, 0.0001996, 0.0002004, -0.0002118, -0.0005124, -0.0003058, -0.000257, 0.000412, -0.0003694, -9.68e-05, 3.68e-05, -0.0001312, -0.0005744, 7e-06, 0.000591, -0.0001248, -0.0006378, -0.0003886, -0.0006224, -0.0003414, -3.76e-05, 0.0003042, -0.0001604, 1.2e-06, 0.0001334, 0.000362, -5.38e-05, 0.0001258, 5.82e-05, -4.3e-05, -6.66e-05, -4.68e-05, 0.0002842, -0.0004958, -0.0001376, -0.0002646, 0.0001244, 0.000292, -0.0003336, 6.2e-06, -3.62e-05, -1.2e-05, 5.46e-05, -0.0002044, -0.0001188, -0.000248, -0.00034, 0.0001688, 0.000122, 2.36e-05, 4.54e-05, 0.000125, -0.0001452, 5.18e-05, -3.4e-05, -0.000661, -0.000538, 0.0001774, -0.000626, -0.0001074, -0.0003584, 7.44e-05, 8.6e-05, -0.0003956, 0.0003062, 0.00011, 0.0006628, 0.0005166, -0.000178, -0.0002014, -0.0002906, 0.000656, 0.0003986, 0.0004506, -4.96e-05, 4.92e-05, -0.000197, -0.0001856, 0.0005458, -0.0002172, 0.000121, 4.42e-05, -0.0003688, 4.26e-05, -3.76e-05, -0.0001762, 0.0007736, 6.62e-05, 0.00059, -0.0003082, -0.0001936, -0.0003578, -0.000397, 0.00024, 0.000207, 0.0001806, 0.0002024, -3e-06, -2.34e-05, 0.000246, 2.06e-05, 0.0006364, -0.0004218, -0.0002234, -0.0003544, 0.000495, 0.0003442, -0.0001054, -0.0001432, -9.2e-05, 0.0002384, 0.0003458, 0.0001286, 2.96e-05, -0.0001884, 0.0003646, 0.0001502, -0.00022, 9.3e-05, 0.0003296, 0.0001344, -0.0003, 0.00043, 0.0001748, 0.000363, -0.0001358, -0.0001052, 0.0002352, -0.0004282, 7.88e-05], [-0.0004918, -0.0002738, 0.000404, -0.00042, -8.86e-05, 0.0004548, -0.0002042, -7.22e-05, 0.0002714, 0.000155, 0.0003516, 5.2e-06, -0.0004192, 0.0002292, 0.0003038, -1.0, 0.000116, 6.1e-05, 0.0002616, -4.32e-05, 0.0002038, 4.4e-05, 0.0001744, 0.0003042, 0.0001356, -3.58e-05, 0.00012, 0.0003828, 0.0002132, -7.9e-05, 0.0001694, -0.0002486, -0.0001664, -6.46e-05, 3e-06, -0.0004176, -0.0006412, 0.0001136, -0.0004552, 0.0001098, 0.0001834, 9.5e-05, -0.0003064, -0.0002542, -0.0002302, -0.000735, -0.000366, -0.0004352, -0.0002712, -0.0001378, 0.0002392, 0.0001064, 0.000161, -0.0002662, 7.66e-05, -0.0001956, 7.74e-05, 0.0006738, -0.0007982, 0.000639, -0.0001788, -0.0003548, -9.82e-05, 0.0001592, 0.0001312, -0.000158, 8.6e-05, 2.36e-05, -0.0006016, -0.0004692, 0.0002766, -0.0004218, -0.0001062, 8e-07, 0.0005458, -0.0001788, 0.0002792, -0.0003402, 0.0001296, -0.000141, -0.0001294, 3.18e-05, 0.0002834, 5.6e-05, 0.0001308, -0.0002054, 0.0001444, 0.0002856, -0.0001174, -0.0003968, 0.0003302, 0.0001468, 0.000405, -0.000119, 2.8e-06, -8.14e-05, -2.04e-05, -3.72e-05, -0.0003856, 0.0005336, -0.0003692, 0.0002734, 0.0003252, -0.000478, -0.000103, -0.0001296, -0.0001454, -5.06e-05, 0.000213, -3.96e-05, -0.000496, 0.0001234, 0.0002016, 6.06e-05, 0.0002286, 0.000179, 0.0001538, 9.78e-05, -0.0002262, -0.0001474, 0.0007788, 0.000222, 0.0003342, -0.0003568, -0.0001058, 0.0003272, -0.000707, 0.0007, -3.94e-05, -0.0002684, 0.000167, -0.0006814, -1.94e-05, 0.0002006, 0.000358, -0.0006122, -0.0001838, -4e-07, 2.3e-05, -9.68e-05, -0.0005404, -3.02e-05, -0.0002784, 0.0001828, 0.0001662, 0.0003178, 0.000188, 0.0002166, -0.000342, 5.74e-05, 0.0003588, 4.8e-05, -0.0003098, -0.0001464, -0.0001134, -0.0001908, -5.3e-05, -0.0002532, 0.000407, -1.16e-05, 0.0002178, 0.000246, -7.6e-06, 0.0003782, -0.0006284, 0.000146, -0.0002626, 0.0005848, 0.000618, -0.0002098, 9.16e-05, -0.0002934, 0.0004808, -7.36e-05, 6.42e-05, -0.0002328, -0.0002908, 0.0001096, 0.0002738, 0.0001398, 1.58e-05, 6.08e-05, 0.0001784, 2.06e-05, 0.0002046, 0.000544, 0.0002324, 9.02e-05, -0.0001752, 0.0006338, 0.0003462, -5e-06, 0.0004674, -5.26e-05, -0.00064, -3.4e-05, 0.0003734, -7.02e-05, -9.92e-05, -0.0001062], [-0.0002962, 0.000487, -0.0003952, 0.000222, 0.0002558, 0.0001372, 0.0002058, -0.0003882, -0.0004118, -0.0001402, 6.52e-05, -7.4e-05, 0.0003172, 0.000246, -0.0001758, 0.000116, -1.0, 8.02e-05, -0.0004376, 2.88e-05, -0.0001638, -0.0001168, -0.0002872, 0.0006154, -7.92e-05, 0.0001726, -0.0002756, -0.0004464, -4.36e-05, -0.0002198, -0.0001482, 0.000339, 0.0005112, -8.26e-05, 0.000359, 0.0001532, -3.96e-05, 0.0004536, 0.0004156, 0.0002518, 0.0003302, -0.0007594, 0.00057, -0.0003942, -2e-07, 0.0003578, -0.0001076, 2.24e-05, -6.76e-05, -2.74e-05, 1.04e-05, 0.0001896, -0.0002062, -0.0001542, -5.58e-05, -0.0002644, 9.3e-05, 2e-07, 7.98e-05, 0.0002746, -0.0001904, 0.000292, -0.0002362, -0.0002516, -0.0002048, 0.0001292, 1.36e-05, -0.0001496, -0.0001068, -9.48e-05, 0.0001442, -8.78e-05, -0.000189, -0.0005484, 3.86e-05, -0.000378, -0.0003228, 0.0002806, -0.0002788, 0.0001206, -0.0002458, 0.000359, 0.0001278, 0.0001704, -0.0001856, -0.0002694, -0.0002812, -4.24e-05, -8.22e-05, -0.0006948, -0.0001442, 0.0002172, 0.0003774, -0.0002922, -0.0002264, -6.42e-05, -0.000508, 0.0003, 0.000224, -0.0004804, -0.0004676, -6.54e-05, 0.000116, -0.0002968, 0.0001374, -0.0004384, 0.000221, 0.000317, -0.0005846, 0.0003236, 0.0001712, -0.0004398, 0.0004544, -0.0001706, -0.0001778, -0.0005362, 7.22e-05, -0.000121, -0.0005082, -0.0004974, -0.0005572, -0.0002844, -0.000381, -0.0002108, -0.0001398, 0.0003816, 0.0003918, -0.0001476, 0.000249, 0.0003876, -1.02e-05, 0.0004186, -0.0009414, -0.000107, -0.0001348, -2.46e-05, 3.98e-05, 7.88e-05, 0.0002194, -0.0003696, 9.44e-05, 0.000113, 0.0001772, -0.0001256, 0.0003626, 0.000129, -7.2e-06, 0.000325, 0.0003612, 0.0001898, 0.0003068, 7.56e-05, -0.0002866, -2.36e-05, 0.000453, -0.000342, -0.0001162, -0.0001488, -0.000149, -9.16e-05, 2.7e-05, 8.64e-05, 0.000174, 0.0004542, -0.0009664, 0.0004776, -0.0004122, -0.0003064, -0.0002188, 0.0005082, -0.0001224, 0.0001578, 0.0009084, -0.0003704, -0.0002126, -0.0003084, -0.0001228, 0.0003096, -0.0007454, -0.0001442, 0.0001322, 0.0001172, -0.0001848, -0.0002454, -6.3e-05, -0.0002092, -0.0006116, 0.0004834, -0.0002692, -0.0001426, 0.0004098, -0.0002958, 0.0001134, -0.0002558, -0.0001016, 6.8e-05, -0.0001494, -4.02e-05, -0.0002952, -0.0001202], [6e-06, 0.0002628, 0.0002186, -0.0003966, -0.0001748, 0.0005082, 0.0008236, -0.0001456, 0.0003044, 0.0001964, 2.3e-05, -0.000365, -0.0002006, -0.000303, -1.44e-05, 6.1e-05, 8.02e-05, -1.0, -0.000391, -0.0002422, 0.0001216, 0.0003158, -0.0004062, 0.0005416, 0.000391, -0.0001192, 7.02e-05, 0.0001998, 5.58e-05, -0.0001896, -0.0001004, 0.000132, 9.66e-05, 0.000432, 7.32e-05, -0.0001442, 0.0004358, 0.0001434, 0.0001194, -6.32e-05, -3.36e-05, -0.00027, -0.0002914, -0.0001284, 3.6e-06, -0.0001948, 4.5e-05, 0.0005606, 0.0002082, 0.0003216, -0.0002986, -0.0002526, 5.52e-05, -5.48e-05, 5.8e-05, 0.0003338, -0.0002396, -0.0002168, -5e-05, -0.0003516, -0.0002018, -0.0001714, -0.000184, -0.0002926, -0.0001158, 5.42e-05, -9.46e-05, -5e-06, -7.86e-05, -0.0005918, -5.64e-05, 0.0001156, -0.0001136, 0.0002806, -0.0004092, 6.18e-05, -0.000191, -0.000336, 0.000303, 0.0001884, -0.000158, 6.4e-05, -0.0002652, 0.0001742, -0.0006498, 0.0002712, 8.3e-05, -5.06e-05, -2.8e-06, -0.0002566, -0.000342, -0.0001046, -0.0003952, 0.0003436, -0.0002522, -9.12e-05, -0.0002062, -0.0004426, -0.0003282, -0.0001826, -8.06e-05, -0.0003964, 7.7e-05, -0.0003102, -0.0001688, 0.0003446, 0.0001568, -0.000226, -0.0001228, -0.0001586, -0.000121, 0.0005316, -1.58e-05, 8.92e-05, -0.0001788, -0.0003176, 0.000272, -0.0003344, -0.0001156, -0.0001452, -3.06e-05, -5.8e-06, -0.0001212, 0.0001426, 2.8e-05, -0.0001126, 0.0001812, 0.0001762, 0.000278, 0.0002966, 7.2e-05, 0.0007352, -0.0001264, -0.0001636, -0.0001274, 0.0007112, -0.000102, 0.0002906, -0.000182, -0.0001038, -0.0007674, 0.0002192, 4.94e-05, -0.0004338, -0.0001368, -0.0001756, 0.0004246, 0.0001652, 0.0001706, 0.0004792, -5.54e-05, -0.0001814, -4.64e-05, -3.74e-05, 0.0001236, 0.0004362, 7e-05, 0.0002518, 0.0003364, 0.0005226, -0.0002744, -9.18e-05, -0.0001026, 0.0002244, -0.000139, -0.0002814, 8.08e-05, -0.0003514, 0.0001314, 9.32e-05, 0.0001538, -0.0001748, 0.0004406, -0.0002778, 0.000336, 0.0001918, 0.0005758, -0.0002774, 0.0001568, 5.44e-05, -3.32e-05, 0.0008046, -8.3e-05, -0.0001464, 6.36e-05, -0.0001574, -0.0005074, -2.48e-05, -0.0001178, -0.0005176, 0.0005808, -0.0003064, -9.96e-05, -0.0001968, 0.0003162, -0.0001098, 0.000412, 7.72e-05, 0.0002078, 3.6e-06], [0.0002094, -2.86e-05, 0.000158, -0.0005088, 0.0006422, 6.24e-05, -8.46e-05, 8.42e-05, 0.0007826, -0.0002102, 0.0002, -8.64e-05, -0.0001792, 0.0001904, -0.0001994, 0.0002616, -0.0004376, -0.000391, -1.0, 6.56e-05, 0.0003214, 0.0001732, -0.000178, -2.86e-05, 0.000246, -3.58e-05, 0.0003428, 0.0004332, 0.0004236, 0.000551, 0.0002514, 8.86e-05, 0.000306, -2.14e-05, 0.0001254, -0.0005468, 2.36e-05, -0.0001748, 0.0001896, 0.0002278, 0.0005206, -0.0005966, 0.0003748, 0.0003