{"connections": [[-1.0, -0.005, 0.0046, -0.0008, -0.0038, -0.022, -0.0134, -0.0104, 0.0006, -0.0086, -0.0094, 0.017, -0.0154, -0.0128, 0.008, -0.007, 0.02, -0.0022, -0.0092, 0.0274, -0.0014, -0.0012, -0.0044, -0.006, -0.0056, 0.0136, -0.0094, 0.0082, 0.006, -0.0008, -0.0026, -0.0116, 0.0026, 0.0084, -0.0028, -0.0118, -0.0108, -0.016, 0.0306, -0.001, -0.0138, 0.0086, -0.016, 0.0024, 0.0006, 0.0036, 0.0014, -0.0006, 0.0008, -0.004, -0.0008, 0.0112, -0.013, -0.0088, 0.0014, -0.0156, 0.0014, 0.0024, 0.0092, 0.0062, 0.004, 0.0084, -0.0002, -0.0128, -0.0134, -0.0006, 0.0088, -0.0056, 0.0062, 0.0054, 0.0114, 0.0162, 0.0148, -0.0094, 0.0006, -0.009, -0.0068, 0.026, 0.0118, -0.0026, 0.017, 0.0106, -0.0088, 0.0084, 0.0022, 0.0052, 0.0176, -0.0002, 0.0148, -0.0144, -0.0072, 0.0022, 0.0296, -0.008, 0.0206, -0.009, -0.0058, -0.0142, -0.002, 0.0054, 0.0092, 0.0104, 0.0182, 0.0172, -0.009, -0.0144, -0.0012, 0.0014, 0.004, 0.0064, 0.0096, 0.0064, -0.0018, 0.0094, -0.0006, -0.0048, 0.0006, -0.0012, 0.0084, -0.0084, -0.0098, -0.0028, 0.004, -0.0168, 0.0164, -0.007, -0.0128, 0.0132, -0.0066, -0.0034, -0.0112, -0.0008, -0.0002, -0.0102, 0.0056, -0.0152, 0.0028, 0.0148, 0.007, 0.001, -0.005, 0.0126, -0.005, -0.0056, 0.0048, -0.0058, -0.0056, 0.0004, -0.0044, 0.0022, 0.016, 0.008, 0.0004, -0.0008, -0.0014, -0.0064, 0.0048, -0.0186, 0.0124, 0.014, -0.009, 0.0042, 0.0066, 0.015, -0.002, 0.0072, -0.0156, 0.015, -0.0012, -0.0104, 0.002, -0.0034, -0.0126, 0.0102, 0.0092, 0.0146, -0.003, 0.0004, 0.0046, -0.01, -0.0136, -0.0136, -0.0048, -0.0046, 0.0064, 0.0108, -0.0034, 0.0068, -0.0118, -0.0112, 0.0018, 0.008, 0.0146, 0.0268, 0.0152, 0.0186, 0.0004, -0.0054, 0.0158, 0.0068], [-0.005, -1.0, -0.0028, 0.003, -0.0072, 0.0042, -0.0064, -0.0102, -0.0164, 0.0028, -0.0012, 0.0072, 0.0048, 0.0058, -0.011, 0.0072, -0.0206, -0.0104, 0.0022, 0.01, -0.0004, 0.0042, 0.0182, 0.0122, -0.005, -0.0022, 0.0008, 0.0104, 0.0214, -0.0026, 0.0016, -0.0074, 0.006, 0.0046, -0.0026, -0.0036, -0.0054, -0.005, -0.0048, 0.006, -0.0164, -0.016, 0.0002, 0.0078, 0.0004, -0.0034, 0.0028, -0.0236, 0.0138, -0.0018, -0.003, 0.0026, 0.0188, 0.0046, -0.0056, 0.0006, 0.02, -0.003, 0.0062, 0.012, 0.009, -0.0002, 0.0032, 0.0234, 0.008, -0.01, -0.0034, 0.0102, -0.0084, 0.004, 0.0112, -0.0076, 0.013, -0.0116, -0.0024, -0.0116, 0.0094, 0.0022, -0.0224, 0.004, 0.012, 0.0036, -0.0018, -0.0074, 0.0148, -0.0018, -0.001, 0.0108, -0.0154, 0.0082, 0.0026, 0.0052, -0.0054, -0.011, 0.0064, -0.014, -0.0, -0.0236, 0.0094, -0.0008, -0.0118, -0.0154, 0.0028, -0.011, 0.004, -0.0026, -0.0022, 0.0008, -0.0106, 0.0034, -0.001, -0.0034, 0.024, -0.0068, -0.0, 0.0058, -0.008, -0.003, -0.001, 0.0034, -0.0096, -0.011, 0.0262, 0.0154, -0.0034, 0.0072, 0.0066, -0.0146, 0.01, 0.0088, 0.0002, -0.019, 0.01, -0.0064, -0.0074, -0.0006, -0.017, -0.0074, 0.0044, -0.0016, 0.0036, 0.0004, 0.0044, -0.0034, 0.009, 0.0028, 0.0054, -0.0086, -0.0106, 0.0064, 0.0202, 0.0118, 0.005, 0.0058, -0.0076, -0.0194, 0.0066, 0.0024, 0.0026, -0.0002, 0.0024, -0.0008, 0.008, 0.0044, -0.0058, 0.0038, 0.011, -0.006, 0.0026, 0.0066, -0.0198, -0.012, 0.0044, 0.0044, 0.0058, 0.008, 0.0148, -0.0038, -0.0084, 0.0138, -0.0146, 0.005, 0.0042, -0.008, -0.0126, 0.013, -0.0056, -0.0058, 0.0012, -0.0062, 0.0024, -0.0094, 0.0008, 0.007, 0.0006, 0.002, -0.0046, 0.0268, 0.002, -0.007], [0.0046, -0.0028, -1.0, -0.001, -0.0028, 0.0138, 0.0172, -0.0022, 0.0012, -0.0012, 0.004, -0.0184, 0.0112, 0.0078, 0.0074, -0.0, -0.0042, -0.0064, -0.0086, 0.0084, 0.0032, -0.0022, 0.0166, -0.0086, 0.0186, -0.003, 0.0028, 0.0132, 0.0074, 0.005, -0.0076, 0.001, -0.0032, -0.0082, -0.0086, -0.0276, 0.0134, -0.0058, 0.0028, 0.0004, -0.0064, 0.0016, -0.0086, 0.0118, -0.0036, 0.0082, 0.0016, -0.0108, 0.0138, -0.001, 0.007, 0.0094, -0.0008, 0.0118, -0.0032, 0.009, 0.0084, 0.0078, 0.0038, -0.01, -0.0106, 0.005, 0.0024, 0.007, 0.0116, 0.0072, 0.0058, -0.0022, 0.0064, 0.0092, -0.0, 0.002, 0.0006, -0.002, -0.0068, -0.0088, 0.0054, -0.0058, -0.0028, -0.0012, -0.0028, 0.0016, -0.0038, -0.0014, 0.0056, 0.0014, 0.0034, -0.0036, -0.0006, 0.001, 0.0058, 0.0052, 0.0082, 0.0066, -0.0044, 0.0064, -0.002, 0.004, -0.0066, -0.0064, -0.0074, -0.0006, -0.0032, 0.0038, 0.006, 0.0022, 0.003, -0.0088, -0.013, 0.001, -0.0122, -0.0134, 0.0044, -0.0016, -0.0204, 0.0122, -0.004, 0.0054, -0.0106, 0.0026, 0.0024, -0.013, 0.003, -0.0114, -0.0042, -0.0036, 0.015, -0.003, 0.0124, 0.008, -0.0074, -0.0054, -0.0084, 0.0084, 0.009, -0.001, -0.0214, 0.0046, -0.028, -0.0064, -0.0192, 0.0136, 0.016, 0.0158, 0.005, 0.0076, -0.0098, -0.0102, 0.001, -0.0, -0.003, 0.0106, -0.0174, 0.0102, -0.0028, -0.0054, 0.003, -0.0108, -0.0106, 0.0134, -0.0008, -0.0088, 0.01, 0.0104, -0.0002, 0.009, -0.0074, -0.0124, -0.0018, 0.0034, -0.0062, 0.0076, 0.0128, -0.0264, 0.0034, 0.0096, -0.0184, 0.015, 0.004, 0.0178, 0.0014, 0.0046, 0.007, -0.008, 0.0006, 0.0226, 0.0076, 0.0002, 0.0036, -0.0086, 0.0008, 0.0018, -0.0028, 0.0106, 0.0022, 0.012, 0.0114, 0.0068, -0.0096, -0.0042], [-0.0008, 0.003, -0.001, -1.0, -0.0034, 0.0076, 0.0126, -0.0108, 0.001, 0.0078, -0.0038, -0.0014, 0.0166, -0.0032, 0.0008, 0.0066, -0.002, 0.0018, -0.0168, 0.0094, -0.0002, -0.002, -0.0036, -0.0056, 0.032, 0.0168, 0.0038, -0.0222, 0.0028, 0.0164, 0.0094, -0.0024, 0.0014, -0.004, -0.0024, -0.0054, 0.0012, -0.0024, 0.0034, -0.007, 0.0066, -0.0026, 0.0012, 0.0092, 0.0214, 0.0172, -0.0046, -0.0034, -0.0124, -0.0112, 0.0116, -0.0028, 0.0126, 0.0068, -0.0006, 0.002, -0.0082, 0.0052, 0.0044, 0.0014, -0.012, 0.0004, 0.0034, 0.004, -0.0122, 0.023, 0.0112, 0.002, -0.0174, 0.015, -0.0126, -0.0162, -0.02, 0.0054, 0.0046, -0.0158, 0.0116, 0.0116, 0.001, -0.0126, -0.0086, -0.0026, -0.0116, 0.016, -0.009, -0.008, 0.0008, -0.013, 0.0056, -0.0104, 0.0084, -0.0066, -0.0056, -0.006, 0.0034, -0.0114, -0.003, 0.0134, 0.018, 0.0078, -0.0024, -0.0048, -0.0098, 0.006, 0.0006, -0.0128, -0.0224, 0.0018, 0.0088, 0.014, -0.022, 0.0076, 0.005, -0.0078, 0.0074, 0.0116, 0.0074, -0.0096, -0.0008, 0.006, -0.0074, 0.0104, 0.0208, -0.0028, 0.0012, 0.003, 0.0084, 0.0108, -0.013, -0.0074, 0.0036, -0.0064, 0.0138, 0.015, -0.0048, 0.0032, -0.0036, 0.002, -0.001, 0.001, 0.0022, -0.0046, -0.011, 0.0052, 0.016, -0.0002, 0.0056, 0.0204, -0.002, 0.0086, 0.0024, -0.0084, -0.0068, 0.006, -0.001, 0.002, -0.0024, 0.009, 0.0072, 0.0088, 0.0042, -0.007, 0.0094, 0.0042, -0.0012, 0.0044, 0.0024, 0.0014, -0.0028, 0.0024, 0.0036, 0.001, 0.0146, 0.013, -0.002, 0.0078, 0.0238, 0.0076, 0.0042, 0.002, 0.0256, 0.0028, -0.0076, 0.0066, -0.0056, 0.0056, 0.0038, 0.0088, 0.0086, -0.0172, -0.0018, -0.0124, -0.0066, 0.0072, -0.0088, 0.009, -0.0084, 0.0042, 0.0142, 0.0016], [-0.0038, -0.0072, -0.0028, -0.0034, -1.0, -0.0142, -0.0016, 0.0022, -0.0044, -0.0016, -0.0016, -0.0192, 0.0072, -0.0042, 0.0058, 0.0072, 0.0038, -0.0068, -0.0062, -0.0, 0.0032, 0.0034, 0.003, -0.017, -0.0186, -0.0058, -0.0064, -0.0092, 0.0022, 0.003, 0.0192, 0.001, 0.0136, 0.0074, 0.001, 0.0092, 0.009, 0.019, 0.0144, 0.0016, -0.016, 0.0136, 0.007, -0.0098, 0.0176, 0.0006, 0.0096, 0.0104, -0.0042, 0.013, 0.0222, 0.0094, 0.0008, 0.0086, 0.0076, -0.0062, 0.008, -0.003, 0.0018, -0.0012, 0.0006, 0.0106, 0.008, -0.017, -0.0064, -0.0004, -0.0062, 0.0066, 0.01, 0.0244, 0.0184, 0.0128, -0.021, 0.004, -0.0052, -0.0036, 0.0078, -0.0026, 0.0036, -0.0164, 0.014, -0.0092, 0.0006, 0.0026, 0.0064, 0.0066, 0.0142, -0.0024, -0.0002, -0.0142, -0.0178, -0.0028, -0.017, 0.0038, -0.0076, 0.0016, -0.0084, -0.002, -0.001, 0.0032, -0.0018, 0.0134, -0.0, -0.009, -0.006, 0.0026, 0.0154, 0.0044, -0.0006, -0.0074, 0.0162, 0.0034, 0.0076, 0.0096, -0.0032, 0.009, 0.004, 0.005, 0.013, 0.0026, 0.0116, 0.0074, -0.0154, 0.0234, 0.0066, -0.0032, -0.011, 0.0146, -0.0, -0.0024, -0.017, -0.0074, -0.0084, 0.006, -0.0022, 0.0106, 0.005, 0.0082, 0.006, -0.0136, -0.012, 0.0048, 0.0104, -0.0086, 0.0054, -0.0112, -0.005, -0.0042, 0.0026, 0.0052, 0.0122, -0.0038, 0.005, 0.005, 0.002, 0.0058, -0.003, -0.006, -0.0074, 0.0138, -0.0128, -0.0048, 0.0084, -0.0116, 0.0026, -0.0018, -0.0018, 0.0052, 0.0278, -0.0086, -0.0114, 0.0096, 0.0152, -0.0044, -0.0066, 0.0012, -0.0008, -0.0038, -0.0076, -0.0078, 0.0126, -0.0166, 0.0226, -0.0176, 0.0054, -0.0026, -0.0012, 0.0002, 0.0028, 0.0034, -0.0024, 0.0278, 0.0124, 0.0102, 0.0018, -0.0008, 0.0014, -0.0212, 0.0016, 0.009], [-0.022, 0.0042, 0.0138, 0.0076, -0.0142, -1.0, -0.013, 0.01, -0.0022, 0.0094, 0.0098, 0.0074, 0.007, -0.0016, -0.0128, 0.0038, -0.0068, -0.0218, -0.0044, -0.0046, -0.0022, -0.0036, -0.0072, 0.0144, 0.0136, 0.0036, -0.015, -0.0182, 0.01, 0.0076, 0.0158, 0.004, 0.001, -0.0104, 0.0132, -0.0094, 0.0004, 0.0068, 0.015, 0.0006, -0.0194, -0.0246, -0.002, -0.0004, -0.0014, 0.0116, 0.0154, 0.0026, 0.016, 0.0016, -0.0112, -0.0072, 0.0018, -0.0008, -0.0054, 0.006, 0.0042, -0.0068, -0.0036, -0.0026, -0.0, 0.0048, -0.0086, 0.0044, 0.0014, -0.001, -0.008, -0.0016, 0.009, -0.0098, -0.009, 0.007, 0.0128, -0.009, -0.0102, -0.0054, -0.0044, 0.0076, 0.0242, 0.0186, -0.0042, -0.0118, 0.0068, -0.0176, -0.0118, 0.0008, -0.0052, -0.0018, -0.0036, -0.0096, 0.0028, -0.0062, -0.0096, -0.0144, -0.0162, 0.0042, -0.0038, -0.0026, -0.0, 0.0014, -0.0072, -0.0072, 0.0238, 0.0024, 0.0142, 0.0024, 0.0084, -0.011, 0.014, 0.0148, 0.0064, -0.0024, -0.003, -0.0046, 0.0062, -0.0072, 0.011, 0.0056, 0.0204, 0.0136, 0.0194, 0.0128, -0.0004, 0.0016, -0.0068, 0.001, 0.0072, -0.0092, -0.0054, -0.0102, -0.0104, -0.0092, -0.011, 0.0122, -0.002, 0.0064, 0.0012, -0.0008, 0.007, 0.0058, -0.0154, -0.0002, 0.0058, -0.0056, 0.0084, -0.0098, -0.0008, -0.0004, 0.0044, 0.0014, 0.0036, 0.0104, -0.0008, -0.014, -0.0098, 0.008, 0.0096, -0.0074, -0.0072, -0.0012, -0.0002, 0.0166, 0.007, 0.001, 0.0008, -0.0188, -0.0016, -0.0126, 0.0016, 0.0156, -0.0, 0.0102, -0.0038, 0.0102, 0.0084, 0.0106, -0.003, -0.002, -0.003, 0.0156, 0.01, -0.0032, -0.0044, -0.0074, -0.004, 0.0088, -0.0018, -0.01, -0.0026, -0.0048, 0.0054, -0.0, -0.0054, 0.002, 0.0032, -0.001, -0.0036, -0.0082, 0.0082, 0.0128], [-0.0134, -0.0064, 0.0172, 0.0126, -0.0016, -0.013, -1.0, -0.0066, -0.002, -0.0056, 0.0108, 0.0028, -0.0228, 0.0034, 0.0094, 0.002, -0.0058, 0.0068, -0.0002, 0.0004, -0.0048, -0.0058, -0.0066, 0.0066, 0.0086, -0.011, -0.008, 0.008, 0.0066, -0.0074, -0.0044, 0.0102, 0.006, -0.0006, 0.0082, 0.002, -0.0098, -0.005, 0.0024, 0.018, -0.0312, -0.002, -0.0018, -0.001, -0.0036, 0.0094, -0.0164, -0.0036, 0.001, -0.0046, -0.0042, -0.003, 0.0004, -0.0054, 0.004, -0.0194, 0.0016, -0.003, 0.0122, -0.012, 0.0046, 0.0018, -0.004, 0.0138, -0.002, 0.0032, 0.0074, 0.0042, 0.0212, 0.0072, -0.008, 0.0048, -0.0054, 0.004, 0.0112, -0.0068, -0.0006, -0.0142, 0.0068, 0.0048, -0.0048, -0.012, -0.009, 0.0018, 0.0004, 0.0086, -0.0026, -0.002, 0.001, -0.005, 0.0122, 0.0088, 0.0202, 0.0066, 0.002, -0.0044, 0.0084, 0.0004, -0.0258, -0.0116, 0.0162, 0.0078, -0.0024, 0.0106, -0.0116, 0.0106, 0.0086, -0.0076, 0.0002, 0.0034, 0.0138, 0.0074, -0.0, 0.01, -0.0092, 0.0038, -0.0024, -0.0018, -0.0038, -0.0042, 0.0068, -0.0082, -0.0034, 0.0066, 0.005, -0.0188, 0.0058, -0.0074, -0.0108, -0.0104, 0.0286, -0.0002, 0.0016, 0.0024, -0.009, 0.0046, 0.0002, -0.0098, 0.0172, 0.016, -0.0036, -0.018, -0.0032, 0.0054, 0.0074, 0.0156, -0.0006, 0.015, -0.0194, 0.0208, -0.0034, 0.0038, 0.001, 0.0058, -0.0012, 0.0226, -0.0138, -0.0104, -0.0038, -0.0078, 0.0108, 0.0072, 0.01, -0.0088, 0.005, -0.0094, -0.0074, 0.0052, -0.0006, -0.0038, 0.0022, 0.0144, -0.0124, 0.0116, -0.0082, -0.0044, 0.0008, -0.0022, 0.0184, -0.0038, -0.0178, 0.0078, 0.0074, -0.0028, 0.0126, 0.0042, -0.0008, 0.027, -0.0012, -0.0078, 0.016, 0.0062, 0.0068, -0.005, -0.0058, 0.006, 0.0042, -0.0068, -0.008, 0.0158], [-0.0104, -0.0102, -0.0022, -0.0108, 0.0022, 0.01, -0.0066, -1.0, -0.0106, -0.0018, -0.0054, 0.0182, -0.0158, 0.0072, -0.0024, -0.0062, 0.0004, 0.0002, -0.0024, -0.0162, -0.0118, 0.008, 0.0004, 0.0092, -0.0072, 0.0076, 0.0098, -0.0162, 0.0124, -0.0032, -0.011, -0.0116, -0.0038, 0.0132, -0.0212, -0.0254, -0.0128, 0.0024, -0.011, -0.013, -0.0022, 0.007, 0.0008, -0.0116, 0.0262, -0.0104, -0.005, -0.0202, 0.004, -0.0052, 0.0064, -0.0112, -0.0046, 0.0032, 0.0142, 0.002, 0.013, -0.0052, -0.0036, 0.001, 0.002, -0.0008, -0.0002, 0.0032, -0.0022, 0.0106, 0.0104, -0.0196, 0.0038, 0.0014, 0.0006, -0.0134, 0.0016, -0.0162, 0.0098, -0.0018, -0.004, -0.0188, 0.0078, 0.0014, 0.013, 0.0022, 0.0148, 0.0004, 0.0006, -0.014, -0.0072, -0.0098, 0.0112, 0.0016, -0.0008, 0.0138, 0.0072, -0.0124, -0.0082, -0.0014, 0.0114, 0.0142, -0.0068, -0.0074, -0.0104, 0.012, 0.001, -0.0032, -0.013, -0.0088, -0.0068, 0.007, 0.0112, 0.01, -0.0064, 0.002, -0.007, -0.001, 0.0006, 0.006, 0.0034, 0.0168, 0.0084, 0.0064, 0.0026, 0.0008, -0.0136, -0.0148, -0.0132, -0.001, 0.0064, 0.0176, -0.0086, -0.0062, 0.004, -0.0008, 0.0062, 0.0182, 0.0096, -0.0016, -0.0112, -0.0104, -0.0142, 0.0078, 0.0118, 0.001, -0.0066, 0.0148, 0.0064, -0.0038, -0.0052, -0.0192, 0.0168, 0.011, -0.0148, 0.0112, 0.0108, -0.0112, -0.0162, 0.0132, 0.0032, -0.0038, 0.0204, -0.0048, -0.0022, 0.0098, -0.0002, 0.013, 0.0072, -0.0128, 0.0124, 0.0082, 0.0012, 0.0064, 0.0012, 0.005, -0.0126, -0.0022, -0.0008, -0.0058, 0.0018, -0.0076, -0.0026, 0.0056, -0.0076, 0.0112, 0.018, 0.0026, -0.0076, -0.0016, 0.0018, 0.0224, 0.0174, 0.0152, 0.0094, -0.0116, 0.0058, 0.01, 0.0116, 0.0086, 0.004, 0.0002, -0.0178, 0.0024], [0.0006, -0.0164, 0.0012, 0.001, -0.0044, -0.0022, -0.002, -0.0106, -1.0, 0.0004, 0.0168, 0.0044, 0.0124, 0.005, 0.0086, -0.0028, 0.0006, -0.0064, -0.005, -0.0124, -0.0096, -0.0186, 0.0034, 0.0046, -0.0094, 0.001, 0.0176, 0.0044, 0.0166, 0.0142, 0.0028, -0.007, 0.0004, -0.0098, -0.0186, -0.0088, 0.0002, 0.0154, 0.0108, -0.0132, -0.0004, -0.0044, 0.0034, -0.011, -0.0012, -0.0094, 0.0228, -0.0032, -0.007, 0.0114, -0.0114, 0.0014, 0.0048, 0.0054, -0.0036, 0.0006, -0.0, -0.005, 0.0038, 0.0068, 0.0142, 0.0142, -0.0032, -0.0014, -0.0, 0.0044, 0.0034, -0.0022, 0.0064, -0.0044, -0.0044, -0.016, 0.001, 0.0212, -0.0012, -0.0084, 0.0102, -0.0002, -0.0044, 0.0032, 0.0076, -0.0048, 0.0014, 0.0114, -0.0164, -0.0122, -0.0134, 0.0244, -0.0082, -0.0006, -0.0102, -0.0036, -0.003, -0.0002, 0.008, 0.002, -0.0028, 0.0072, -0.0118, -0.0016, -0.0242, 0.0082, 0.0088, -0.0018, -0.018, -0.0202, -0.0138, 0.0064, 0.0014, 0.0202, -0.0126, 0.0282, -0.0108, -0.0012, 0.012, 0.0086, 0.0064, -0.0122, -0.003, -0.0126, 0.0124, 0.0026, -0.0198, 0.0086, -0.0214, 0.0072, 0.0078, 0.0162, -0.0004, -0.0, 0.0026, -0.0142, 0.0068, 0.002, 0.001, 0.0202, -0.0058, 0.0174, -0.0052, 0.002, -0.012, -0.01, 0.0024, 0.003, -0.0054, -0.0048, 0.0094, 0.0054, 0.0142, 0.0028, 0.0082, -0.0066, -0.0134, 0.0114, -0.0132, 0.0162, 0.0046, -0.0008, 0.0002, 0.0006, 0.002, -0.008, -0.0064, -0.0128, 0.0082, 0.0146, -0.0034, -0.0224, 0.015, -0.0002, -0.0026, -0.0192, -0.0088, -0.0012, 0.0006, -0.0172, 0.0056, -0.0102, 0.0028, 0.0106, 0.0034, -0.005, -0.0066, 0.0208, -0.0034, -0.0094, -0.0172, 0.0194, -0.0116, -0.0086, -0.0016, -0.0106, -0.0004, 0.007, 0.0022, -0.0048, -0.013, 0.0012, -0.0064, -0.0162], [-0.0086, 0.0028, -0.0012, 0.0078, -0.0016, 0.0094, -0.0056, -0.0018, 0.0004, -1.0, 0.0148, -0.0044, -0.0132, -0.003, -0.0042, -0.0036, -0.0218, -0.002, -0.013, -0.0124, 0.0068, 0.0078, 0.0142, 0.003, -0.0062, 0.007, 0.0016, -0.0072, -0.0002, -0.0042, -0.0056, -0.0122, 0.0068, -0.005, -0.0018, 0.0048, 0.0014, 0.0042, -0.014, 0.0008, -0.0072, -0.0008, -0.0038, 0.0046, -0.0016, -0.0066, 0.0008, 0.0124, -0.0062, -0.009, -0.0014, -0.003, 0.0056, 0.0178, 0.0008, 0.0174, 0.004, 0.0106, 0.0166, 0.0108, -0.0122, 0.003, 0.0124, 0.007, -0.0024, -0.0056, 0.0054, -0.0046, -0.01, 0.0016, -0.0032, -0.0116, -0.009, 0.024, 0.0132, -0.006, -0.0106, 0.003, 0.008, 0.0076, 0.0096, 0.0004, -0.007, -0.0014, 0.008, 0.0022, 0.0066, 0.0036, 0.0066, -0.019, 0.0098, -0.0004, -0.0062, -0.001, -0.024, 0.006, 0.0032, 0.012, 0.0114, -0.0172, -0.001, -0.0066, 0.002, -0.0058, -0.0052, 0.007, -0.003, -0.02, -0.013, -0.0082, 0.0094, 0.0182, -0.012, 0.012, -0.0016, 0.0074, -0.0052, 0.0022, -0.0142, -0.0158, 0.0064, 0.0034, 0.015, 0.0066, 0.0174, 0.0056, -0.0182, -0.0138, 0.0148, -0.0072, -0.0038, 0.0038, 0.014, 0.0084, 0.003, -0.0106, -0.005, -0.001, -0.0104, 0.0152, -0.0044, 0.0136, 0.0072, 0.0078, 0.0026, 0.0132, -0.0114, 0.0046, -0.013, -0.002, 0.0066, 0.0166, 0.0082, 0.0118, -0.0192, -0.0022, 0.0138, -0.0136, -0.0014, -0.015, -0.0172, 0.0104, 0.004, -0.0008, -0.0014, 0.0014, 0.0034, 0.0084, -0.0086, -0.0066, -0.0158, 0.0192, -0.0036, 0.01, 0.0134, 0.008, 0.002, -0.0074, 0.0064, 0.0022, -0.0078, -0.009, 0.0134, 0.008, 0.0054, -0.0066, 0.0076, 0.0046, 0.004, -0.0174, 0.0064, 0.0022, 0.0012, 0.0038, 0.005, 0.002, 0.0186, 0.0012, -0.002, -0.0022], [-0.0094, -0.0012, 0.004, -0.0038, -0.0016, 0.0098, 0.0108, -0.0054, 0.0168, 0.0148, -1.0, -0.0124, 0.0072, -0.0102, -0.0182, 0.002, 0.0034, 0.0112, -0.0006, 0.002, 0.002, -0.009, 0.0002, -0.0034, -0.0018, -0.0022, -0.0056, -0.0, -0.0002, -0.0014, 0.0068, -0.0022, -0.0056, -0.0026, -0.003, -0.0132, -0.0026, -0.0046, -0.012, -0.0028, 0.0116, 0.0016, -0.001, 0.009, -0.0028, 0.0018, -0.0136, 0.0104, 0.0006, 0.0058, -0.0002, 0.0118, -0.0032, 0.0078, -0.0036, 0.0006, -0.0128, 0.0014, 0.005, -0.0132, -0.0018, -0.0038, -0.0208, 0.0106, 0.0052, 0.0052, 0.0062, -0.0002, 0.0032, -0.0088, 0.0096, 0.0048, -0.0094, 0.0004, 0.0196, 0.0076, -0.013, -0.0014, 0.0004, -0.008, 0.0056, -0.0012, 0.0114, -0.0062, -0.008, -0.001, 0.0074, -0.012, 0.0106, 0.0066, 0.0002, -0.0188, 0.0118, 0.003, -0.012, -0.0148, -0.0084, 0.0104, -0.0142, -0.0028, 0.0162, -0.005, 0.01, -0.003, -0.0096, -0.0118, -0.0034, -0.014, 0.0146, -0.0018, 0.0034, 0.0014, 0.0124, 0.0104, -0.0208, -0.0006, -0.008, 0.0066, -0.0074, -0.0074, -0.0004, -0.0018, 0.0098, 0.0046, -0.011, -0.008, 0.009, 0.0202, 0.004, 0.0184, 0.0042, 0.003, -0.0016, -0.0104, 0.0022, -0.0014, 0.0002, -0.0138, 0.0012, -0.0004, -0.0084, -0.0092, -0.0076, 0.0018, 0.0042, 0.0044, -0.009, 0.007, -0.0066, 0.0064, -0.003, 0.0046, 0.0002, -0.0078, -0.0052, 0.0078, -0.0086, 0.0236, -0.0034, -0.0194, -0.0028, -0.0044, 0.0108, -0.0064, -0.0126, -0.0246, -0.0014, -0.0044, -0.0114, 0.0086, 0.0074, -0.0108, 0.0024, -0.0288, -0.0134, 0.0052, -0.002, 0.0018, 0.0044, -0.0158, 0.0054, -0.0054, -0.0058, 0.01, -0.0078, -0.0014, 0.004, -0.0162, -0.0032, -0.0122, 0.0068, -0.011, -0.0044, 0.0078, -0.0018, -0.0056, 0.005, -0.0104, 0.0044, -0.0026], [0.017, 0.0072, -0.0184, -0.0014, -0.0192, 0.0074, 0.0028, 0.0182, 0.0044, -0.0044, -0.0124, -1.0, 0.0096, -0.0006, -0.0042, 0.0024, -0.007, -0.0016, -0.001, 0.0084, 0.0012, 0.001, -0.0006, 0.0002, 0.0122, -0.0058, 0.006, 0.0024, 0.0014, -0.0146, 0.0084, -0.001, -0.008, -0.0054, -0.005, 0.0072, -0.0034, -0.0094, -0.008, 0.004, -0.0188, -0.0156, -0.017, 0.0154, -0.0068, -0.023, -0.0024, -0.0016, 0.0126, 0.0054, -0.0014, 0.0054, -0.0008, 0.0202, -0.006, -0.0002, 0.0144, -0.0074, -0.0114, -0.0004, -0.0086, -0.0062, 0.008, -0.0042, 0.004, -0.0064, 0.0038, 0.0106, -0.0176, -0.0132, 0.0024, -0.002, -0.0018, 0.0016, -0.0072, -0.016, -0.0086, -0.0058, -0.0056, -0.0076, 0.006, 0.02, -0.0098, 0.011, -0.0064, 0.0066, -0.0006, 0.004, 0.0038, -0.015, -0.0174, -0.0076, -0.0114, -0.0034, 0.0028, -0.0064, -0.0044, -0.0124, 0.0078, -0.0116, -0.003, -0.0078, 0.0028, -0.0034, -0.0144, 0.0106, 0.0042, -0.012, 0.0094, -0.0142, -0.0158, 0.0126, -0.016, 0.004, 0.0164, -0.0138, -0.0012, -0.0078, -0.0126, 0.0166, -0.004, -0.0078, -0.0074, -0.0058, -0.007, -0.0052, -0.0118, 0.001, -0.0092, -0.0048, 0.005, 0.0082, 0.0044, -0.0168, 0.0002, -0.0082, -0.0074, -0.0006, -0.004, -0.0104, -0.0068, 0.0072, -0.0196, -0.0218, 0.0062, 0.0132, 0.011, -0.009, -0.0046, -0.0012, -0.0182, -0.0086, 0.005, 0.021, 0.0028, 0.001, -0.0054, -0.002, -0.0078, -0.0034, -0.0076, 0.0072, 0.0052, 0.0064, -0.0026, 0.0138, 0.0014, -0.0028, 0.007, 0.0082, -0.0018, -0.0136, -0.014, 0.0108, -0.003, 0.012, -0.0052, 0.007, -0.0096, -0.011, 0.0002, 0.0062, 0.0114, -0.0112, 0.0034, -0.0082, 0.0044, 0.0066, 0.0024, 0.0002, -0.0116, 0.0138, 0.0056, 0.007, -0.0122, -0.0, 0.0002, -0.0048, 0.0184, -0.0102], [-0.0154, 0.0048, 0.0112, 0.0166, 0.0072, 0.007, -0.0228, -0.0158, 0.0124, -0.0132, 0.0072, 0.0096, -1.0, -0.0102, 0.0006, 0.0016, -0.0066, -0.0012, -0.0126, -0.0056, 0.0144, 0.0098, 0.0014, -0.0146, 0.0102, 0.0102, -0.0084, -0.0124, -0.0042, -0.0038, -0.0, -0.009, -0.0092, -0.0074, 0.0022, 0.0048, -0.0186, -0.005, -0.0152, 0.0124, -0.0064, 0.0076, 0.0082, 0.0066, -0.0024, -0.0094, -0.024, 0.0064, 0.0118, -0.0102, 0.0094, -0.0038, -0.0024, 0.0062, 0.0024, -0.0066, 0.0088, -0.0046, 0.0046, 0.0052, 0.0002, 0.0054, -0.0016, 0.0014, -0.0076, -0.0004, -0.0066, -0.0102, -0.0056, 0.0096, -0.004, 0.0136, -0.0022, -0.0008, 0.01, -0.0192, 0.0086, -0.0038, 0.0028, -0.006, -0.0032, -0.0148, -0.0086, 0.0022, 0.0008, 0.0054, -0.011, -0.0008, -0.013, -0.0118, -0.0178, -0.008, 0.0054, -0.0014, -0.016, -0.008, -0.0132, -0.0172, -0.017, -0.012, -0.0114, 0.0226, 0.0004, 0.0158, 0.0004, 0.0178, 0.0166, 0.0124, -0.0034, 0.0082, 0.015, 0.0082, -0.0024, -0.0044, -0.0196, 0.0046, -0.0092, -0.0022, 0.0054, -0.0026, -0.0048, -0.0054, 0.0206, -0.0022, 0.005, -0.0136, 0.0054, 0.001, -0.0092, 0.002, 0.0034, -0.0094, 0.006, -0.0112, -0.0018, 0.0242, 0.0006, 0.0042, 0.0104, -0.0064, -0.004, 0.0088, 0.006, 0.0066, -0.0038, -0.0, -0.0234, -0.0038, -0.0106, -0.0104, -0.011, 0.0014, -0.0046, -0.0098, -0.0116, -0.0006, -0.0042, 0.0024, -0.007, 0.0086, 0.0148, 0.0028, 0.0032, -0.002, -0.0006, -0.0138, -0.0014, -0.0024, -0.0138, 0.0094, 0.0126, -0.0008, 0.006, -0.012, -0.005, 0.0128, 0.0044, 0.0042, -0.0012, 0.0078, -0.001, -0.011, -0.0058, 0.0052, 0.009, -0.0118, 0.0096, 0.0038, 0.0024, -0.0058, -0.0168, 0.0162, -0.0012, -0.0082, 0.0094, -0.0048, -0.0094, 0.002, -0.0032, -0.0066], [-0.0128, 0.0058, 0.0078, -0.0032, -0.0042, -0.0016, 0.0034, 0.0072, 0.005, -0.003, -0.0102, -0.0006, -0.0102, -1.0, 0.0008, 0.0022, -0.004, -0.0018, -0.0056, -0.0002, -0.0058, 0.0052, -0.0112, 0.004, 0.0064, -0.0064, 0.0118, -0.013, 0.0036, -0.008, 0.0094, 0.0208, 0.015, -0.0076, -0.0004, 0.0078, -0.0072, -0.0, 0.0034, -0.0174, 0.0074, 0.0094, 0.014, 0.0072, 0.0138, 0.0008, -0.0214, 0.0198, -0.0076, 0.0116, -0.0064, -0.0112, 0.0014, -0.0, -0.0194, 0.018, -0.003, 0.0044, 0.0192, 0.0154, -0.012, 0.0024, 0.0098, -0.0056, -0.0058, -0.0082, 0.0144, -0.008, -0.0022, 0.001, 0.0062, 0.0094, 0.0108, 0.0082, -0.0034, 0.023, -0.0064, 0.0036, -0.0062, -0.0046, 0.0086, -0.0238, 0.0016, -0.0044, 0.011, -0.0248, -0.0008, -0.007, -0.0152, -0.0052, 0.012, 0.0074, 0.0072, 0.0104, -0.0214, 0.009, -0.001, -0.0082, 0.0088, -0.0094, 0.008, -0.0124, 0.0098, -0.0192, 0.0054, -0.0092, 0.0064, 0.0094, -0.0024, 0.0116, -0.016, -0.0004, 0.0118, 0.007, -0.0154, 0.0016, -0.0018, -0.0076, -0.0016, 0.0036, 0.0026, 0.0028, -0.0092, 0.012, -0.0012, 0.0034, 0.0068, -0.0028, -0.013, -0.0074, -0.0032, -0.0044, -0.015, 0.0082, -0.0064, 0.0208, 0.0164, 0.0004, -0.0006, 0.0054, -0.0026, 0.015, -0.0022, -0.0108, 0.0028, 0.0082, 0.0056, -0.0072, 0.0068, -0.0078, 0.0048, -0.0152, 0.0032, 0.0112, -0.0266, 0.0068, 0.006, -0.0166, 0.0048, 0.0008, 0.0066, -0.0166, 0.0022, 0.003, 0.008, -0.0012, 0.0076, 0.0174, -0.0016, -0.0024, 0.0012, 0.0058, 0.005, -0.0098, 0.0056, -0.017, 0.0022, 0.0088, 0.0086, -0.004, 0.0016, -0.0036, -0.0088, -0.005, 0.0128, -0.01, 0.005, -0.002, -0.0086, 0.0016, 0.003, 0.0148, 0.005, -0.0064, -0.0048, -0.0006, 0.0052, 0.001, 0.0182, -0.0012], [0.008, -0.011, 0.0074, 0.0008, 0.0058, -0.0128, 0.0094, -0.0024, 0.0086, -0.0042, -0.0182, -0.0042, 0.0006, 0.0008, -1.0, -0.0154, 0.0128, 0.005, 0.0144, -0.0202, -0.0042, -0.0004, -0.0004, -0.004, 0.0208, -0.0156, 0.009, 0.0046, -0.0008, 0.0212, -0.001, 0.0232, -0.0154, -0.002, -0.004, 0.0006, 0.0268, -0.0, 0.0078, -0.0014, 0.0026, 0.0018, -0.0016, 0.0116, 0.0122, -0.0016, -0.0002, -0.0062, 0.0068, 0.006, -0.0184, -0.0044, -0.0026, 0.0068, -0.0106, 0.0048, -0.0198, 0.0204, -0.004, 0.0102, -0.0036, -0.0088, 0.0162, -0.0152, -0.017, 0.0146, 0.0072, -0.0092, -0.0022, -0.0154, 0.0094, 0.0062, -0.012, 0.0054, 0.0126, -0.005, -0.0, 0.0168, 0.0126, 0.001, 0.0114, 0.0178, -0.0056, -0.0044, 0.003, -0.0088, 0.0144, -0.0102, -0.004, 0.0088, -0.0056, 0.0058, 0.0064, -0.0156, -0.001, 0.0082, -0.0126, -0.009, 0.0036, -0.0082, -0.0056, -0.0076, 0.0086, -0.0032, 0.0006, 0.0124, 0.0108, -0.0074, 0.0104, 0.0144, 0.0012, -0.0076, -0.0122, -0.0062, -0.0022, -0.0156, -0.019, 0.0004, 0.0092, -0.0212, -0.0138, 0.012, 0.0128, -0.0064, 0.0236, 0.0042, 0.0052, 0.0076, -0.005, 0.0102, 0.0012, 0.0104, 0.0202, -0.0122, 0.0108, -0.0076, -0.0, -0.0088, -0.0078, 0.0126, 0.0046, -0.0046, -0.0198, -0.0064, -0.002, -0.0174, -0.0144, -0.0056, 0.0272, -0.0282, 0.0056, 0.0036, 0.0036, 0.0084, 0.0098, -0.0012, -0.0036, 0.011, -0.0144, -0.0032, 0.0018, -0.0018, -0.013, -0.0058, 0.0064, -0.0004, 0.0032, -0.0038, 0.0124, -0.004, -0.018, -0.0118, 0.0034, -0.019, 0.0184, 0.0046, 0.0058, -0.0032, -0.009, 0.0072, 0.0172, 0.004, -0.0, -0.0046, -0.0028, 0.0016, -0.0146, -0.002, -0.0002, 0.0048, 0.037, 0.0052, 0.0138, 0.0096, -0.0, -0.0014, 0.0036, -0.0002, 0.0086, 0.0112], [-0.007, 0.0072, -0.0, 0.0066, 0.0072, 0.0038, 0.002, -0.0062, -0.0028, -0.0036, 0.002, 0.0024, 0.0016, 0.0022, -0.0154, -1.0, -0.009, -0.0036, 0.0118, 0.0016, -0.0088, -0.0182, 0.0006, 0.0078, 0.0098, -0.0114, 0.006, 0.0024, -0.0018, -0.0138, -0.0012, 0.0082, 0.0084, 0.0094, 0.0062, 0.012, 0.0146, 0.013, 0.0008, -0.002, 0.0004, 0.0052, -0.003, -0.0166, 0.0244, -0.019, -0.0052, -0.0044, -0.0006, 0.015, -0.015, -0.0054, 0.0072, 0.021, 0.0068, -0.0042, 0.0108, -0.0018, 0.0158, 0.0176, -0.0042, -0.0054, 0.0028, 0.0002, 0.006, -0.004, -0.0006, -0.0026, -0.0168, -0.0088, -0.0112, -0.0112, 0.0206, 0.0124, -0.0024, 0.0112, -0.0022, -0.0234, 0.0056, -0.0164, -0.0192, -0.0136, -0.0034, 0.0198, -0.0152, 0.0034, 0.0098, -0.01, 0.0126, 0.0082, 0.0142, -0.006, 0.013, 0.0086, -0.008, -0.0056, -0.002, -0.0032, -0.0066, 0.0096, -0.0078, -0.0086, -0.0132, -0.0054, 0.006, -0.001, 0.0002, -0.008, 0.0018, -0.0126, 0.0214, -0.003, -0.0004, 0.0052, -0.0068, 0.0266, 0.016, -0.0198, -0.0034, -0.0066, 0.0028, -0.003, 0.0014, 0.0078, -0.0042, 0.0076, 0.0194, 0.0038, 0.016, 0.0124, -0.007, 0.017, -0.0148, 0.0108, -0.0054, -0.0002, 0.007, -0.0042, -0.0224, -0.0188, 0.0092, -0.0112, 0.0028, 0.0054, 0.0046, -0.0, 0.0074, -0.0006, 0.0014, 0.0056, 0.0186, 0.003, 0.013, -0.0054, 0.014, 0.003, -0.0106, -0.0044, 0.0046, 0.0062, -0.0124, 0.0016, 0.0052, 0.0092, -0.001, 0.0066, -0.0022, 0.0044, -0.011, -0.0018, 0.0026, -0.0096, -0.0148, 0.0156, -0.0186, 0.0024, -0.0016, 0.0002, -0.014, 0.0014, 0.0046, 0.0062, 0.0026, 0.0104, -0.001, -0.0118, -0.0048, 0.013, 0.0048, -0.0186, -0.004, -0.005, 0.0056, -0.0026, 0.0038, 0.0044, -0.0002, 0.0076, 0.008, 0.0134], [0.02, -0.0206, -0.0042, -0.002, 0.0038, -0.0068, -0.0058, 0.0004, 0.0006, -0.0218, 0.0034, -0.007, -0.0066, -0.004, 0.0128, -0.009, -1.0, 0.0002, -0.0012, -0.0106, -0.0082, -0.014, 0.002, -0.0088, -0.0012, 0.0256, -0.0038, -0.0062, 0.0072, 0.0096, 0.0106, -0.0012, 0.0042, -0.0052, 0.01, 0.0046, -0.0172, 0.0032, -0.0058, 0.0034, 0.0034, -0.0042, -0.0056, -0.0036, 0.0086, 0.0176, 0.0006, -0.0118, -0.0056, -0.0008, -0.002, 0.0012, -0.0094, 0.014, 0.0046, 0.0044, 0.0098, -0.0032, 0.0008, -0.0014, -0.002, -0.0076, -0.0034, 0.0004, -0.0002, 0.0078, -0.0036, 0.0044, -0.0098, -0.029, -0.0014, -0.0042, 0.0028, 0.0098, 0.0006, -0.009, 0.0068, 0.0188, -0.013, -0.003, -0.0014, -0.007, -0.012, -0.0008, -0.0038, 0.0064, 0.006, -0.0122, -0.0184, -0.0056, -0.006, 0.0074, 0.0132, -0.01, 0.0102, -0.017, 0.0234, 0.0002, 0.0004, 0.0062, 0.0032, 0.0116, 0.003, 0.0012, -0.0098, -0.0004, -0.0028, -0.005, -0.0132, -0.002, 0.0116, -0.0016, 0.0022, 0.0146, 0.015, 0.0056, 0.0094, 0.0076, -0.0052, -0.0076, 0.0018, 0.004, -0.0012, 0.0156, -0.0068, 0.0194, -0.0116, -0.0004, -0.0018, -0.009, -0.012, 0.0016, 0.0138, -0.0082, 0.0056, 0.018, -0.0012, -0.0084, 0.009, -0.011, 0.0086, -0.0194, 0.001, -0.0092, -0.014, -0.0258, 0.0048, 0.0108, 0.0056, 0.017, -0.0124, -0.0004, 0.0108, -0.01, -0.0086, 0.0136, -0.0064, -0.0198, -0.004, -0.0148, 0.0018, -0.0118, -0.0054, 0.0046, 0.0024, -0.0068, -0.0088, -0.0106, -0.0064, 0.0076, -0.01, 0.0182, -0.0138, -0.0018, -0.0012, -0.0078, 0.0154, 0.0112, -0.0082, -0.0036, -0.0116, 0.0104, -0.0048, 0.0114, -0.0008, -0.0028, 0.0062, -0.0008, -0.0086, 0.0056, -0.0058, 0.0096, 0.0154, 0.0096, -0.0212, -0.0058, -0.0072, 0.0158, -0.0038, -0.0076], [-0.0022, -0.0104, -0.0064, 0.0018, -0.0068, -0.0218, 0.0068, 0.0002, -0.0064, -0.002, 0.0112, -0.0016, -0.0012, -0.0018, 0.005, -0.0036, 0.0002, -1.0, -0.0038, -0.004, -0.0228, 0.027, -0.0254, -0.0166, -0.0018, 0.0074, -0.0116, 0.0164, -0.023, 0.0078, 0.0016, -0.0058, -0.022, -0.0026, 0.0106, -0.0092, 0.0026, 0.0066, 0.0128, 0.0068, -0.0156, 0.0056, 0.0102, -0.0134, -0.0084, 0.0022, 0.0104, 0.0148, -0.005, 0.009, 0.0142, -0.0002, 0.012, -0.0022, 0.0136, 0.0086, 0.0104, 0.0014, -0.0154, -0.014, 0.0202, 0.0002, -0.0116, -0.0054, 0.0028, -0.0072, 0.0178, 0.0038, 0.012, 0.008, 0.0128, 0.0024, -0.0062, 0.0164, 0.0032, 0.0048, -0.0082, -0.0142, -0.0032, 0.0152, 0.0032, -0.0052, 0.003, -0.0106, 0.0052, -0.001, 0.0034, 0.0124, -0.0018, -0.021, -0.0106, 0.0012, -0.0074, -0.0058, 0.0024, 0.0004, 0.024, -0.012, -0.003, 0.012, 0.0106, 0.017, -0.0104, -0.0146, -0.006, -0.0026, -0.0134, 0.0096, -0.0054, 0.003, 0.0102, 0.0006, -0.0004, 0.0132, 0.0052, 0.0058, 0.0004, -0.0098, -0.0018, 0.0106, 0.0104, 0.0042, -0.001, 0.0122, -0.0014, 0.0096, 0.0078, -0.0178, 0.0056, -0.0016, 0.011, 0.0126, 0.0056, 0.002, 0.011, 0.0038, 0.0002, -0.005, 0.0008, -0.0124, 0.0092, 0.0216, 0.0216, -0.0098, -0.0002, 0.0012, -0.0118, 0.0146, 0.0114, 0.0032, 0.0126, -0.0066, -0.0066, 0.005, -0.0156, -0.0042, -0.0186, 0.0136, 0.0038, 0.0154, 0.008, -0.006, -0.0044, -0.002, -0.0066, 0.0098, -0.0026, 0.0128, 0.0094, 0.0034, 0.0034, 0.01, 0.006, -0.0052, -0.0102, 0.0128, -0.0016, 0.001, -0.018, -0.011, -0.0158, 0.0014, 0.0018, -0.0052, -0.0034, 0.0182, 0.0016, -0.0038, 0.0116, -0.0138, -0.026, 0.0134, 0.0008, 0.0098, 0.0062, -0.0032, -0.009, -0.002, -0.0004, 0.0022], [-0.0092, 0.0022, -0.0086, -0.0168, -0.0062, -0.0044, -0.0002, -0.0024, -0.005, -0.013, -0.0006, -0.001, -0.0126, -0.0056, 0.0144, 0.0118, -0.0012, -0.0038, -1.0, -0.0126, 0.0302, -0.0048, 0.012, -0.0024, 0.0156, 0.012, -0.0078, -0.0166, 0.004, -0.0112, 0.0114, 0.0216, 0.0014, -0.0224, 0.0088, -0.0042, 0.0148, -0.002, -0.0078, 0.005, -0.0078, -0.005, -0.0172, -0.0084, 0.0054, 0.01, 0.0038, 0.0098, -0.0048, -0.0068, -0.0016, -0.0304, 0.0174, 0.0048, 0.003, -0.014, 0.0002, -0.0056, 0.0084, 0.0158, -0.0044, 0.0008, -0.0002, -0.0184, -0.0134, -0.0062, -0.0064, -0.0, -0.0102, 0.0102, 0.0158, -0.0046, -0.0052, 0.0038, 0.0078, 0.0242, -0.0124, -0.0028, 0.0058, -0.0038, -0.0014, -0.0126, 0.0076, -0.004, -0.0174, -0.0024, 0.0024, 0.005, -0.0024, -0.0132, -0.0196, 0.0202, 0.0052, 0.0148, -0.001, 0.0114, -0.003, -0.0006, 0.004, -0.0138, 0.0244, -0.0048, 0.0106, -0.0096, 0.0102, -0.004, -0.0052, 0.0066, 0.0088, 0.018, 0.0088, -0.0148, -0.0058, -0.0034, 0.0018, -0.018, -0.0186, 0.002, 0.004, -0.0108, -0.0166, 0.008, 0.0172, 0.014, -0.012, -0.001, -0.0004, 0.0024, -0.0058, -0.015, -0.0024, 0.0032, -0.0026, 0.0218, 0.0184, -0.0024, -0.0008, 0.0048, 0.0026, -0.0022, -0.0014, 0.0006, -0.0018, -0.0012, -0.0164, -0.0094, -0.0084, 0.0032, -0.0, -0.0046, 0.012, 0.0184, -0.0144, -0.0176, 0.015, -0.0156, -0.0044, 0.0034, -0.0028, 0.0204, -0.0038, -0.003, 0.0034, -0.013, -0.0088, 0.004, -0.0132, -0.0058, -0.0148, -0.0204, 0.0048, -0.0082, 0.013, 0.0054, 0.008, 0.0002, 0.0118, 0.0008, -0.0298, 0.0004, -0.0016, 0.0084, -0.014, -0.009, 0.0152, -0.0168, 0.001, 0.0048, -0.0006, -0.0252, -0.0002, -0.0088, 0.0062, 0.0148, 0.0152, 0.0138, -0.0008, -0.001, -0.0038, -0.0036], [0.0274, 0.01, 0.0084, 0.0094, -0.0, -0.0046, 0.0004, -0.0162, -0.0124, -0.0124, 0.002, 0.0084, -0.0056, -0.0002, -0.0202, 0.0016, -0.0106, -0.004, -0.0126, -1.0, 0.002, -0.0026, -0.0074, -0.0146, 0.0006, -0.0054, 0.0032, 0.02, 0.009, 0.0146, -0.0032, 0.001, 0.002, 0.0074, -0.0154, 0.0104, -0.0078, -0.0246, -0.0096, 0.006, -0.0044, 0.0092, -0.0206, -0.0002, 0.0056, 0.0146, -0.0036, 0.004, 0.0002, -0.0014, -0.0022, 0.005, 0.004, -0.003, -0.004, -0.0066, 0.0076, -0.0058, 0.015, 0.0124, 0.0006, 0.0182, -0.0068, 0.0118, -0.0008, -0.0172, -0.0098, -0.0118, -0.0128, 0.0208, 0.0036, 0.0112, -0.003, 0.0176, -0.0036, -0.0036, -0.0198, -0.001, 0.0076, 0.0028, 0.0116, 0.0096, 0.0062, -0.0066, 0.0032, 0.0218, 0.015, 0.0044, 0.0118, -0.0014, -0.0002, 0.0096, 0.0042, 0.0274, 0.0172, -0.0088, -0.0048, -0.0052, -0.019, -0.0212, 0.0018, 0.0122, -0.0028, 0.0122, -0.0, 0.0006, 0.0278, -0.0224, 0.0038, -0.0038, 0.0098, -0.0014, 0.0008, -0.004, 0.0048, -0.013, 0.0108, 0.0022, -0.0074, -0.001, 0.0012, 0.0054, 0.0082, -0.0166, -0.011, 0.0064, 0.0186, -0.0086, -0.0012, -0.0108, -0.0202, -0.003, -0.0028, 0.0008, -0.0054, -0.0002, 0.0042, 0.0058, 0.01, -0.0224, 0.0064, 0.0048, 0.0016, 0.0002, 0.0034, -0.0008, -0.0006, 0.0062, -0.017, 0.0024, 0.019, -0.003, -0.0138, -0.0034, 0.0096, -0.011, -0.0082, -0.0056, 0.0002, 0.0142, -0.008, -0.0176, -0.0092, 0.0032, -0.0058, -0.0202, 0.0022, -0.0092, 0.0194, 0.003, 0.001, -0.002, -0.004, -0.0008, -0.0014, -0.0148, 0.0096, 0.001, 0.0104, -0.0038, 0.0106, 0.0046, 0.0038, -0.0044, -0.0026, -0.0154, -0.012, 0.0114, 0.014, -0.009, -0.0032, -0.001, 0.0088, -0.0126, 0.0006, 0.0016, 0.0066, 0.0084, 0.0028, 0.0066], [-0.0014, -0.0004, 0.0032, -0.0002, 0.0032, -0.0022, -0.0048, -0.0118, -0.0096, 0.0068, 0.002, 0.0012, 0.0144, -0.0058, -0.0042, -0.0088, -0.0082, -0.0228, 0.0302, 0.002, -1.0, 0.0206, 0.0098, -0.0198, 0.0042, -0.0098, -0.004, -0.0096, 0.005, 0.0078, 0.004, -0.007, 0.0216, 0.0022, 0.0142, -0.0084, -0.0134, -0.009, 0.002, -0.0052, -0.0156, -0.0052, -0.009, -0.0146, -0.0124, 0.0158, -0.0032, 0.0116, 0.0086, 0.007, -0.0054, -0.0038, 0.0204, -0.0102, -0.0128, -0.0022, 0.0024, -0.0018, 0.0078, 0.0056, -0.001, 0.0114, 0.0052, -0.001, 0.014, 0.0092, -0.0074, 0.0094, -0.0152, 0.012, 0.0028, -0.0016, -0.001, 0.012, 0.0048, 0.0016, 0.0026, -0.0146, -0.0116, -0.0072, -0.0, -0.0156, 0.015, -0.0082, -0.006, -0.0098, -0.0074, 0.0156, 0.0058, -0.033, -0.007, -0.0024, 0.017, -0.0034, 0.0144, -0.0044, -0.0088, -0.0032, -0.0094, 0.0036, -0.001, 0.0078, 0.0176, -0.0114, 0.0144, 0.0006, 0.0058, -0.0104, -0.013, -0.0006, -0.0058, 0.0122, 0.0036, 0.0028, -0.0148, -0.0002, -0.0008, 0.0034, -0.0022, -0.0038, 0.0172, -0.003, 0.0082, -0.009, -0.019, 0.016, -0.0206, -0.009, 0.0056, -0.0124, -0.0106, 0.0034, 0.0064, -0.0004, 0.007, -0.0162, 0.0038, -0.0106, 0.0056, -0.0016, 0.0028, 0.0268, 0.0052, -0.0146, 0.0086, 0.0044, -0.0026, 0.0046, 0.0022, 0.0044, 0.0026, -0.0026, -0.0086, 0.019, 0.0004, -0.007, 0.0062, 0.0268, 0.0166, -0.035, 0.0036, -0.0064, -0.0008, -0.0028, -0.007, 0.0046, 0.015, -0.0048, -0.0078, 0.0078, 0.0074, -0.0004, 0.0116, -0.0064, 0.0046, 0.0052, -0.0148, -0.0066, 0.0128, 0.011, 0.001, -0.0082, 0.0098, 0.0004, 0.0014, 0.0026, 0.0076, 0.0082, -0.0048, -0.0058, 0.0128, -0.0038, 0.0016, -0.0134, -0.0138, 0.0128, 0.0138, -0.0004, 0.0044, 0.0194], [-0.0012, 0.0042, -0.0022, -0.002, 0.0034, -0.0036, -0.0058, 0.008, -0.0186, 0.0078, -0.009, 0.001, 0.0098, 0.0052, -0.0004, -0.0182, -0.014, 0.027, -0.0048, -0.0026, 0.0206, -1.0, 0.0084, -0.0128, 0.004, 0.0184, -0.0106, 0.0026, -0.0264, 0.0056, 0.0162, -0.0192, -0.0042, -0.0004, 0.002, 0.017, 0.0208, 0.0028, -0.019, 0.003, 0.0018, -0.0154, -0.0028, -0.0084, -0.0014, 0.0184, -0.0002, -0.007, -0.0052, -0.0004, -0.0004, 0.0016, 0.0082, -0.0064, -0.0078, -0.0024, 0.023, -0.0108, 0.01, 0.0058, 0.0008, -0.0, 0.0194, 0.0024, 0.003, -0.0018, -0.0012, 0.016, 0.0138, -0.0126, -0.0094, -0.0106, 0.0124, 0.007, 0.015, -0.0018, 0.0128, -0.0, -0.0078, -0.0038, -0.0038, 0.0078, 0.0044, 0.0136, -0.001, 0.0124, -0.0068, -0.0122, 0.0016, -0.0068, 0.0008, 0.0022, -0.004, 0.0036, 0.0058, 0.0198, 0.0118, 0.0154, 0.0012, 0.0062, 0.0128, -0.0112, 0.0034, 0.0224, -0.011, 0.0044, 0.0008, -0.0074, -0.0128, 0.0096, -0.006, -0.0068, 0.0174, -0.0026, 0.0086, -0.0044, -0.0022, 0.0272, 0.0068, -0.0132, -0.0014, 0.0068, 0.002, -0.0056, -0.0096, -0.0046, 0.0028, 0.0092, -0.001, -0.0014, 0.006, -0.0052, -0.0046, -0.0194, 0.0064, 0.0004, 0.0036, 0.0028, -0.0154, -0.0162, 0.005, 0.0018, -0.007, -0.0056, 0.0112, 0.0034, -0.002, 0.0052, -0.0096, 0.0014, 0.0004, 0.0064, -0.008, -0.0128, 0.0166, -0.0, 0.0136, 0.0046, 0.0036, -0.006, -0.0062, -0.005, 0.0034, -0.0026, 0.0124, 0.0064, 0.0052, 0.0026, -0.0004, 0.0104, -0.0008, -0.0082, 0.003, -0.0018, -0.0048, 0.0078, -0.0066, -0.0008, -0.0114, 0.0048, 0.0128, -0.0012, 0.0032, -0.0082, 0.0108, 0.0008, -0.0046, 0.01, 0.0082, 0.0048, 0.001, -0.0044, -0.0102, -0.0132, -0.0024, 0.005, -0.0108, -0.0206, 0.0046, 0.0032], [-0.0044, 0.0182, 0.0166, -0.0036, 0.003, -0.0072, -0.0066, 0.0004, 0.0034, 0.0142, 0.0002, -0.0006, 0.0014, -0.0112, -0.0004, 0.0006, 0.002, -0.0254, 0.012, -0.0074, 0.0098, 0.0084, -1.0, 0.0132, -0.002, -0.0084, -0.0218, 0.0006, 0.002, -0.0068, -0.0054, 0.0048, -0.0002, 0.0072, 0.0156, 0.0194, 0.0132, -0.0024, -0.0006, 0.0074, -0.0014, 0.0026, 0.0088, 0.0024, -0.0158, -0.008, -0.0042, -0.0054, 0.0032, -0.0116, -0.0012, 0.0044, 0.0102, -0.0068, -0.001, -0.0028, -0.0106, 0.0208, -0.008, -0.0002, -0.0012, -0.0104, -0.001, 0.0036, 0.0062, -0.0114, -0.0064, -0.0016, 0.0166, -0.0226, 0.0126, -0.0086, -0.0124, -0.0178, 0.0014, 0.001, -0.0128, -0.004, -0.0014, -0.0026, -0.0134, -0.0038, 0.0056, 0.02, 0.0166, 0.0012, 0.0088, -0.0098, -0.0012, -0.0024, 0.0084, -0.0074, 0.0012, -0.0192, 0.0066, 0.0062, 0.0042, 0.001, -0.0092, 0.0138, 0.0024, -0.0008, -0.003, -0.024, -0.001, -0.0024, -0.0048, -0.0082, 0.0092, 0.0172, 0.0108, -0.004, -0.0066, 0.015, -0.0022, 0.0052, -0.001, 0.0004, 0.0012, 0.0012, 0.0018, -0.0036, -0.0144, -0.0064, -0.0004, -0.0042, 0.0084, -0.0016, 0.005, 0.0098, 0.0172, -0.0032, 0.0098, 0.0002, -0.0016, 0.0056, -0.008, -0.0036, 0.0162, -0.0226, 0.0162, -0.0046, 0.0134, -0.0188, 0.0052, -0.0082, 0.008, -0.002, 0.0128, 0.0102, 0.0008, -0.0068, 0.0056, 0.012, -0.0006, 0.0056, -0.0032, -0.0066, 0.004, -0.0092, -0.001, 0.0058, -0.001, -0.0046, 0.0056, 0.004, -0.0068, -0.013, -0.0048, -0.0004, -0.0124, -0.0014, 0.0106, 0.0166, 0.0136, 0.0074, 0.001, -0.008, -0.0198, 0.0164, -0.0072, -0.004, -0.0092, 0.007, -0.0008, 0.0064, -0.0138, -0.0108, 0.0034, 0.0032, 0.0074, -0.0116, -0.0018, 0.0096, -0.0004, 0.0126, -0.0132, -0.001, -0.0038, -0.0004], [-0.006, 0.0122, -0.0086, -0.0056, -0.017, 0.0144, 0.0066, 0.0092, 0.0046, 0.003, -0.0034, 0.0002, -0.0146, 0.004, -0.004, 0.0078, -0.0088, -0.0166, -0.0024, -0.0146, -0.0198, -0.0128, 0.0132, -1.0, 0.0056, -0.0, -0.0118, -0.0162, 0.0004, 0.0084, -0.0138, -0.0072, 0.0094, -0.0076, -0.0052, -0.0018, -0.0064, -0.0044, -0.0114, 0.0014, 0.0046, 0.0102, -0.0116, -0.006, -0.0022, -0.0008, 0.0158, 0.0066, -0.0256, 0.006, 0.014, 0.0004, -0.0186, -0.022, 0.0026, -0.0012, -0.003, 0.0184, -0.0048, -0.0046, 0.0136, 0.022, -0.001, 0.0132, -0.0086, -0.0158, 0.0092, 0.0256, -0.0042, 0.0146, 0.0098, 0.0102, -0.0004, 0.0038, -0.0074, 0.0046, -0.0004, 0.012, -0.003, 0.0062, -0.0078, 0.003, 0.0044, -0.0008, -0.007, -0.0124, 0.0068, 0.0002, -0.002, -0.0068, 0.004, -0.0002, -0.01, 0.0052, -0.0018, -0.0042, -0.013, 0.0002, -0.004, -0.003, -0.0236, 0.0108, -0.001, 0.008, 0.009, -0.002, 0.004, -0.0002, 0.0152, -0.008, 0.0156, -0.0136, 0.0118, 0.0038, -0.0058, -0.0108, -0.0042, 0.0024, -0.02, -0.0224, -0.0118, -0.0016, -0.0048, -0.0032, -0.0088, -0.0174, -0.0044, 0.0084, -0.0242, -0.003, -0.0104, 0.0044, 0.0118, -0.0254, 0.0252, 0.0056, -0.0076, 0.0184, 0.0002, 0.0106, -0.0122, -0.0066, -0.0022, -0.0088, -0.0008, -0.0058, 0.0148, -0.004, -0.0016, 0.0066, -0.008, 0.0068, -0.0, -0.0028, -0.0022, -0.008, -0.0184, 0.0114, 0.01, -0.002, -0.0274, 0.0066, -0.0214, -0.0122, -0.0008, 0.0124, 0.0032, -0.0126, 0.012, -0.0144, 0.0208, -0.0118, 0.017, 0.0106, -0.0044, 0.011, 0.0074, -0.0032, 0.0026, -0.0012, -0.0116, 0.0072, 0.0036, -0.0066, -0.0, 0.0044, -0.0046, 0.0084, 0.0166, -0.0132, 0.0118, -0.0048, 0.0162, -0.006, 0.002, -0.0138, -0.0016, 0.005, 0.0114, 0.0012], [-0.0056, -0.005, 0.0186, 0.032, -0.0186, 0.0136, 0.0086, -0.0072, -0.0094, -0.0062, -0.0018, 0.0122, 0.0102, 0.0064, 0.0208, 0.0098, -0.0012, -0.0018, 0.0156, 0.0006, 0.0042, 0.004, -0.002, 0.0056, -1.0, -0.0, 0.005, -0.0186, 0.0032, 0.004, 0.0058, 0.0