{"connections": [[-10000000.0, 2728.0, -1350.0, -5990.0, 3544.0, 1478.0, 212.0, -4780.0, 896.0, -344.0, -358.0, -1006.0, 306.0, 1770.0, 3116.0, -4918.0, -2962.0, 60.0, 2094.0, 90.0, 3308.0, 498.0, -590.0, 5896.0, 5998.0, -2280.0, 5362.0, 2198.0, -1694.0, 2028.0, -1048.0, -3308.0, -1430.0, -3300.0, 1560.0, -1618.0, 722.0, 1266.0, -8234.0, -600.0, -1588.0, -1408.0, 58.0, -4776.0, 3900.0, 604.0, 318.0, -1938.0, 694.0, 1948.0, -1538.0, -786.0, -5248.0, 7292.0, -968.0, 1126.0, -20.0, 7564.0, 1852.0, -256.0, -2154.0, -6534.0, -2628.0, 858.0, -5538.0, -2042.0, 6106.0, 1170.0, -5606.0, 686.0, -1052.0, 864.0, -4736.0, 2618.0, 5240.0, 1438.0, -2914.0, -1408.0, 986.0, -1116.0, 3628.0, 2884.0, 4512.0, -194.0, 850.0, 3336.0, -2466.0, -1018.0, -1236.0, 774.0, 532.0, -994.0, -1732.0, -4148.0, 1682.0, 200.0, 2950.0, 3918.0, -3262.0, -1974.0, 758.0, -880.0, -3706.0, -2974.0, -4460.0, 666.0, 712.0, -7368.0, 28.0, -3498.0, 2758.0, 1616.0, -3210.0, 1728.0, 608.0, -252.0, 1644.0, 4744.0, -476.0, -1096.0, 318.0, 3766.0, 384.0, -62.0, 2592.0, 2282.0, -2900.0, 926.0, -3636.0, 2682.0, -6556.0, 516.0, 3928.0, -2608.0, -858.0, -3380.0, 4080.0, -3182.0, 564.0, -1374.0, 138.0, 1236.0, -5210.0, -1202.0, 1168.0, -2904.0, 894.0, -2328.0, 1306.0, 1748.0, 1362.0, -966.0, 6140.0, -2710.0, -2836.0, -4086.0, 2552.0, 8414.0, -2620.0, -2370.0, 3888.0, 2386.0, -3350.0, -3468.0, 574.0, -7382.0, -1424.0, -3714.0, -3926.0, -1072.0, -1170.0, -2724.0, 682.0, -10046.0, 1304.0, -3470.0, -5038.0, -794.0, -3292.0, 1596.0, 2164.0, 3742.0, -2054.0, 4100.0, 448.0, -2970.0, -2502.0, 4284.0, -3102.0, -9108.0, 3952.0, 1984.0, -7500.0, -2316.0, -3978.0, -5682.0, 3012.0, 1176.0, 3490.0, 2040.0], [2728.0, -10000000.0, -2754.0, 4374.0, 2756.0, 4362.0, 352.0, 3000.0, -1492.0, -2156.0, -5050.0, -1138.0, -1462.0, -4374.0, 3176.0, -2738.0, 4870.0, 2628.0, -286.0, -4618.0, 4804.0, -3746.0, 5290.0, 44.0, 526.0, -3068.0, -8554.0, -1362.0, 1374.0, -1392.0, 2880.0, 1872.0, 1358.0, -1696.0, -6252.0, -4566.0, 1318.0, -1270.0, 642.0, 3940.0, 984.0, -1552.0, 1078.0, 2696.0, 1956.0, -1392.0, 3026.0, -734.0, -3838.0, 1428.0, 3210.0, -4358.0, 4620.0, -4144.0, -1644.0, -1682.0, -4120.0, -3768.0, -788.0, -716.0, -2222.0, 1962.0, 3444.0, -3170.0, 3974.0, -7874.0, -3370.0, -566.0, -186.0, 8998.0, 308.0, -640.0, 2040.0, -1518.0, 2996.0, 2546.0, 5522.0, -228.0, 3622.0, -1908.0, 1216.0, -1148.0, -916.0, 1242.0, -2634.0, -5280.0, -4034.0, -126.0, 984.0, 1530.0, -548.0, 3938.0, -3252.0, -2588.0, 2182.0, 1964.0, -5158.0, 870.0, 618.0, -1266.0, 270.0, -1524.0, -546.0, -146.0, -504.0, -3658.0, -736.0, 6100.0, 4188.0, 2110.0, 546.0, -1168.0, -354.0, 2452.0, -6140.0, 572.0, -2200.0, -4840.0, -2832.0, -3816.0, -1498.0, 3702.0, 1580.0, -2482.0, 2600.0, -1030.0, -5500.0, 30.0, -692.0, 610.0, -2100.0, -3504.0, 648.0, 6348.0, 4138.0, -4148.0, 808.0, 4058.0, -616.0, 3930.0, 1446.0, -5452.0, -118.0, 450.0, -2884.0, -2068.0, -2322.0, -3672.0, -2642.0, 280.0, -1394.0, 194.0, 2992.0, 1714.0, 4228.0, -306.0, 2368.0, -994.0, 532.0, -1222.0, 4160.0, 3230.0, -4574.0, 4560.0, 2894.0, 4386.0, 5144.0, -3906.0, -1194.0, -1600.0, 3590.0, 4952.0, 618.0, 4934.0, -92.0, -1442.0, -5130.0, 5010.0, -448.0, 2392.0, 508.0, -3122.0, -2934.0, -984.0, 912.0, 2078.0, 858.0, -1936.0, -1794.0, 844.0, -7132.0, -1300.0, 1524.0, 3368.0, 1130.0, -2770.0, 1420.0, 824.0, -7382.0, 4096.0], [-1350.0, -2754.0, -10000000.0, -16.0, -2794.0, 428.0, -5326.0, 2546.0, -2298.0, 1938.0, -660.0, -860.0, 7616.0, -5176.0, 1622.0, 4040.0, -3952.0, 2186.0, 1580.0, 788.0, -2970.0, -3816.0, -5588.0, 3366.0, -3428.0, 2302.0, -368.0, 2044.0, 6544.0, -2082.0, -3798.0, -7286.0, 488.0, -6122.0, 1574.0, 4200.0, -2444.0, 3060.0, -2504.0, 666.0, -2030.0, 2422.0, -1428.0, 2062.0, -2046.0, -4806.0, -1172.0, 1996.0, -172.0, -138.0, 1228.0, 284.0, -86.0, -2098.0, 198.0, -2344.0, -774.0, 5654.0, 1402.0, -2330.0, -10584.0, 1920.0, 5526.0, 2080.0, 2056.0, 1980.0, 932.0, -2444.0, 892.0, -2952.0, 5094.0, -5078.0, -1922.0, 3756.0, 690.0, -3824.0, 508.0, 190.0, 2744.0, 1534.0, 2570.0, -7562.0, 1098.0, -1712.0, -3720.0, 2970.0, 548.0, 2604.0, -2894.0, 184.0, 2262.0, 4152.0, -1362.0, 18.0, 5384.0, 5862.0, -1404.0, -1348.0, -4804.0, 520.0, -508.0, -86.0, -3768.0, 964.0, -1798.0, -176.0, -3222.0, -370.0, -2214.0, -4668.0, -3212.0, -1558.0, -5076.0, -3410.0, 5494.0, -6390.0, -3358.0, -2534.0, 4382.0, 1738.0, -1228.0, -3484.0, 966.0, -2956.0, 22.0, -2260.0, 5894.0, -592.0, 4298.0, 5420.0, 2790.0, 130.0, 3814.0, -2138.0, -3316.0, 6822.0, -490.0, -5224.0, 1290.0, 2172.0, 4460.0, -2358.0, 992.0, -1640.0, 3998.0, -1158.0, 1760.0, -1934.0, 5764.0, -1426.0, -7372.0, 5612.0, -3134.0, 2300.0, -790.0, -4396.0, 3314.0, 808.0, 1870.0, -732.0, -3810.0, -3480.0, 4944.0, 1654.0, -488.0, -3384.0, -3086.0, 1192.0, -496.0, 4038.0, -2188.0, 1250.0, 2348.0, -4488.0, 3322.0, -1840.0, 5268.0, -4100.0, -4594.0, 1546.0, 1570.0, 2368.0, 772.0, -1150.0, -1134.0, 964.0, -2744.0, 3254.0, -716.0, 1494.0, -642.0, 4962.0, 5434.0, 2970.0, -2184.0, -1124.0, 3602.0, -2030.0, 136.0, 2210.0], [-5990.0, 4374.0, -16.0, -10000000.0, -2250.0, 6708.0, 1122.0, 926.0, 4434.0, 3562.0, -612.0, 776.0, 3516.0, 3132.0, -3122.0, -4200.0, 2220.0, -3966.0, -5088.0, 1188.0, -7414.0, -2724.0, 1144.0, -1934.0, -4716.0, -2858.0, -1100.0, 2964.0, -1112.0, -1210.0, -3818.0, -3782.0, 2360.0, 2698.0, 750.0, -2472.0, 2132.0, -3120.0, -5524.0, 498.0, -4218.0, -3058.0, 6440.0, 5338.0, 1990.0, -4198.0, 3216.0, -4116.0, -272.0, 2250.0, -388.0, 2040.0, -4866.0, 4310.0, 1178.0, -7120.0, -94.0, 570.0, -2474.0, -6242.0, 8308.0, -2768.0, -1238.0, -60.0, 476.0, -1468.0, -7476.0, -2760.0, -2352.0, 1556.0, 2054.0, 1834.0, 4142.0, -2068.0, 2534.0, 2708.0, -1988.0, 130.0, 780.0, 1942.0, -4114.0, 1578.0, 4374.0, 5996.0, -52.0, 1750.0, -2636.0, 1328.0, 1114.0, -1724.0, -4750.0, -1536.0, 3558.0, 222.0, -2188.0, 714.0, 1648.0, -896.0, 1756.0, -1888.0, -668.0, -1406.0, -1380.0, -2788.0, 410.0, 3812.0, 1706.0, -5086.0, -3810.0, 8016.0, -172.0, 210.0, 7164.0, 4886.0, 5418.0, -994.0, -1562.0, 5170.0, -410.0, 30.0, -2048.0, -3480.0, 4878.0, -3608.0, 918.0, -164.0, -886.0, -3260.0, -3746.0, 1676.0, -1374.0, -7882.0, 174.0, 4158.0, 900.0, -1834.0, -246.0, 672.0, -158.0, -1228.0, -5792.0, -890.0, 2688.0, -2528.0, 6282.0, -2330.0, 4164.0, -1514.0, -3916.0, 1130.0, -1396.0, -2076.0, -782.0, 2236.0, -10.0, 4952.0, 1454.0, -948.0, -4178.0, -2068.0, 1874.0, -384.0, -300.0, -1174.0, -1272.0, -988.0, -1278.0, -2304.0, -3112.0, -650.0, -4624.0, -1718.0, -488.0, -520.0, 1290.0, -3676.0, 2424.0, -804.0, 270.0, -374.0, -146.0, 1672.0, 808.0, -2818.0, 5342.0, -540.0, -928.0, -810.0, -11212.0, 1318.0, 682.0, 1574.0, -2314.0, -3090.0, 2152.0, -5548.0, 1150.0, 2078.0, 1072.0, 394.0], [3544.0, 2756.0, -2794.0, -2250.0, -10000000.0, 5466.0, -652.0, -4860.0, -3448.0, 1864.0, 1266.0, -690.0, 3378.0, 2446.0, -444.0, -886.0, 2558.0, -1748.0, 6422.0, -3490.0, -3720.0, -622.0, -5502.0, 168.0, -2070.0, 196.0, 1682.0, 1814.0, 1454.0, 956.0, 4052.0, -3016.0, -3762.0, -716.0, -2696.0, 1618.0, 1514.0, 6654.0, -2486.0, -1936.0, -2088.0, 4132.0, 4722.0, -1584.0, 4788.0, 4212.0, 2002.0, 94.0, -4982.0, 604.0, 3734.0, -5246.0, -1592.0, 1164.0, 1100.0, 3786.0, -5416.0, -4132.0, 1292.0, 400.0, 254.0, -1510.0, -3272.0, 1546.0, -1490.0, 3954.0, 7986.0, -206.0, 9266.0, 370.0, 1056.0, 1108.0, 1724.0, 3922.0, 160.0, -7058.0, 2210.0, -2636.0, -3046.0, -216.0, -1952.0, 56.0, -764.0, 1318.0, 3402.0, 5688.0, 2294.0, 1146.0, 1520.0, -4818.0, 1752.0, 5826.0, 500.0, 2608.0, 2762.0, -232.0, -3542.0, 710.0, 26.0, 5534.0, -1266.0, 644.0, -2146.0, -2598.0, -732.0, 4366.0, 1200.0, 2348.0, 1520.0, -282.0, 1066.0, 2404.0, 4182.0, -1644.0, -528.0, 1120.0, 6004.0, -3796.0, 560.0, 7832.0, -1086.0, 2738.0, -16.0, -2398.0, -820.0, -2346.0, 4372.0, -322.0, -3824.0, 2686.0, -6264.0, 2668.0, -1356.0, -4204.0, -1110.0, -3692.0, 4652.0, -1930.0, -92.0, 7426.0, -3574.0, -5388.0, -70.0, -4518.0, -832.0, 796.0, -690.0, -1116.0, -2354.0, -3808.0, 878.0, -1290.0, -756.0, 1938.0, -5984.0, 2990.0, 556.0, 3398.0, 1816.0, -26.0, -576.0, 2694.0, 130.0, -1772.0, -5574.0, -6042.0, 404.0, -2530.0, -6230.0, -2908.0, -950.0, -8472.0, -2758.0, 330.0, -5072.0, 1258.0, 3426.0, 7290.0, 3620.0, 1268.0, 772.0, -626.0, -1102.0, -1512.0, -3608.0, -150.0, 3042.0, 2612.0, 3230.0, 4624.0, 2044.0, -1064.0, -332.0, -2364.0, 6182.0, 938.0, 4544.0, 2676.0, -98.0, 2072.0], [1478.0, 4362.0, 428.0, 6708.0, 5466.0, -10000000.0, 3882.0, 6130.0, 4174.0, -4558.0, 476.0, 1036.0, -2384.0, 2600.0, -4166.0, 4548.0, 1372.0, 5082.0, 624.0, 2464.0, 770.0, 304.0, -2964.0, -1378.0, -4044.0, 438.0, 2396.0, -7996.0, -1584.0, -1718.0, -1454.0, -3290.0, 64.0, -2702.0, -1302.0, 5336.0, -416.0, 420.0, -3340.0, 2994.0, 4218.0, 370.0, -796.0, 1642.0, -930.0, -146.0, 636.0, 48.0, -2204.0, 2562.0, 2292.0, 6592.0, 3258.0, -1358.0, -1570.0, 1340.0, 4298.0, 2218.0, -394.0, -262.0, 4168.0, -1816.0, -302.0, -1676.0, -976.0, -2848.0, -1276.0, 2020.0, 596.0, -1960.0, 2242.0, 8874.0, 1242.0, -752.0, -2342.0, -328.0, -2460.0, 1318.0, 4060.0, 9042.0, 2574.0, -4306.0, 442.0, 6080.0, -132.0, -1894.0, 3848.0, 5440.0, 2246.0, -1656.0, 1442.0, 6984.0, 786.0, 6574.0, 4288.0, 3238.0, 2504.0, 1560.0, 3744.0, 5844.0, 2876.0, -2758.0, 4804.0, -568.0, 398.0, 3912.0, -650.0, -4578.0, -4434.0, 4580.0, 2792.0, -7434.0, 1312.0, 1810.0, 3550.0, 4570.0, 178.0, 5170.0, -6526.0, 5450.0, -1144.0, 52.0, -5018.0, -3232.0, 1202.0, 52.0, -1142.0, -5028.0, -322.0, -1640.0, -298.0, -4786.0, -914.0, 2922.0, 20.0, 50.0, 286.0, 912.0, -4038.0, 112.0, -0.0, -5202.0, -5640.0, -1388.0, -3254.0, 1338.0, 2392.0, 530.0, 2200.0, 3126.0, -1772.0, 1920.0, -1914.0, 4148.0, 54.0, 660.0, 3954.0, -2088.0, -926.0, 1368.0, -3418.0, 680.0, -2832.0, -1906.0, 272.0, -76.0, 1462.0, -3732.0, -224.0, -4758.0, 780.0, 398.0, 4056.0, 2316.0, 2954.0, 1584.0, -3424.0, 96.0, -1130.0, -5758.0, 930.0, -528.0, -3064.0, 4050.0, 1306.0, 5220.0, 5028.0, 102.0, -260.0, -214.0, 1206.0, 2682.0, -1274.0, 962.0, -3988.0, -4396.0, -466.0, 2258.0, -1444.0, -2214.0], [212.0, 352.0, -5326.0, 1122.0, -652.0, 3882.0, -10000000.0, -2124.0, 3936.0, 2592.0, -2026.0, -1786.0, -3618.0, -662.0, 1228.0, -2042.0, 2058.0, 8236.0, -846.0, 1146.0, 3700.0, -4866.0, -1534.0, -6400.0, -1522.0, 4904.0, 2162.0, -4278.0, -2178.0, -4488.0, 360.0, -2916.0, -2226.0, -3972.0, -3396.0, 2978.0, 2538.0, -1922.0, 382.0, -852.0, -4632.0, 3992.0, -1034.0, 4504.0, -1592.0, 1200.0, 1830.0, -866.0, 1934.0, 160.0, 2798.0, -4478.0, -5224.0, 3764.0, 1656.0, 10758.0, 7960.0, -628.0, -2120.0, -2556.0, -4978.0, -1590.0, -4568.0, 986.0, -338.0, -2630.0, 2250.0, 4350.0, -3418.0, -4334.0, -2524.0, 3624.0, 3788.0, 1010.0, -2372.0, -762.0, 1078.0, -4164.0, -1894.0, -1632.0, 7024.0, 1592.0, 132.0, 3914.0, 518.0, 7428.0, 2262.0, -4782.0, -3336.0, -1434.0, -1064.0, 2826.0, -2984.0, 76.0, -934.0, -4304.0, -3078.0, 1770.0, 678.0, -2486.0, 878.0, -3028.0, 6138.0, -354.0, 460.0, 6530.0, 1048.0, -5600.0, 416.0, 1966.0, -614.0, 4496.0, -4622.0, -548.0, -6120.0, -1348.0, 772.0, -260.0, 52.0, -112.0, 1750.0, -4482.0, 2572.0, 2130.0, 4960.0, 3102.0, -3088.0, -1590.0, -1680.0, -2150.0, 3532.0, -4288.0, -2952.0, 864.0, -998.0, 4960.0, -1680.0, -918.0, -1220.0, -4778.0, -3570.0, -5628.0, 4010.0, 2594.0, 1144.0, 816.0, -3914.0, -80.0, 2386.0, -2408.0, -282.0, 4722.0, 484.0, 5526.0, -5836.0, -1850.0, 4596.0, -1050.0, -12.0, -3074.0, -360.0, -394.0, -3778.0, -4568.0, -2486.0, -1230.0, -8080.0, -1690.0, -134.0, -7312.0, 4794.0, -7392.0, -6698.0, -1302.0, 660.0, -230.0, -2534.0, 3810.0, 3256.0, 4536.0, -736.0, -3382.0, -2634.0, -2644.0, 3736.0, -5370.0, 3026.0, -3492.0, 78.0, -1324.0, -2220.0, -3052.0, 804.0, -2552.0, -1770.0, -1158.0, -372.0, 1780.0, -82.0, 1668.0], [-4780.0, 3000.0, 2546.0, 926.0, -4860.0, 6130.0, -2124.0, -10000000.0, -180.0, -188.0, 6758.0, -3054.0, 838.0, 1558.0, -452.0, -722.0, -3882.0, -1456.0, 842.0, 3666.0, 4152.0, 2798.0, 662.0, 828.0, -4446.0, -1856.0, -1730.0, -206.0, -158.0, -1440.0, -1692.0, -36.0, 4298.0, -4160.0, -876.0, -1434.0, -2594.0, 10.0, 558.0, -4344.0, -2780.0, -840.0, -1962.0, -4232.0, 832.0, -92.0, -2434.0, -3886.0, 538.0, 428.0, -3082.0, 494.0, -1724.0, 1652.0, 4356.0, -2578.0, -5360.0, -2192.0, -212.0, 3316.0, -2754.0, 2066.0, -1276.0, 1134.0, 7270.0, 2154.0, -642.0, 5178.0, -4470.0, 930.0, -348.0, -1048.0, -1124.0, 5366.0, -3512.0, 2446.0, 3122.0, 1320.0, 2534.0, -288.0, 936.0, -4904.0, 1756.0, -630.0, 1450.0, -2208.0, -2010.0, 3174.0, -2752.0, 4402.0, -1428.0, -3922.0, -1312.0, 1248.0, 2014.0, 2384.0, -3854.0, -3562.0, 2778.0, -4426.0, 70.0, -2592.0, -3366.0, -722.0, -2532.0, -7002.0, 2844.0, 3500.0, 1408.0, 1198.0, 2426.0, 8016.0, 2186.0, -576.0, -3320.0, 2976.0, -2852.0, 2776.0, -2524.0, 1256.0, 3614.0, 7582.0, 1408.0, 4366.0, 504.0, 3250.0, 1024.0, -3182.0, -6544.0, 1434.0, 160.0, -2804.0, -2928.0, 2468.0, -4614.0, -4976.0, 3380.0, -4918.0, 708.0, -5170.0, -898.0, 1256.0, 6670.0, -2850.0, 1928.0, 5920.0, -3558.0, 580.0, 2098.0, -1268.0, -566.0, -5770.0, 5264.0, -1562.0, -4668.0, 18.0, -4772.0, 1822.0, 1348.0, 2034.0, 2248.0, 1582.0, 270.0, -6640.0, 3198.0, 5046.0, -2524.0, 2482.0, -5126.0, -4576.0, -34.0, -1784.0, -3534.0, 1450.0, 6608.0, -1106.0, -3994.0, -690.0, -6736.0, -3884.0, 528.0, -1510.0, 4326.0, -5296.0, -2312.0, 1466.0, -1002.0, 448.0, 2586.0, 3900.0, 1216.0, -4324.0, -228.0, -796.0, 2154.0, -206.0, 4444.0, -1172.0, 6758.0, 936.0], [896.0, -1492.0, -2298.0, 4434.0, -3448.0, 4174.0, 3936.0, -180.0, -10000000.0, -3028.0, 2382.0, 1538.0, -5854.0, 54.0, 1244.0, 2714.0, -4118.0, 3044.0, 7826.0, 378.0, -2036.0, -3062.0, -4174.0, 380.0, 1006.0, 2228.0, -1814.0, 1366.0, -3178.0, -6296.0, -516.0, 940.0, 122.0, 520.0, 2368.0, -530.0, -670.0, -3262.0, 2734.0, -992.0, 3208.0, 660.0, 6314.0, -6184.0, -108.0, -1756.0, 3590.0, 1930.0, 2594.0, 5192.0, -1106.0, -3946.0, -1216.0, -3256.0, -500.0, 290.0, 4588.0, 4188.0, 404.0, 1204.0, 606.0, 1106.0, 992.0, 1870.0, 1198.0, 10814.0, -7422.0, 522.0, -2054.0, -3634.0, 2472.0, 2780.0, 3320.0, 8894.0, 5460.0, 1634.0, -126.0, 256.0, -4782.0, 2224.0, -2548.0, 3636.0, 812.0, 474.0, 4770.0, -124.0, 4666.0, 1886.0, 372.0, 1586.0, 752.0, -1202.0, 4640.0, -5192.0, 7070.0, 6016.0, -2458.0, 266.0, -950.0, 1994.0, -882.0, 1196.0, -238.0, -2370.0, 1444.0, 1926.0, -1520.0, 704.0, 2760.0, 1414.0, -694.0, -3100.0, -1950.0, 6120.0, 1000.0, -2044.0, -2696.0, 9160.0, 7476.0, -5652.0, 1290.0, -1446.0, -2528.0, 4578.0, -96.0, 482.0, 5688.0, -1438.0, 4884.0, -830.0, -304.0, 5876.0, -5480.0, -492.0, -7190.0, -1808.0, -4544.0, 3846.0, 3396.0, -1902.0, 5602.0, 2144.0, 4842.0, -1062.0, 3192.0, 996.0, -3350.0, 1528.0, -454.0, 484.0, -5358.0, 162.0, 4516.0, -7422.0, 3272.0, -5474.0, 228.0, -3178.0, -36.0, 1598.0, 848.0, 1658.0, -1422.0, -1776.0, -1206.0, 606.0, 2008.0, -1110.0, 3442.0, 5532.0, -1282.0, -4452.0, 1538.0, -3826.0, -3036.0, 3546.0, 270.0, -1430.0, -2696.0, 4500.0, -396.0, -5874.0, -702.0, -5028.0, -300.0, 786.0, 1590.0, -2272.0, -278.0, -5084.0, 6088.0, -3408.0, -1340.0, -1960.0, -1830.0, 3362.0, 4368.0, 688.0, 8170.0, 3440.0], [-344.0, -2156.0, 1938.0, 3562.0, 1864.0, -4558.0, 2592.0, -188.0, -3028.0, -10000000.0, 4426.0, 5194.0, -6350.0, 7642.0, -2264.0, 1550.0, -1402.0, 1964.0, -2102.0, 6102.0, 2384.0, -4802.0, -1538.0, -2300.0, -690.0, -1172.0, 3714.0, 1470.0, 2462.0, -2044.0, 5572.0, 5636.0, -6054.0, 2244.0, 264.0, -1526.0, 722.0, -3430.0, 1274.0, 2068.0, -7388.0, 4480.0, -3746.0, -1188.0, -2240.0, 5932.0, 2890.0, 242.0, -1438.0, 1044.0, -490.0, -126.0, -4828.0, -2368.0, -2056.0, 3626.0, -3000.0, 6648.0, 3440.0, -2388.0, -2562.0, -3506.0, 2448.0, -2002.0, 790.0, -6610.0, -218.0, 1834.0, -1094.0, 6106.0, 2668.0, 1976.0, 532.0, -646.0, -1888.0, -4554.0, -6862.0, -2060.0, 3374.0, 1048.0, 764.0, 2220.0, 1584.0, -1066.0, -3166.0, 788.0, 4790.0, 3430.0, -40.0, 4230.0, -644.0, -4754.0, 132.0, 1680.0, -1482.0, 612.0, 3482.0, -2466.0, 982.0, 930.0, 5422.0, 3016.0, -3594.0, -3102.0, -3908.0, -2262.0, 784.0, -2532.0, 4412.0, 634.0, 3698.0, -3156.0, 1746.0, -3064.0, 1308.0, 572.0, 5492.0, 596.0, 2212.0, -912.0, -2218.0, 1822.0, 2852.0, 2566.0, -2660.0, -3226.0, 2516.0, -298.0, -728.0, 4358.0, 5736.0, -432.0, 4208.0, -3236.0, 1502.0, 5160.0, 2540.0, 930.0, -352.0, 558.0, 46.0, -236.0, 242.0, 3026.0, -1652.0, 92.0, 7270.0, -1972.0, 3718.0, 1512.0, -4182.0, -6234.0, -1248.0, 5130.0, 1104.0, -2454.0, -992.0, -2410.0, -5652.0, 7786.0, 5340.0, -886.0, 2858.0, -2196.0, -3902.0, 1578.0, -1596.0, -7954.0, 5026.0, -2156.0, 3142.0, -1744.0, -938.0, -3626.0, 2564.0, 2682.0, 62.0, -3714.0, -868.0, 1124.0, -4540.0, 66.0, 5218.0, -4136.0, 656.0, -1054.0, 1126.0, 400.0, 2558.0, 496.0, 544.0, -3556.0, 8892.0, 1900.0, 1914.0, 8414.0, 5688.0, -1316.0, 4246.0, 6540.0], [-358.0, -5050.0, -660.0, -612.0, 1266.0, 476.0, -2026.0, 6758.0, 2382.0, 4426.0, -10000000.0, 672.0, 1472.0, -548.0, -2446.0, 3516.0, 652.0, 230.0, 2000.0, 832.0, -1966.0, 4664.0, 944.0, -1090.0, 1280.0, -4962.0, 2868.0, 4876.0, 6340.0, -674.0, -3074.0, 1422.0, -1344.0, -934.0, 2774.0, -3912.0, 2164.0, 1048.0, -84.0, -3682.0, 1730.0, 1442.0, 5452.0, -570.0, -1886.0, -3358.0, -848.0, -1608.0, -1332.0, 1614.0, 2664.0, -5572.0, -1930.0, 2438.0, -2218.0, 84.0, -3438.0, -710.0, 1454.0, 3158.0, 5244.0, -3956.0, 4050.0, 1600.0, 1432.0, 3192.0, 852.0, -1364.0, -860.0, -3032.0, 1814.0, 3374.0, -750.0, 3652.0, -1526.0, 348.0, 1152.0, 4698.0, -568.0, -2410.0, 2410.0, -1286.0, -1894.0, 3688.0, 5460.0, 1894.0, -868.0, 4660.0, -7282.0, -4996.0, 1702.0, 1964.0, -5278.0, 2758.0, -3960.0, -3078.0, -2472.0, 4936.0, 7416.0, 5656.0, -5432.0, -4698.0, 548.0, 2696.0, 918.0, 2768.0, 2582.0, 5258.0, 3922.0, 8172.0, 164.0, 1330.0, -4084.0, -7046.0, 1462.0, -1974.0, 1038.0, -1898.0, 2010.0, 1518.0, 28.0, -3292.0, 3474.0, 1268.0, 1618.0, 576.0, 3982.0, -5612.0, -3934.0, 4588.0, -1442.0, 1850.0, 3518.0, 1278.0, -152.0, 1258.0, -418.0, -1412.0, 4270.0, 5396.0, 540.0, -1474.0, 1896.0, 4852.0, -2562.0, -378.0, -4828.0, -1662.0, -1920.0, 1822.0, -3008.0, 128.0, -2934.0, 1620.0, 1238.0, -4344.0, 3190.0, 2032.0, -390.0, 6336.0, -2814.0, 6484.0, -1216.0, -2410.0, -1036.0, -4188.0, -1334.0, -776.0, -860.0, 6478.0, 2496.0, -2986.0, -456.0, -324.0, 698.0, -1244.0, 884.0, 3412.0, -938.0, 3810.0, 1534.0, -1016.0, 4412.0, -770.0, -1610.0, 124.0, 504.0, 474.0, 2444.0, -6198.0, -3854.0, -5522.0, -170.0, 2050.0, 1628.0, -2952.0, -2590.0, -2042.0, 2980.0, -4646.0], [-1006.0, -1138.0, -860.0, 776.0, -690.0, 1036.0, -1786.0, -3054.0, 1538.0, 5194.0, 672.0, -10000000.0, -688.0, 3180.0, 570.0, 52.0, -740.0, -3650.0, -864.0, 560.0, 3818.0, 1760.0, -416.0, -1666.0, -768.0, -2142.0, 3416.0, -7372.0, 3884.0, -2418.0, -4362.0, -1310.0, 1308.0, -1138.0, -1926.0, 2008.0, 856.0, -7304.0, -4084.0, -4806.0, 1606.0, 2590.0, -2348.0, 2034.0, 398.0, 4498.0, -2308.0, 2956.0, 996.0, 1614.0, 5536.0, 648.0, -1954.0, -2370.0, -6018.0, -388.0, 1254.0, 4858.0, 1554.0, 3902.0, -1284.0, -348.0, 630.0, -6072.0, 6148.0, 2532.0, 3968.0, 80.0, -3612.0, -1636.0, -2974.0, -50.0, -1802.0, -3628.0, -1798.0, 4648.0, -1876.0, 6410.0, 2896.0, -6766.0, -5910.0, 2406.0, -970.0, -2488.0, 3680.0, 5834.0, -4980.0, -304.0, -3626.0, -2304.0, 2382.0, 148.0, -3506.0, -318.0, 5620.0, 262.0, -688.0, 2268.0, -192.0, -1236.0, 6740.0, 4198.0, -3284.0, -3028.0, -4198.0, 2108.0, -474.0, -910.0, -3030.0, -928.0, -144.0, 22.0, -8276.0, -94.0, -3630.0, -2606.0, 2454.0, 1622.0, 1910.0, -262.0, -7584.0, 1092.0, -4254.0, 1728.0, -222.0, 2072.0, 1862.0, -52.0, 890.0, 3720.0, 950.0, 1946.0, 1850.0, -1142.0, -2708.0, -86.0, -3594.0, -6764.0, -4186.0, 204.0, 5588.0, -2198.0, -5596.0, -6868.0, -1042.0, 2486.0, 268.0, -3142.0, 2124.0, -2074.0, 688.0, 8.0, 6814.0, -1652.0, -442.0, -1216.0, -3750.0, 1444.0, 302.0, -1256.0, -530.0, -1036.0, -2584.0, -5338.0, -1024.0, -1032.0, 1686.0, -2096.0, -6708.0, 106.0, -7072.0, -302.0, -3108.0, -7284.0, 822.0, 5856.0, 6304.0, -804.0, 3026.0, -2178.0, 4402.0, 656.0, -2184.0, 7414.0, -3502.0, -744.0, -6052.0, 850.0, -4652.0, -3522.0, -534.0, 310.0, -622.0, -1194.0, -4228.0, 2832.0, -170.0, -1498.0, -1872.0, -3030.0], [306.0, -1462.0, 7616.0, 3516.0, 3378.0, -2384.0, -3618.0, 838.0, -5854.0, -6350.0, 1472.0, -688.0, -10000000.0, -1224.0, -1810.0, -4192.0, 3172.0, -2006.0, -1792.0, 3248.0, 5046.0, 2024.0, 1724.0, 2594.0, 1364.0, -1046.0, 5108.0, -1592.0, -3360.0, 618.0, -5782.0, -2182.0, -1276.0, -2618.0, 774.0, 780.0, -380.0, 3836.0, -1156.0, 1122.0, -1094.0, -586.0, -716.0, -1370.0, -3806.0, -2074.0, -10676.0, 6264.0, 832.0, -534.0, 2600.0, -6644.0, -102.0, 834.0, 3070.0, -7836.0, 2138.0, -1970.0, 886.0, 2214.0, -1704.0, -4176.0, 2606.0, 456.0, 468.0, -360.0, 5908.0, 708.0, -6816.0, -3796.0, -3602.0, -1090.0, 4290.0, -1840.0, 4706.0, 4724.0, 912.0, 6254.0, -3132.0, 3482.0, 426.0, -682.0, -2558.0, 1024.0, 544.0, 2438.0, 3180.0, -1592.0, -2650.0, -2596.0, -6870.0, 56.0, -1582.0, 4470.0, -2416.0, -1498.0, -2436.0, 816.0, 4772.0, -432.0, -676.0, -4006.0, 540.0, 5820.0, 2018.0, 1416.0, -5350.0, 6362.0, -1374.0, -2952.0, -2932.0, 2510.0, -5668.0, -3694.0, -1962.0, 222.0, 990.0, -3046.0, 5542.0, 514.0, -1456.0, -100.0, -3310.0, 4360.0, -5790.0, 2408.0, -754.0, -2064.0, -2870.0, -2536.0, 606.0, 4426.0, 246.0, 1722.0, -1620.0, 1586.0, 5318.0, -1012.0, 1806.0, -1032.0, -3192.0, -4774.0, -4232.0, -3760.0, -1202.0, 3414.0, 3496.0, 2478.0, -2204.0, -2226.0, 108.0, -584.0, 206.0, 2060.0, 3026.0, -916.0, -954.0, -5500.0, 1438.0, -208.0, 4094.0, -10232.0, 2328.0, 2562.0, 1772.0, 4860.0, -2238.0, 2424.0, 1216.0, -426.0, 2652.0, -990.0, 1092.0, 2588.0, 3590.0, 1592.0, -4960.0, -1940.0, -3450.0, 782.0, -2678.0, -2480.0, -0.0, 1370.0, 3838.0, -6536.0, -3756.0, 206.0, 1572.0, 1754.0, -2546.0, -730.0, 5542.0, -938.0, 6452.0, -1424.0, 3034.0, 970.0, 308.0, 22.0], [1770.0, -4374.0, -5176.0, 3132.0, 2446.0, 2600.0, -662.0, 1558.0, 54.0, 7642.0, -548.0, 3180.0, -1224.0, -10000000.0, 266.0, 2292.0, 2460.0, -3030.0, 1904.0, -1492.0, -650.0, 3212.0, -1656.0, 1438.0, 2004.0, -2714.0, -2248.0, -5844.0, 1672.0, -1314.0, -3578.0, 130.0, -160.0, -3730.0, -2650.0, -3972.0, -1624.0, -6240.0, 1512.0, -2138.0, -322.0, 870.0, 120.0, 2410.0, 974.0, 290.0, 2580.0, -3872.0, 1216.0, 1650.0, -2024.0, -5724.0, 4818.0, -1762.0, -274.0, -284.0, -7218.0, 1314.0, 2846.0, 286.0, 2144.0, -5156.0, -5046.0, -920.0, -5032.0, 500.0, 1164.0, -2628.0, -4648.0, -2604.0, 5778.0, 86.0, 2446.0, -1304.0, -3774.0, 2332.0, 5920.0, 4882.0, 260.0, 2598.0, 2278.0, 1634.0, -1590.0, 1280.0, 3196.0, 5278.0, -2376.0, -5748.0, 3130.0, 1680.0, 770.0, -1844.0, 1150.0, -2074.0, -8192.0, -326.0, -5496.0, -616.0, 4192.0, -772.0, -1748.0, -5922.0, 8556.0, -1476.0, -298.0, 28.0, 2138.0, -510.0, -2114.0, 44.0, 1184.0, -8110.0, 4356.0, 758.0, -3874.0, 3662.0, 1330.0, 1398.0, 42.0, -1390.0, -1036.0, 5076.0, 1446.0, -6752.0, 7162.0, 5088.0, -1638.0, -7340.0, -1118.0, -520.0, 5222.0, -1202.0, 2022.0, -7130.0, -5584.0, 866.0, -7422.0, 6072.0, 1002.0, -5564.0, 2120.0, 538.0, 6632.0, 2536.0, -942.0, 438.0, 8796.0, 326.0, 324.0, 4710.0, 3776.0, -6424.0, -2238.0, 7960.0, -2486.0, -648.0, -2694.0, -2840.0, 2286.0, -3092.0, 170.0, 1108.0, -748.0, 2398.0, -1220.0, 1304.0, 3066.0, -1096.0, 1520.0, 2570.0, -2584.0, 1990.0, -604.0, 1384.0, -486.0, 532.0, -1260.0, 5284.0, -386.0, 1582.0, 4586.0, -1388.0, -1936.0, -1886.0, 1662.0, -3584.0, -1772.0, -3006.0, 6820.0, -2994.0, -978.0, 1074.0, 50.0, -4426.0, -2056.0, -4124.0, -826.0, 130.0, -208.0, 5770.0], [3116.0, 3176.0, 1622.0, -3122.0, -444.0, -4166.0, 1228.0, -452.0, 1244.0, -2264.0, -2446.0, 570.0, -1810.0, 266.0, -10000000.0, 3038.0, -1758.0, -144.0, -1994.0, -114.0, -4.0, -970.0, 922.0, -4532.0, 798.0, -1860.0, -958.0, -3366.0, 1094.0, -2684.0, 2080.0, -5396.0, 4046.0, 2396.0, -1652.0, -122.0, -214.0, 3690.0, -774.0, -488.0, 6112.0, -1968.0, 2962.0, 2184.0, -4672.0, -1692.0, -4562.0, -5150.0, 734.0, -2008.0, 3058.0, 1930.0, -584.0, -2804.0, 24.0, -2594.0, -256.0, -176.0, 2360.0, 1232.0, 6718.0, 2834.0, 384.0, -5018.0, 7358.0, -4598.0, 5698.0, -618.0, -5394.0, 5662.0, 4384.0, 1996.0, 2004.0, -2118.0, -5124.0, -3058.0, -2570.0, 4120.0, -3694.0, -968.0, 368.0, -1312.0, -5744.0, 70.0, 5910.0, -1248.0, -6378.0, -3886.0, -6224.0, -3414.0, -376.0, 3042.0, -1604.0, 12.0, 1334.0, 3620.0, -538.0, 1258.0, 582.0, -430.0, -666.0, -468.0, 2842.0, -4958.0, -1376.0, -2646.0, 1244.0, 2920.0, -3336.0, 62.0, -362.0, -120.0, 546.0, -2044.0, -1188.0, -2480.0, -3400.0, 1688.0, 1220.0, 236.0, 454.0, 1250.0, -1452.0, 518.0, -340.0, -6610.0, -5380.0, 1774.0, -6260.0, -1074.0, -3584.0, 744.0, 860.0, -3956.0, 3062.0, 1100.0, 6628.0, 5166.0, -1780.0, -2014.0, -2906.0, 6560.0, 3986.0, 4506.0, -496.0, 492.0, -1970.0, -1856.0, 5458.0, -2172.0, 1210.0, 442.0, -3688.0, 426.0, -376.0, -1762.0, 7736.0, 662.0, 5900.0, -3082.0, -1936.0, -3578.0, -3970.0, 2400.0, 2070.0, 1806.0, 2024.0, -30.0, -234.0, 2460.0, 206.0, 6364.0, -4218.0, -2234.0, -3544.0, 4950.0, 3442.0, -1054.0, -1432.0, -920.0, 2384.0, 3458.0, 1286.0, 296.0, -1884.0, 3646.0, 1502.0, -2200.0, 930.0, 3296.0, 1344.0, -3000.0, 4300.0, 1748.0, 3630.0, -1358.0, -1052.0, 2352.0, -4282.0, 788.0], [-4918.0, -2738.0, 4040.0, -4200.0, -886.0, 4548.0, -2042.0, -722.0, 2714.0, 1550.0, 3516.0, 52.0, -4192.0, 2292.0, 3038.0, -10000000.0, 1160.0, 610.0, 2616.0, -432.0, 2038.0, 440.0, 1744.0, 3042.0, 1356.0, -358.0, 1200.0, 3828.0, 2132.0, -790.0, 1694.0, -2486.0, -1664.0, -646.0, 30.0, -4176.0, -6412.0, 1136.0, -4552.0, 1098.0, 1834.0, 950.0, -3064.0, -2542.0, -2302.0, -7350.0, -3660.0, -4352.0, -2712.0, -1378.0, 2392.0, 1064.0, 1610.0, -2662.0, 766.0, -1956.0, 774.0, 6738.0, -7982.0, 6390.0, -1788.0, -3548.0, -982.0, 1592.0, 1312.0, -1580.0, 860.0, 236.0, -6016.0, -4692.0, 2766.0, -4218.0, -1062.0, 8.0, 5458.0, -1788.0, 2792.0, -3402.0, 1296.0, -1410.0, -1294.0, 318.0, 2834.0, 560.0, 1308.0, -2054.0, 1444.0, 2856.0, -1174.0, -3968.0, 3302.0, 1468.0, 4050.0, -1190.0, 28.0, -814.0, -204.0, -372.0, -3856.0, 5336.0, -3692.0, 2734.0, 3252.0, -4780.0, -1030.0, -1296.0, -1454.0, -506.0, 2130.0, -396.0, -4960.0, 1234.0, 2016.0, 606.0, 2286.0, 1790.0, 1538.0, 978.0, -2262.0, -1474.0, 7788.0, 2220.0, 3342.0, -3568.0, -1058.0, 3272.0, -7070.0, 7000.0, -394.0, -2684.0, 1670.0, -6814.0, -194.0, 2006.0, 3580.0, -6122.0, -1838.0, -4.0, 230.0, -968.0, -5404.0, -302.0, -2784.0, 1828.0, 1662.0, 3178.0, 1880.0, 2166.0, -3420.0, 574.0, 3588.0, 480.0, -3098.0, -1464.0, -1134.0, -1908.0, -530.0, -2532.0, 4070.0, -116.0, 2178.0, 2460.0, -76.0, 3782.0, -6284.0, 1460.0, -2626.0, 5848.0, 6180.0, -2098.0, 916.0, -2934.0, 4808.0, -736.0, 642.0, -2328.0, -2908.0, 1096.0, 2738.0, 1398.0, 158.0, 608.0, 1784.0, 206.0, 2046.0, 5440.0, 2324.0, 902.0, -1752.0, 6338.0, 3462.0, -50.0, 4674.0, -526.0, -6400.0, -340.0, 3734.0, -702.0, -992.0, -1062.0], [-2962.0, 4870.0, -3952.0, 2220.0, 2558.0, 1372.0, 2058.0, -3882.0, -4118.0, -1402.0, 652.0, -740.0, 3172.0, 2460.0, -1758.0, 1160.0, -10000000.0, 802.0, -4376.0, 288.0, -1638.0, -1168.0, -2872.0, 6154.0, -792.0, 1726.0, -2756.0, -4464.0, -436.0, -2198.0, -1482.0, 3390.0, 5112.0, -826.0, 3590.0, 1532.0, -396.0, 4536.0, 4156.0, 2518.0, 3302.0, -7594.0, 5700.0, -3942.0, -2.0, 3578.0, -1076.0, 224.0, -676.0, -274.0, 104.0, 1896.0, -2062.0, -1542.0, -558.0, -2644.0, 930.0, 2.0, 798.0, 2746.0, -1904.0, 2920.0, -2362.0, -2516.0, -2048.0, 1292.0, 136.0, -1496.0, -1068.0, -948.0, 1442.0, -878.0, -1890.0, -5484.0, 386.0, -3780.0, -3228.0, 2806.0, -2788.0, 1206.0, -2458.0, 3590.0, 1278.0, 1704.0, -1856.0, -2694.0, -2812.0, -424.0, -822.0, -6948.0, -1442.0, 2172.0, 3774.0, -2922.0, -2264.0, -642.0, -5080.0, 3000.0, 2240.0, -4804.0, -4676.0, -654.0, 1160.0, -2968.0, 1374.0, -4384.0, 2210.0, 3170.0, -5846.0, 3236.0, 1712.0, -4398.0, 4544.0, -1706.0, -1778.0, -5362.0, 722.0, -1210.0, -5082.0, -4974.0, -5572.0, -2844.0, -3810.0, -2108.0, -1398.0, 3816.0, 3918.0, -1476.0, 2490.0, 3876.0, -102.0, 4186.0, -9414.0, -1070.0, -1348.0, -246.0, 398.0, 788.0, 2194.0, -3696.0, 944.0, 1130.0, 1772.0, -1256.0, 3626.0, 1290.0, -72.0, 3250.0, 3612.0, 1898.0, 3068.0, 756.0, -2866.0, -236.0, 4530.0, -3420.0, -1162.0, -1488.0, -1490.0, -916.0, 270.0, 864.0, 1740.0, 4542.0, -9664.0, 4776.0, -4122.0, -3064.0, -2188.0, 5082.0, -1224.0, 1578.0, 9084.0, -3704.0, -2126.0, -3084.0, -1228.0, 3096.0, -7454.0, -1442.0, 1322.0, 1172.0, -1848.0, -2454.0, -630.0, -2092.0, -6116.0, 4834.0, -2692.0, -1426.0, 4098.0, -2958.0, 1134.0, -2558.0, -1016.0, 680.0, -1494.0, -402.0, -2952.0, -1202.0], [60.0, 2628.0, 2186.0, -3966.0, -1748.0, 5082.0, 8236.0, -1456.0, 3044.0, 1964.0, 230.0, -3650.0, -2006.0, -3030.0, -144.0, 610.0, 802.0, -10000000.0, -3910.0, -2422.0, 1216.0, 3158.0, -4062.0, 5416.0, 3910.0, -1192.0, 702.0, 1998.0, 558.0, -1896.0, -1004.0, 1320.0, 966.0, 4320.0, 732.0, -1442.0, 4358.0, 1434.0, 1194.0, -632.0, -336.0, -2700.0, -2914.0, -1284.0, 36.0, -1948.0, 450.0, 5606.0, 2082.0, 3216.0, -2986.0, -2526.0, 552.0, -548.0, 580.0, 3338.0, -2396.0, -2168.0, -500.0, -3516.0, -2018.0, -1714.0, -1840.0, -2926.0, -1158.0, 542.0, -946.0, -50.0, -786.0, -5918.0, -564.0, 1156.0, -1136.0, 2806.0, -4092.0, 618.0, -1910.0, -3360.0, 3030.0, 1884.0, -1580.0, 640.0, -2652.0, 1742.0, -6498.0, 2712.0, 830.0, -506.0, -28.0, -2566.0, -3420.0, -1046.0, -3952.0, 3436.0, -2522.0, -912.0, -2062.0, -4426.0, -3282.0, -1826.0, -806.0, -3964.0, 770.0, -3102.0, -1688.0, 3446.0, 1568.0, -2260.0, -1228.0, -1586.0, -1210.0, 5316.0, -158.0, 892.0, -1788.0, -3176.0, 2720.0, -3344.0, -1156.0, -1452.0, -306.0, -58.0, -1212.0, 1426.0, 280.0, -1126.0, 1812.0, 1762.0, 2780.0, 2966.0, 720.0, 7352.0, -1264.0, -1636.0, -1274.0, 7112.0, -1020.0, 2906.0, -1820.0, -1038.0, -7674.0, 2192.0, 494.0, -4338.0, -1368.0, -1756.0, 4246.0, 1652.0, 1706.0, 4792.0, -554.0, -1814.0, -464.0, -374.0, 1236.0, 4362.0, 700.0, 2518.0, 3364.0, 5226.0, -2744.0, -918.0, -1026.0, 2244.0, -1390.0, -2814.0, 808.0, -3514.0, 1314.0, 932.0, 1538.0, -1748.0, 4406.0, -2778.0, 3360.0, 1918.0, 5758.0, -2774.0, 1568.0, 544.0, -332.0, 8046.0, -830.0, -1464.0, 636.0, -1574.0, -5074.0, -248.0, -1178.0, -5176.0, 5808.0, -3064.0, -996.0, -1968.0, 3162.0, -1098.0, 4120.0, 772.0, 2078.0, 36.0], [2094.0, -286.0, 1580.0, -5088.0, 6422.0, 624.0, -846.0, 842.0, 7826.0, -2102.0, 2000.0, -864.0, -1792.0, 1904.0, -1994.0, 2616.0, -4376.0, -3910.0, -10000000.0, 656.0, 3214.0, 1732.0, -1780.0, -286.0, 2460.0, -358.0, 3428.0, 4332.0, 4236.0, 5510.0, 2514.0, 886.0, 3060.0, -214.0, 1254.0, -5468.0, 236.0, -1748.0, 1896.0, 2278.0, 5206.0, -5966.0, 3748.0, 3434.0, -13974.0, -698.0, 1244.0, -3188.0, -8432.0, -2714.0, -320.0, -1300.0, 2210.0, 3342.0, 206.0, 432.0, 1566.0, -90.0, -454.0, -1746.0, -8448.0, -4984.0, -2282.0, -488.0, -4960.0, 2668.0, 364.0, 3236.0, 1076.0, -2608.0, -1474.0, 5890.0, 1570.0, -3040.0, 4218.0, 2272.0, 2448.0, -1010.0, -904.0, 3986.0, 1654.0, 4486.0, 1590.0, -4048.0, -2616.0, 1302.0, -2592.0, 1796.0, 166.0, 2068.0, 1558.0, 2460.0, 1170.0, -658.0, 2800.0, 2758.0, -1404.0, -364.0, -5216.0, 5624.0, 4704.0, 1134.0, -728.0, -4480.0, 5854.0, 2892.0, -2902.0, -2966.0, -2026.0, -1296.0, -1564.0, -274.0, 5180.0, 2746.0, -4390.0, 1854.0, 262.0, -274.0, -3994.0, -1750.0, 3408.0, -7420.0, -4242.0, -556.0, 754.0, -1288.0, 1818.0, -980.0, -1314.0, -1252.0, -1586.0, -1070.0, 558.0, 1330.0, 708.0, 2086.0, -4262.0, -1208.0, -2806.0, 7480.0, -1064.0, 1930.0, 2884.0, 4280.0, -7126.0, -3094.0, -5640.0, -1250.0, 6248.0, 5738.0, -2040.0, 828.0, 50.0, -2252.0, -730.0, -724.0, 3258.0, 416.0, 4250.0, 2408.0, 2002.0, 2760.0, -2484.0, 3510.0, 688.0, -1648.0, -1894.0, -5916.0, -2204.0, -82.0, -2128.0, 4878.0, 1448.0, 5120.0, -5694.0, -4756.0, -4960.0, 2676.0, -3034.0, 2006.0, 1874.0, 7308.0, -220.0, -334.0, 838.0, -4480.0, 5604.0, -698.0, -4084.0, 3178.0, 310.0, 3970.0, 1286.0, -5230.0, 3396.0, 140.0, -562.0, -3418.0, 920.0, -3890.0], [90.0, -4618.0, 788.0, 1188.0, -3490.0, 2464.0, 1146.0, 3666.0, 378.0, 6102.0, 832.0, 560.0, 3248.0, -1492.0, -114.0, -432.0, 288.0, -2422.0, 656.0, -10000000.0, 3278.0, -64.0, 7768.0, -1338.0, 2108.0, -5082.0, 292.0, -68.0, -56.0, 582.0, 4174.0, -3702.0, 2664.0, 2170.0, 2506.0, 512.0, 2680.0, 10484.0, 432.0, -4358.0, 110.0, -4714.0, 1704.0, 3098.0, 226.0, 1530.0, -2220.0, 2376.0, -2728.0, -2462.0, 1024.0, -1196.0, -2298.0, 7150.0, -1578.0, 304.0, -4950.0, 2522.0, -2450.0, 242.0, -2044.0, -160.0, -306.0, -744.0, 1428.0, -2736.0, -3904.0, 688.0, -732.0, 808.0, 698.0, -5050.0, 2858.0, 1444.0, -2290.0, 3952.0, 964.0, -3006.0, 2376.0, 4246.0, -2462.0, -8898.0, -66.0, -1672.0, -2272.0, 146.0, -5524.0, 3912.0, -2098.0, 2224.0, 4994.0, -9244.0, -4498.0, 3230.0, 1564.0, -802.0, -1888.0, 1376.0, 1308.0, 140.0, 4152.0, 2190.0, 3972.0, 32.0, -574.0, 3752.0, -2306.0, -514.0, -6030.0, 344.0, 1272.0, 962.0, -2496.0, -6454.0, -2410.0, -750.0, -1042.0, 786.0, -550.0, 922.0, -1772.0, -1240.0, -2622.0, 1248.0, -614.0, 940.0, 582.0, -916.0, 3250.0, 7800.0, 3270.0, 498.0, 2486.0, -350.0, -1524.0, 3486.0, 2886.0, -320.0, -1458.0, -1764.0, 1332.0, 1358.0, -920.0, -1004.0, 950.0, -2202.0, -3068.0, -1710.0, -6828.0, -2594.0, 3920.0, -2888.0, 2490.0, 2756.0, -1346.0, 1660.0, -2558.0, 208.0, 1710.0, 808.0, 3266.0, -1948.0, 1200.0, 1242.0, -6320.0, -2672.0, 1026.0, -1192.0, 940.0, -5486.0, -1120.0, -3002.0, -4676.0, -1180.0, -1778.0, -3624.0, -2248.0, 224.0, 7410.0, 3650.0, -3050.0, 436.0, -1180.0, 1846.0, 2202.0, -2928.0, -2604.0, -3878.0, -2516.0, 1514.0, -3206.0, 5114.0, -2758.0, 1586.0, 5968.0, -308.0, -130.0, -3558.0, -1860.0, -354.0], [3308.0, 4804.0, -2970.0, -7414.0, -3720.0, 770.0, 3700.0, 4152.0, -2036.0, 2384.0, -1966.0, 3818.0, 5046.0, -650.0, -4.0, 2038.0, -1638.0, 1216.0, 3214.0, 3278.0, -10000000.0, -4762.0, 2326.0, 1576.0, -442.0, 1384.0, 3646.0, 2458.0, -1334.0, -4592.0, 5096.0, 1768.0, -3190.0, -1672.0, 344.0, -230.0, -1246.0, 2814.0, 434.0, 920.0, 808.0, 7512.0, -3198.0, 3040.0, 4192.0, -3672.0, -734.0, 570.0, -3830.0, 1552.0, 1282.0, 2198.0, -912.0, -2112.0, 780.0, 5422.0, -168.0, -1748.0, 3512.0, -3872.0, 1290.0, -4282.0, 3676.0, 2310.0, 458.0, 2506.0, 590.0, 2818.0, -1550.0, 2846.0, -6368.0, 5984.0, 2064.0, -2374.0, -2116.0, -934.0, -1278.0, 1728.0, 1506.0, -3064.0, 4128.0, 1412.0, 2680.0, 5674.0, -5634.0, 748.0, 3914.0, -5482.0, 836.0, 970.0, 1220.0, -5070.0, -1716.0, -3980.0, 3898.0, 2500.0, 2506.0, -86.0, 1570.0, 1822.0, -2034.0, -8028.0, -618.0, 2306.0, 1396.0, 278.0, -1824.0, -2432.0, 1680.0, -1094.0, 1802.0, 320.0, -1690.0, -11252.0, 2596.0, -148.0, -2564.0, 1932.0, -6652.0, -3772.0, -1106.0, 2574.0, -6148.0, 1322.0, -968.0, -2974.0, -256.0, -1730.0, -1704.0, 1502.0, -2736.0, -3448.0, 1956.0, -4600.0, -1846.0, -3560.0, 2580.0, 2346.0, -4748.0, -914.0, 5302.0, 4916.0, 630.0, -1446.0, 2848.0, 396.0, -1742.0, -1272.0, 3278.0, -2928.0, -766.0, 1430.0, 3212.0, -2886.0, 6228.0, 606.0, 6348.0, -6946.0, -3796.0, -6.0, -1420.0, -4478.0, 798.0, 1924.0, -1910.0, 2398.0, -3316.0, 4722.0, -5798.0, -732.0, 886.0, 1544.0, -6734.0, -3478.0, -3332.0, -1686.0, 3910.0, -826.0, 724.0, -1568.0, 1956.0, 5554.0, 658.0, 3296.0, -2548.0, 50.0, 2546.0, -692.0, 1014.0, -1568.0, 208.0, -432.0, -2776.0, -3404.0, -2054.0, -2082.0, 1248.0, -1896.0, -1866.0, 2568.0], [498.0, -3746.0, -3816.0, -2724.0, -622.0, 304.0, -4866.0, 2798.0, -3062.0, -4802.0, 4664.0, 1760.0, 2024.0, 3212.0, -970.0, 440.0, -1168.0, 3158.0, 1732.0, -64.0, -4762.0, -10000000.0, -6328.0, -3166.0, 560.0, 3046.0, -3204.0, 1812.0, -4696.0, 662.0, 7114.0, 1254.0, 6356.0, -1674.0, -2242.0, 5460.0, 1488.0, -416.0, 3232.0, -2574.0, 2166.0, 4470.0, -1892.0, 738.0, -962.0, 942.0, -1768.0, -1804.0, 5552.0, -242.0, -2308.0, -5356.0, -1218.0, 2586.0, 4186.0, -2208.0, -4866.0, -1986.0, -910.0, -2146.0, -1012.0, -1776.0, 478.0, -4364.0, 5328.0, -2664.0, -1564.0, 1756.0, 4000.0, 912.0, 1398.0, -2238.0, 634.0, -2112.0, -882.0, -1132.0, 2576.0, 190.0, 2564.0, 1994.0, -2170.0, -1402.0, 906.0, -5704.0, 5224.0, 3162.0, 684.0, -6496.0, 38.0, 6192.0, -7114.0, 3540.0, 922.0, -642.0, 3772.0, -1002.0, 376.0, -540.0, -3136.0, 2092.0, 6388.0, 754.0, 4104.0, 500.0, -2326.0, -4192.0, -6246.0, -1990.0, 1902.0, 1436.0, -4564.0, -410.0, -1448.0, 2350.0, 1094.0, -1258.0, 1238.0, 7830.0, -7494.0, -4886.0, 3584.0, 3032.0, -2146.0, 1004.0, -574.0, 2560.0, -322.0, 424.0, 218.0, 4328.0, 2478.0, -950.0, 1550.0, -4366.0, 3252.0, -2802.0, -2626.0, -900.0, -2494.0, -1820.0, -3472.0, -690.0, 2328.0, -3684.0, -3318.0, 1530.0, 6704.0, -1246.0, -3384.0, -3298.0, 868.0, 12.0, -4066.0, -4092.0, 1114.0, 4904.0, -94.0, -612.0, -3638.0, -3044.0, 4158.0, 1552.0, -1876.0, -5070.0, 1040.0, -3376.0, 2798.0, 84.0, -3636.0, 1218.0, 3136.0, 3546.0, 3764.0, 5768.0, 4422.0, 3168.0, 2772.0, -24.0, 2518.0, -726.0, -770.0, 444.0, -8616.0, 182.0, 3198.0, 2520.0, -1636.0, -7674.0, -7472.0, 238.0, -250.0, -2498.0, -5674.0, -4002.0, -2428.0, -120.0, 1498.0, 3230.0, -1412.0, -2290.0], [-590.0, 5290.0, -5588.0, 1144.0, -5502.0, -2964.0, -1534.0, 662.0, -4174.0, -1538.0, 944.0, -416.0, 1724.0, -1656.0, 922.0, 1744.0, -2872.0, -4062.0, -1780.0, 7768.0, 2326.0, -6328.0, -10000000.0, -1758.0, 1644.0, 4794.0, 2292.0, -5052.0, -1112.0, -1374.0, 506.0, -3510.0, 3488.0, -1098.0, -4102.0, 9428.0, 1756.0, 3372.0, -1000.0, 446.0, -3154.0, 1614.0, -3936.0, 3094.0, 406.0, -818.0, -4412.0, -248.0, 152.0, 1358.0, 2460.0, 3464.0, -30.0, 1454.0, 4358.0, 452.0, -5714.0, 2526.0, 3026.0, 286.0, 1980.0, -684.0, 2238.0, -1884.0, -208.0, -3584.0, 220.0, -7404.0, 4024.0, -1720.0, -906.0, -2326.0, 406.0, -220.0, -2170.0, -1124.0, 928.0, -2234.0, 4884.0, -1450.0, -1246.0, 2886.0, -3982.0, -1644.0, -856.0, -5330.0, 816.0, -1524.0, -2550.0, -3896.0, -2346.0, 1112.0, 5138.0, -2682.0, 3824.0, 150.0, 3248.0, -1452.0, -3400.0, -776.0, 1996.0, 282.0, -268.0, -2124.0, 2770.0, -572.0, -3678.0, 826.0, 662.0, 4292.0, -5176.0, 258.0, -1260.0, 5210.0, -1662.0, 4110.0, 3110.0, 1094.0, -4962.0, -486.0, -4868.0, 536.0, -1426.0, 692.0, -5942.0, -148.0, -5862.0, 1740.0, -114.0, 4848.0, -3074.0, -1822.0, -5842.0, 1342.0, 3592.0, -1242.0, -6266.0, 3532.0, -2718.0, 1788.0, 740.0, 6158.0, 5144.0, -4200.0, -1278.0, 206.0, -528.0, -2810.0, 416.0, 2066.0, -3116.0, 340.0, 1822.0, 3360.0, 5466.0, 5328.0, 4314.0, -2564.0, 4366.0, -832.0, 3242.0, -860.0, -4044.0, -4894.0, 4892.0, -8452.0, 394.0, 1508.0, -3908.0, -2722.0, 1420.0, 1766.0, 7756.0, 5224.0, 1882.0, -320.0, 3464.0, 4496.0, 1910.0, 5174.0, 1722.0, -3748.0, 1700.0, 3870.0, 2942.0, -4452.0, 4452.0, 418.0, 4804.0, 4978.0, -2062.0, -3614.0, -106.0, -5386.0, -1508.0, -3392.0, -2690.0, 674.0, -2668.0, 1158.0], [5896.0, 44.0, 3366.0, -1934.0, 168.0, -1378.0, -6400.0, 828.0, 380.0, -2300.0, -1090.0, -1666.0, 2594.0, 1438.0, -4532.0, 3042.0, 6154.0, 5416.0, -286.0, -1338.0, 1576.0, -3166.0, -1758.0, -10000000.0, -2890.0, 236.0, -886.0, -686.0, 5642.0, -1476.0, -1460.0, -4444.0, -3050.0, 2648.0, 1236.0, 3134.0, 4122.0, -42.0, 4486.0, -2544.0, -1644.0, 1232.0, 1182.0, -1304.0, -6192.0, -1460.0, 4066.0, -3858.0, -266.0, -1000.0, 5146.0, -2142.0, -4020.0, -3144.0, -436.0, -1502.0, 3488.0, 460.0, -2052.0, 200.0, -4462.0, 7826.0, -6372.0, -858.0, -4554.0, -1690.0, 4174.0, 1902.0, -3938.0, 1302.0, -1036.0, 296.0, -3888.0, -1658.0, -2788.0, -1566.0, -6230.0, -1840.0, -2.0, 1868.0, 2696.0, 5620.0, 3452.0, 778.0, 2302.0, -1956.0, 2194.0, 2874.0, -1728.0, -4182.0, 1084.0, -9010.0, 2336.0, 424.0, -5854.0, -440.0, -2422.0, -2922.0, 2394.0, 4846.0, -2870.0, 3172.0, -1014.0, -1006.0, -1336.0, 1418.0, -4768.0, -2264.0, -2788.0, -2078.0, -9326.0, 1936.0, 490.0, -1364.0, 1168.0, -5488.0, -3860.0, 5080.0, 4388.0, 940.0, 2442.0, 218.0, -6900.0, 2774.0, 1100.0, 8554.0, -1296.0, -3754.0, 1152.0, 1818.0, 3888.0, 4544.0, 2696.0, 2292.0, 254.0, -1784.0, -1880.0, -4370.0, 3004.0, -722.0, -1986.0, -1008.0, 1030.0, 1982.0, 7612.0, 400.0, 102.0, -88.0, -806.0, 840.0, 4902.0, 2494.0, -376.0, -6730.0, 2680.0, 70.0, -1816.0, -2790.0, -3944.0, 594.0, -4372.0, -554.0, -82.0, 3412.0, -266.0, 334.0, -2880.0, -3130.0, 1614.0, -2312.0, -4950.0, -4.0, -154.0, -3862.0, 4100.0, -5222.0, -6054.0, 318.0, 444.0, 180.0, -988.0, 426.0, 4674.0, -3692.0, -3908.0, -3682.0, -250.0, 3264.0, -2730.0, -104.0, -1240.0, -572.0, 3064.0, -3416.0, 506.0, -1090.0, 1332.0, 1012.0, -3822.0, -2344.0], [5998.0, 526.0, -3428.0, -4716.0, -2070.0, -4044.0, -1522.0, -4446.0, 1006.0, -690.0, 1280.0, -768.0, 1364.0, 2004.0, 798.0, 1356.0, -792.0, 3910.0, 2460.0, 2108.0, -442.0, 560.0, 1644.0, -2890.0, -10000000.0, -366.0, 3004.0, 848.0, 560.0, 3982.0, -90.0, 2706.0, 4912.0, 794.0, -2662.0, 6612.0, 1856.0, -1264.0, -7848