{"connections": [[-100000.0, -728.0, -94.0, 174.0, -78.0, 162.0, -610.0, -524.0, -198.0, -410.0, 594.0, -290.0, 678.0, -220.0, 192.0, -32.0, 120.0, 116.0, 382.0, 140.0, -180.0, 292.0, -58.0, 168.0, 88.0, 172.0, -440.0, -76.0, 376.0, -406.0, -356.0, -196.0, 282.0, 16.0, -86.0, 194.0, -528.0, -430.0, -260.0, -14.0, 488.0, 72.0, -174.0, 76.0, 386.0, -272.0, 94.0, -424.0, 604.0, -310.0, -156.0, -402.0, 294.0, 622.0, 298.0, -2.0, 18.0, -40.0, -506.0, 272.0, 92.0, 100.0, -876.0, 136.0, 98.0, -254.0, -386.0, 150.0, 364.0, -298.0, -56.0, 136.0, 678.0, 618.0, -290.0, -170.0, 490.0, -18.0, 202.0, -172.0, 458.0, 26.0, 192.0, -190.0, 158.0, 282.0, 70.0, -168.0, 206.0, -224.0, -180.0, -300.0, -322.0, 276.0, -320.0, -26.0, 154.0, 44.0, 104.0, 838.0, 98.0, -170.0, 56.0, -86.0, 236.0, 124.0, 180.0, -30.0, 314.0, 110.0, -192.0, -22.0, 84.0, -276.0, -256.0, -170.0, -58.0, -378.0, 120.0, -258.0, 56.0, 12.0, 172.0, 602.0, 210.0, -446.0, 342.0, -198.0, 516.0, 50.0, 40.0, 146.0, 294.0, 112.0, 510.0, 152.0, -382.0, 30.0, -596.0, 88.0, 556.0, 30.0, -204.0, 458.0, 250.0, -252.0, -274.0, -174.0, -282.0, 302.0, -154.0, 336.0, -308.0, -818.0, 402.0, 316.0, 232.0, -710.0, 368.0, -24.0, 70.0, -588.0, -296.0, -162.0, -34.0, -338.0, 248.0, -336.0, 254.0, 586.0, 66.0, 140.0, 198.0, -446.0, 190.0, -350.0, -174.0, -80.0, -510.0, 244.0, -186.0, -110.0, 244.0, -104.0, -18.0, 522.0, 304.0, 94.0, -512.0, 136.0, 164.0, -286.0, 178.0, 362.0, 404.0, -196.0, 350.0, -522.0, 42.0, 238.0], [-728.0, -100000.0, 74.0, 90.0, -230.0, -446.0, 2.0, 464.0, 186.0, -18.0, -326.0, 42.0, -166.0, 312.0, -164.0, 356.0, 580.0, -0.0, -286.0, 456.0, -256.0, 60.0, -286.0, -324.0, 112.0, 20.0, 108.0, 80.0, 288.0, -110.0, -60.0, 148.0, -566.0, -164.0, -66.0, 422.0, -168.0, 154.0, 4.0, -254.0, 256.0, -140.0, -322.0, -160.0, 198.0, -56.0, 206.0, -412.0, 552.0, 306.0, -440.0, 478.0, 566.0, -122.0, 114.0, -398.0, -94.0, -840.0, 158.0, 300.0, -40.0, 232.0, 156.0, -228.0, -694.0, -90.0, -130.0, -102.0, -272.0, -30.0, 368.0, 56.0, -138.0, -318.0, -278.0, 22.0, -306.0, 382.0, 142.0, -344.0, -394.0, 90.0, -8.0, -26.0, 230.0, 170.0, 46.0, -344.0, 510.0, -804.0, -504.0, -8.0, -190.0, 76.0, -304.0, -234.0, 202.0, 100.0, 68.0, -202.0, 406.0, 6.0, -168.0, -46.0, 564.0, -60.0, -172.0, 102.0, 78.0, 278.0, -420.0, -518.0, -140.0, -660.0, -140.0, 38.0, -174.0, 30.0, 60.0, 174.0, 4.0, 112.0, 280.0, -310.0, 694.0, -118.0, -422.0, 362.0, 284.0, -26.0, 144.0, -262.0, -510.0, -148.0, -226.0, -516.0, -222.0, -186.0, -388.0, -348.0, -464.0, 290.0, -12.0, 38.0, -238.0, -752.0, 102.0, -494.0, 338.0, 146.0, 206.0, 72.0, -632.0, -18.0, 126.0, 444.0, 204.0, -342.0, 76.0, 24.0, -758.0, -344.0, -228.0, -686.0, 450.0, 250.0, -220.0, 628.0, -242.0, -262.0, 146.0, 84.0, 274.0, 142.0, 914.0, -462.0, 278.0, -24.0, 350.0, 420.0, 250.0, 474.0, 128.0, -56.0, 242.0, -258.0, 296.0, -318.0, -24.0, 320.0, 28.0, 646.0, -266.0, -30.0, -300.0, -12.0, -46.0, -230.0, -238.0, 190.0], [-94.0, 74.0, -100000.0, 644.0, 296.0, -440.0, 396.0, 450.0, 160.0, 252.0, -40.0, 56.0, -300.0, 178.0, -302.0, 502.0, -70.0, 458.0, -236.0, 302.0, 242.0, -342.0, 224.0, 58.0, 422.0, -410.0, 50.0, 214.0, -106.0, -232.0, -374.0, -130.0, -84.0, 250.0, 256.0, 140.0, 446.0, 172.0, -142.0, -212.0, 34.0, 314.0, 204.0, -214.0, -256.0, -286.0, -200.0, -182.0, -94.0, -200.0, 298.0, -648.0, -236.0, 216.0, -96.0, 352.0, 192.0, -130.0, 100.0, -46.0, 398.0, -742.0, 330.0, -110.0, 412.0, 184.0, -144.0, -404.0, -390.0, -212.0, 38.0, 10.0, 292.0, -276.0, -4.0, -264.0, 84.0, 872.0, 368.0, -630.0, -212.0, 116.0, 258.0, 96.0, 620.0, 20.0, 208.0, -194.0, -424.0, 94.0, 386.0, 106.0, -136.0, 6.0, -46.0, -228.0, 368.0, 514.0, 286.0, -80.0, 124.0, -180.0, -14.0, 316.0, -358.0, 98.0, -402.0, -352.0, -504.0, 364.0, -598.0, 116.0, -274.0, 66.0, 430.0, -44.0, -84.0, -24.0, 46.0, -240.0, -250.0, -74.0, 66.0, -264.0, 460.0, -124.0, -156.0, -60.0, -270.0, -352.0, -762.0, 332.0, 208.0, -558.0, 208.0, -210.0, -132.0, 104.0, -130.0, 22.0, 142.0, -440.0, -198.0, 252.0, -196.0, 322.0, 412.0, 340.0, -172.0, 24.0, -208.0, -234.0, 2.0, 660.0, -360.0, 358.0, -82.0, 292.0, -134.0, -282.0, 256.0, -422.0, -118.0, 300.0, 24.0, -132.0, 74.0, 130.0, -328.0, 184.0, -28.0, -422.0, 708.0, 252.0, 420.0, -52.0, -248.0, 402.0, 420.0, -566.0, 644.0, 532.0, -134.0, 522.0, -336.0, 364.0, 134.0, 316.0, 270.0, -78.0, 34.0, 312.0, 20.0, 284.0, -342.0, -310.0, -36.0, -92.0, 220.0, -76.0], [174.0, 90.0, 644.0, -100000.0, 900.0, -360.0, 572.0, 370.0, -144.0, 156.0, 84.0, 292.0, -88.0, 190.0, 114.0, 170.0, -394.0, 278.0, -448.0, -370.0, 18.0, -490.0, -620.0, 254.0, 666.0, -206.0, -234.0, -398.0, 322.0, -216.0, 38.0, 22.0, -348.0, 278.0, -432.0, 352.0, 278.0, -180.0, -254.0, -88.0, -334.0, 470.0, 156.0, -234.0, 304.0, 226.0, 252.0, -26.0, -86.0, 92.0, -106.0, -64.0, -68.0, 16.0, -0.0, 348.0, -332.0, -150.0, 696.0, -66.0, -374.0, -546.0, -70.0, 142.0, 72.0, 44.0, 16.0, 16.0, -218.0, -88.0, -382.0, 30.0, 464.0, 216.0, 196.0, -12.0, -568.0, 212.0, -12.0, -162.0, 36.0, 296.0, -58.0, -388.0, -60.0, -332.0, 476.0, 302.0, 228.0, 186.0, -158.0, 42.0, 144.0, 490.0, 86.0, 216.0, -488.0, 446.0, 250.0, 224.0, -36.0, 100.0, 322.0, 152.0, -318.0, -250.0, 146.0, 224.0, 176.0, -152.0, 74.0, 584.0, -430.0, 662.0, -222.0, 488.0, -284.0, -324.0, 294.0, 20.0, -746.0, 266.0, 118.0, -436.0, 76.0, -300.0, 236.0, 172.0, 358.0, -148.0, 190.0, -240.0, 60.0, -118.0, -320.0, -182.0, 296.0, 64.0, 150.0, -182.0, -134.0, -24.0, 22.0, -36.0, -108.0, 82.0, -4.0, -180.0, -368.0, -124.0, 104.0, 146.0, -350.0, 148.0, 72.0, 566.0, -210.0, 48.0, -70.0, 86.0, 124.0, 562.0, -110.0, 56.0, 56.0, -232.0, 34.0, 134.0, -396.0, -236.0, -128.0, -166.0, -136.0, -144.0, 504.0, 208.0, -500.0, -18.0, -228.0, -430.0, 104.0, -292.0, 282.0, 358.0, 880.0, -808.0, -326.0, -524.0, -550.0, -54.0, 218.0, -232.0, 168.0, -392.0, -374.0, -358.0, -284.0, 52.0, 160.0, 80.0], [-78.0, -230.0, 296.0, 900.0, -100000.0, -104.0, -252.0, -582.0, 76.0, -268.0, 348.0, 252.0, -256.0, 298.0, -298.0, 394.0, -546.0, -102.0, 68.0, -178.0, -82.0, 294.0, -124.0, -670.0, -766.0, -302.0, 106.0, 54.0, 98.0, 92.0, 346.0, 138.0, -544.0, -38.0, -464.0, -124.0, -310.0, -32.0, -218.0, -364.0, 398.0, 102.0, -160.0, -158.0, 36.0, 146.0, 284.0, 130.0, 126.0, -8.0, -646.0, -260.0, 596.0, 236.0, -84.0, 36.0, 164.0, -370.0, 272.0, 598.0, -342.0, 150.0, 70.0, -646.0, 356.0, -432.0, -412.0, -120.0, 110.0, -148.0, 22.0, 166.0, 384.0, 416.0, -320.0, 32.0, -104.0, -444.0, -72.0, -118.0, 80.0, -248.0, -2.0, -404.0, -0.0, -316.0, -844.0, 386.0, 392.0, 494.0, -374.0, -178.0, 128.0, 714.0, -334.0, -116.0, 56.0, -10.0, -94.0, 292.0, -112.0, -48.0, 522.0, 472.0, 350.0, -250.0, -26.0, 856.0, -464.0, -388.0, -250.0, 80.0, -494.0, 10.0, -506.0, -392.0, 20.0, 544.0, 2.0, -412.0, -74.0, 174.0, -606.0, 404.0, 568.0, 188.0, -416.0, 24.0, -198.0, -0.0, 62.0, 304.0, -292.0, 266.0, 96.0, 342.0, 388.0, 12.0, -126.0, 262.0, 230.0, -484.0, -70.0, 12.0, 184.0, -198.0, -560.0, -32.0, 352.0, 80.0, -168.0, -62.0, -162.0, 68.0, -160.0, -558.0, 622.0, 20.0, 82.0, 126.0, -152.0, -122.0, 254.0, -48.0, -72.0, 544.0, -126.0, 322.0, 88.0, -108.0, 40.0, -162.0, 272.0, 528.0, 84.0, -432.0, 124.0, 150.0, -76.0, -426.0, 208.0, -300.0, 202.0, 410.0, -192.0, -572.0, -106.0, 308.0, -198.0, -154.0, 386.0, -348.0, -388.0, -40.0, -266.0, 26.0, -4.0, 176.0, 256.0, 16.0], [162.0, -446.0, -440.0, -360.0, -104.0, -100000.0, 232.0, -34.0, -352.0, -172.0, -368.0, -16.0, -48.0, -74.0, 126.0, 138.0, -94.0, 230.0, -324.0, 130.0, -222.0, -50.0, -488.0, 582.0, -666.0, -630.0, -514.0, 258.0, 314.0, 436.0, -14.0, 426.0, -304.0, 822.0, -440.0, 676.0, -242.0, 80.0, 82.0, -184.0, -326.0, 498.0, 188.0, -126.0, 456.0, 690.0, -360.0, 70.0, 314.0, -132.0, 30.0, 140.0, -388.0, -524.0, -168.0, -36.0, 436.0, -54.0, 44.0, -246.0, -1042.0, 194.0, 222.0, 654.0, 96.0, 736.0, -48.0, 236.0, -354.0, -96.0, -158.0, 286.0, -56.0, 568.0, -16.0, -416.0, 284.0, 100.0, -76.0, 338.0, -104.0, 156.0, -42.0, 20.0, 292.0, -84.0, -156.0, 178.0, -424.0, 14.0, 86.0, -30.0, 316.0, 546.0, 178.0, -404.0, 324.0, -2.0, 66.0, -332.0, -76.0, -912.0, -310.0, 284.0, -250.0, -342.0, -106.0, 408.0, -400.0, -220.0, -218.0, 272.0, -154.0, -98.0, -14.0, 524.0, -252.0, 96.0, -38.0, 92.0, -530.0, 146.0, 214.0, 180.0, -540.0, 804.0, -592.0, 368.0, -82.0, -96.0, -26.0, -460.0, 60.0, 286.0, -840.0, 46.0, 188.0, -60.0, -150.0, -266.0, 274.0, -308.0, -30.0, -88.0, -60.0, 394.0, -732.0, -196.0, -288.0, 308.0, 336.0, 110.0, -494.0, -280.0, -80.0, -98.0, -214.0, -548.0, 518.0, -486.0, -192.0, 458.0, 470.0, -424.0, -572.0, -556.0, -374.0, -594.0, -336.0, -104.0, -212.0, 290.0, -64.0, 608.0, 204.0, -52.0, -288.0, -6.0, 476.0, 42.0, -576.0, -196.0, 178.0, -234.0, 208.0, -416.0, 138.0, -212.0, 62.0, 262.0, 546.0, -436.0, 760.0, -108.0, -358.0, -58.0, -164.0, -116.0, -568.0, -256.0], [-610.0, 2.0, 396.0, 572.0, -252.0, 232.0, -100000.0, 342.0, -300.0, 180.0, 112.0, -80.0, -24.0, -146.0, 414.0, 426.0, 118.0, -258.0, 240.0, 202.0, 290.0, 686.0, -200.0, -130.0, -266.0, 186.0, -498.0, 306.0, 162.0, -340.0, 98.0, -94.0, 184.0, -446.0, -440.0, -20.0, 42.0, 16.0, 322.0, 128.0, 98.0, -470.0, 176.0, -166.0, -228.0, 706.0, 48.0, 278.0, 618.0, 188.0, -502.0, -544.0, -212.0, 704.0, -428.0, -192.0, 164.0, 134.0, -112.0, -170.0, 498.0, 482.0, -374.0, 106.0, 320.0, 212.0, -144.0, 592.0, -126.0, -528.0, 414.0, 74.0, 80.0, -56.0, -328.0, 112.0, 76.0, 404.0, -364.0, 206.0, 124.0, 124.0, -146.0, 204.0, 40.0, 92.0, 368.0, -78.0, 688.0, -402.0, -234.0, -334.0, -380.0, -266.0, 30.0, -612.0, -80.0, -406.0, 662.0, 468.0, 96.0, -44.0, -2.0, 16.0, -18.0, 902.0, -206.0, -56.0, 200.0, -160.0, 50.0, -40.0, 330.0, -354.0, 202.0, -100.0, 392.0, -148.0, 110.0, -208.0, -42.0, -326.0, 394.0, 124.0, 84.0, -16.0, -576.0, 132.0, 678.0, -188.0, 62.0, 776.0, -108.0, -302.0, -48.0, 414.0, 460.0, -24.0, -214.0, -82.0, -250.0, 96.0, 82.0, 368.0, -344.0, 362.0, 272.0, -128.0, -332.0, 36.0, -84.0, -430.0, -198.0, -136.0, 132.0, 138.0, 202.0, 456.0, -670.0, -82.0, -356.0, 278.0, 34.0, 88.0, 212.0, -120.0, -434.0, -182.0, 252.0, -360.0, -52.0, -394.0, -296.0, -288.0, 268.0, 148.0, 108.0, -634.0, 160.0, -86.0, 144.0, -96.0, -214.0, -526.0, -512.0, -440.0, 158.0, -700.0, -82.0, -158.0, -246.0, -128.0, 60.0, -388.0, 26.0, 10.0, 204.0, -136.0, 444.0, 192.0], [-524.0, 464.0, 450.0, 370.0, -582.0, -34.0, 342.0, -100000.0, -62.0, 86.0, -426.0, -414.0, 394.0, -16.0, -96.0, -388.0, -56.0, -548.0, -362.0, -312.0, -236.0, 4.0, -62.0, 188.0, -272.0, 12.0, 260.0, 528.0, -260.0, 54.0, -860.0, -112.0, 190.0, 96.0, 250.0, -170.0, -352.0, 358.0, -684.0, -322.0, 460.0, 20.0, -462.0, 492.0, 18.0, 316.0, 174.0, 192.0, 388.0, -330.0, 600.0, -570.0, 790.0, -170.0, -322.0, 74.0, 98.0, -504.0, -98.0, -200.0, -276.0, -148.0, -172.0, 12.0, -146.0, 294.0, -198.0, -586.0, -380.0, -122.0, -272.0, 412.0, -206.0, 82.0, 30.0, -66.0, 378.0, 6.0, 58.0, -320.0, -622.0, 246.0, -36.0, -234.0, 398.0, 246.0, 202.0, -640.0, 142.0, 356.0, 216.0, 324.0, 126.0, -264.0, -368.0, 186.0, 86.0, -492.0, 88.0, -194.0, 206.0, -226.0, -396.0, -514.0, 288.0, 380.0, 40.0, 78.0, -66.0, 262.0, -0.0, 210.0, -60.0, -120.0, 532.0, 174.0, -62.0, 942.0, -352.0, 46.0, -508.0, -8.0, 448.0, 30.0, 302.0, -134.0, -178.0, -102.0, -444.0, 166.0, -544.0, 570.0, -394.0, -300.0, -266.0, 224.0, 26.0, -98.0, -36.0, -204.0, 36.0, -614.0, 132.0, 462.0, 174.0, 192.0, -854.0, -102.0, -258.0, 438.0, 646.0, -132.0, 612.0, -682.0, -434.0, 104.0, 60.0, 66.0, -104.0, -396.0, 50.0, 132.0, 180.0, 206.0, -554.0, -278.0, 448.0, -24.0, 394.0, -10.0, -62.0, 764.0, 90.0, -222.0, -174.0, -446.0, 130.0, -916.0, 110.0, 244.0, -26.0, -470.0, -80.0, 272.0, -706.0, 122.0, -184.0, 210.0, -416.0, -8.0, 300.0, -394.0, -62.0, -626.0, 652.0, 240.0, -394.0, 218.0, -358.0, 378.0], [-198.0, 186.0, 160.0, -144.0, 76.0, -352.0, -300.0, -62.0, -100000.0, 44.0, 316.0, -364.0, -268.0, -102.0, 254.0, -202.0, 218.0, -358.0, 140.0, -138.0, -474.0, 114.0, -248.0, -210.0, -42.0, 218.0, -46.0, 114.0, -758.0, 112.0, 50.0, 58.0, 580.0, -622.0, 540.0, -20.0, 14.0, -0.0, 38.0, 168.0, 50.0, -470.0, -412.0, -66.0, -272.0, 606.0, -236.0, -98.0, 278.0, -388.0, -134.0, -396.0, 32.0, -276.0, -80.0, 812.0, 500.0, 322.0, 460.0, 86.0, -78.0, 82.0, 198.0, -310.0, -76.0, 180.0, -496.0, 56.0, -218.0, -564.0, -58.0, -226.0, -320.0, 336.0, 168.0, -468.0, -12.0, -292.0, -452.0, -150.0, -48.0, 748.0, -54.0, 472.0, 164.0, -248.0, -192.0, 246.0, -164.0, 514.0, 150.0, 418.0, 608.0, -6.0, -202.0, -256.0, 228.0, -130.0, 206.0, 12.0, 188.0, -240.0, -38.0, -52.0, -74.0, 126.0, 54.0, -96.0, 196.0, -136.0, -158.0, -484.0, -318.0, -122.0, -450.0, -212.0, -444.0, 156.0, 510.0, -496.0, 178.0, -274.0, -42.0, -592.0, 16.0, 216.0, 624.0, 248.0, 658.0, 220.0, 518.0, -204.0, 204.0, -150.0, -672.0, 158.0, -364.0, -268.0, -134.0, -374.0, 166.0, 24.0, 166.0, -368.0, -616.0, 334.0, -328.0, -56.0, 292.0, -136.0, -124.0, 554.0, -162.0, 284.0, -288.0, -254.0, 238.0, -136.0, 70.0, 510.0, -104.0, -790.0, -170.0, -356.0, 220.0, -216.0, 182.0, -370.0, -40.0, 352.0, -240.0, 354.0, -604.0, -112.0, 172.0, -44.0, -616.0, -214.0, 152.0, 222.0, -184.0, -12.0, 166.0, 118.0, -28.0, 180.0, 294.0, 196.0, 106.0, -298.0, 22.0, 252.0, 484.0, 268.0, 162.0, -158.0, -232.0, -52.0, 112.0, 168.0], [-410.0, -18.0, 252.0, 156.0, -268.0, -172.0, 180.0, 86.0, 44.0, -100000.0, -396.0, -124.0, 648.0, -18.0, -198.0, 462.0, 358.0, 182.0, 148.0, 458.0, 94.0, -266.0, 88.0, 38.0, 238.0, -358.0, 62.0, -370.0, 438.0, -260.0, -38.0, 490.0, 216.0, -58.0, 236.0, -524.0, 222.0, 512.0, 230.0, 100.0, -74.0, -346.0, 184.0, 538.0, -312.0, 170.0, 540.0, 486.0, -42.0, -520.0, -194.0, -212.0, 488.0, 368.0, -568.0, -448.0, 372.0, 938.0, -180.0, 354.0, -142.0, -190.0, -154.0, -22.0, -388.0, -508.0, -276.0, 80.0, 118.0, 344.0, 158.0, 78.0, -400.0, -436.0, 476.0, -148.0, 748.0, -16.0, 64.0, 218.0, -296.0, 44.0, 42.0, 316.0, 452.0, 108.0, 64.0, -802.0, 56.0, 754.0, -262.0, 394.0, -436.0, -166.0, 606.0, -192.0, -272.0, -258.0, 750.0, -288.0, 284.0, -24.0, 94.0, 196.0, -378.0, -566.0, 162.0, -148.0, -52.0, -364.0, -366.0, -376.0, -66.0, -66.0, -178.0, -288.0, -276.0, -740.0, 162.0, -180.0, 66.0, -90.0, 458.0, 24.0, -512.0, 548.0, -460.0, 440.0, 298.0, 420.0, 602.0, -80.0, 336.0, -658.0, 252.0, -346.0, 4.0, -344.0, 102.0, -190.0, 234.0, 12.0, -222.0, -276.0, -180.0, -654.0, 176.0, -68.0, 196.0, 528.0, -228.0, -174.0, -478.0, 24.0, 52.0, -358.0, 178.0, 36.0, -142.0, -318.0, -100.0, 346.0, 542.0, 312.0, -52.0, 196.0, -274.0, -154.0, 52.0, 76.0, 404.0, -6.0, 428.0, 368.0, -336.0, -36.0, 204.0, 50.0, 152.0, -222.0, -84.0, 220.0, -370.0, -214.0, 284.0, 472.0, 330.0, 408.0, -154.0, 462.0, 366.0, -160.0, -448.0, 272.0, 170.0, 178.0, 296.0, -156.0, -96.0, -260.0], [594.0, -326.0, -40.0, 84.0, 348.0, -368.0, 112.0, -426.0, 316.0, -396.0, -100000.0, -44.0, 376.0, -338.0, -258.0, -606.0, -258.0, 90.0, 164.0, -150.0, 222.0, 458.0, -216.0, 610.0, -178.0, -278.0, 274.0, -154.0, 414.0, 248.0, 110.0, -550.0, -400.0, -274.0, 352.0, -0.0, -282.0, -56.0, 34.0, -84.0, 90.0, 294.0, -160.0, -38.0, 484.0, 118.0, 96.0, 18.0, -42.0, 352.0, 382.0, -80.0, -100.0, -24.0, -56.0, 36.0, 204.0, -506.0, 244.0, 390.0, 106.0, 342.0, 186.0, 178.0, 436.0, -104.0, -524.0, -372.0, -354.0, -440.0, -118.0, -654.0, 184.0, 304.0, 316.0, -224.0, -240.0, -120.0, -428.0, 378.0, 92.0, 640.0, 230.0, -4.0, -132.0, -76.0, 452.0, 86.0, 144.0, 6.0, 222.0, 250.0, 24.0, -566.0, 198.0, -268.0, -384.0, -382.0, -182.0, -12.0, -28.0, 160.0, -462.0, 40.0, -154.0, 306.0, 262.0, 744.0, -744.0, 612.0, 206.0, 140.0, 210.0, 86.0, -470.0, -4.0, 260.0, -176.0, -102.0, 256.0, 422.0, 354.0, 34.0, -304.0, 12.0, 784.0, -388.0, -116.0, 450.0, 396.0, 290.0, 56.0, 644.0, -74.0, -340.0, 34.0, -184.0, -188.0, -302.0, 62.0, -114.0, -376.0, 114.0, 1100.0, -140.0, -578.0, -260.0, -120.0, 156.0, 196.0, -512.0, 30.0, -246.0, 320.0, -192.0, -250.0, 306.0, 472.0, -186.0, 162.0, 152.0, -58.0, 114.0, 180.0, 560.0, -44.0, 482.0, 342.0, -808.0, -464.0, -376.0, 482.0, 56.0, -300.0, 196.0, -60.0, 240.0, -110.0, -52.0, -178.0, 184.0, -204.0, 258.0, 190.0, 28.0, -64.0, 6.0, -188.0, -326.0, -122.0, 182.0, 32.0, 276.0, 336.0, 10.0, -322.0, -84.0, -624.0, -116.0, 224.0], [-290.0, 42.0, 56.0, 292.0, 252.0, -16.0, -80.0, -414.0, -364.0, -124.0, -44.0, -100000.0, -416.0, 22.0, 118.0, 394.0, -546.0, -86.0, 272.0, 82.0, 142.0, 90.0, -264.0, -78.0, -22.0, -506.0, -170.0, 446.0, 354.0, 312.0, 38.0, -246.0, 388.0, 270.0, 172.0, 352.0, 394.0, 376.0, -374.0, -72.0, -298.0, 546.0, 160.0, 50.0, -700.0, 270.0, -24.0, 178.0, -446.0, -4.0, 50.0, -180.0, 368.0, -536.0, 24.0, -376.0, -544.0, 390.0, 464.0, 774.0, -390.0, -766.0, -30.0, 358.0, 392.0, 792.0, 156.0, 76.0, 2.0, 468.0, 50.0, 402.0, 320.0, -152.0, -268.0, 312.0, -188.0, 196.0, 212.0, 550.0, -32.0, 216.0, 158.0, 164.0, -32.0, -332.0, 264.0, -170.0, -192.0, 26.0, -118.0, 134.0, -48.0, 162.0, -154.0, -180.0, -184.0, 150.0, 70.0, 56.0, 732.0, -172.0, 34.0, -492.0, -382.0, 234.0, -74.0, -336.0, 728.0, 320.0, 222.0, -140.0, 126.0, -334.0, 250.0, 40.0, -444.0, 324.0, -590.0, -172.0, -226.0, 458.0, 338.0, -404.0, -324.0, 124.0, -224.0, 132.0, -2.0, 228.0, -594.0, -56.0, -164.0, 426.0, -44.0, 234.0, -28.0, 384.0, -98.0, -166.0, 402.0, -144.0, 26.0, -96.0, 552.0, -50.0, 496.0, -248.0, 156.0, -616.0, 84.0, -194.0, -18.0, -116.0, 184.0, 46.0, -162.0, -592.0, 230.0, -310.0, 284.0, -426.0, -214.0, 492.0, -44.0, -584.0, 266.0, 182.0, 116.0, 540.0, -124.0, 366.0, 36.0, 444.0, -220.0, 256.0, -264.0, 282.0, -380.0, -614.0, 236.0, -408.0, -606.0, 274.0, -48.0, -128.0, -106.0, 472.0, -254.0, -402.0, -34.0, -392.0, -0.0, -52.0, -2.0, -622.0, 68.0, 44.0, 332.0, 532.0], [678.0, -166.0, -300.0, -88.0, -256.0, -48.0, -24.0, 394.0, -268.0, 648.0, 376.0, -416.0, -100000.0, -274.0, 82.0, 194.0, 30.0, -38.0, 704.0, 34.0, 106.0, -270.0, -148.0, 50.0, -74.0, 546.0, 546.0, 146.0, -426.0, -568.0, -366.0, -26.0, -240.0, 174.0, 32.0, 880.0, -914.0, 8.0, -518.0, 280.0, 122.0, 202.0, 12.0, 710.0, 304.0, -258.0, 308.0, -18.0, -134.0, -156.0, 438.0, -248.0, -24.0, -436.0, -240.0, -188.0, -116.0, -178.0, 168.0, 126.0, -662.0, 258.0, -178.0, 202.0, -328.0, -272.0, 152.0, -300.0, 474.0, -156.0, -138.0, 142.0, -72.0, -216.0, -400.0, 192.0, -52.0, 468.0, 288.0, -138.0, 184.0, 704.0, 498.0, -52.0, -292.0, 368.0, -12.0, -126.0, -240.0, 178.0, -218.0, 146.0, 108.0, -22.0, -426.0, -148.0, -560.0, -446.0, 686.0, 176.0, 404.0, -464.0, 154.0, -148.0, -46.0, -174.0, 130.0, 68.0, -160.0, 300.0, -382.0, -164.0, 454.0, -202.0, 18.0, 184.0, 184.0, 392.0, -18.0, -400.0, 134.0, 490.0, -82.0, -24.0, -56.0, -428.0, -680.0, 360.0, 386.0, 436.0, 186.0, 76.0, -132.0, -102.0, -212.0, 274.0, 52.0, 196.0, -414.0, -54.0, -422.0, -288.0, 6.0, -476.0, 88.0, -114.0, 528.0, -120.0, -224.0, 372.0, 496.0, 46.0, -158.0, 44.0, -476.0, 502.0, -406.0, 312.0, 18.0, -42.0, -588.0, 114.0, 122.0, -128.0, 316.0, 84.0, 278.0, 214.0, 8.0, 68.0, 84.0, 126.0, 396.0, -308.0, 308.0, -184.0, -216.0, 122.0, -20.0, 758.0, 312.0, 288.0, -158.0, 146.0, -128.0, -512.0, 110.0, 316.0, -66.0, -46.0, -490.0, -4.0, 372.0, 432.0, 86.0, -270.0, -272.0, -504.0, -532.0, -324.0], [-220.0, 312.0, 178.0, 190.0, 298.0, -74.0, -146.0, -16.0, -102.0, -18.0, -338.0, 22.0, -274.0, -100000.0, 332.0, -528.0, -400.0, 92.0, 662.0, 108.0, -352.0, 508.0, 370.0, 372.0, 288.0, 232.0, 496.0, -116.0, 28.0, -286.0, -116.0, -292.0, 134.0, -328.0, -50.0, -410.0, -216.0, 294.0, 4.0, 798.0, -284.0, -124.0, -150.0, -108.0, -398.0, 412.0, 70.0, -468.0, 556.0, -74.0, 184.0, -166.0, -202.0, -42.0, 510.0, 90.0, -186.0, -404.0, -226.0, 336.0, -376.0, -76.0, 28.0, 264.0, -390.0, -258.0, -310.0, -18.0, 400.0, -466.0, 180.0, -108.0, -254.0, -38.0, -2.0, -94.0, 490.0, -398.0, -58.0, 476.0, 362.0, 38.0, -160.0, -242.0, -122.0, 306.0, -282.0, 16.0, 86.0, 212.0, -152.0, -92.0, -546.0, -316.0, -496.0, 582.0, -778.0, -472.0, 288.0, -246.0, 458.0, -386.0, 128.0, -318.0, 152.0, 188.0, -380.0, 110.0, -66.0, 154.0, -248.0, -514.0, -312.0, 192.0, -464.0, -258.0, -698.0, 110.0, 764.0, 250.0, 8.0, 80.0, 224.0, -558.0, -582.0, -130.0, -62.0, 114.0, -576.0, 206.0, -340.0, 138.0, 278.0, -308.0, -38.0, 212.0, 174.0, 162.0, -164.0, -356.0, -108.0, -362.0, 24.0, -466.0, 366.0, 412.0, -66.0, -86.0, -134.0, -562.0, 150.0, 132.0, -120.0, 138.0, -374.0, -572.0, 112.0, 250.0, 812.0, 240.0, 50.0, 472.0, 544.0, 534.0, -94.0, -26.0, 36.0, -744.0, 362.0, 346.0, -154.0, -312.0, -166.0, -326.0, -38.0, -514.0, 22.0, -212.0, 278.0, -480.0, -346.0, -354.0, 8.0, -180.0, -50.0, -74.0, 236.0, 366.0, -256.0, -352.0, 16.0, 82.0, -246.0, -370.0, -356.0, -16.0, -134.0, 874.0, -110.0, 306.0], [192.0, -164.0, -302.0, 114.0, -298.0, 126.0, 414.0, -96.0, 254.0, -198.0, -258.0, 118.0, 82.0, 332.0, -100000.0, 512.0, -8.0, -352.0, 678.0, -12.0, 224.0, -216.0, -6.0, -308.0, -448.0, 204.0, 28.0, -104.0, -272.0, -194.0, -372.0, -500.0, -202.0, 320.0, 442.0, -270.0, -88.0, -98.0, 204.0, -574.0, 188.0, -184.0, -370.0, 608.0, -334.0, 16.0, -274.0, -372.0, -108.0, 198.0, 212.0, -182.0, 370.0, -226.0, 94.0, 66.0, -374.0, 220.0, 310.0, -432.0, 124.0, 72.0, -348.0, -52.0, -410.0, 254.0, 254.0, 398.0, -20.0, 246.0, 260.0, -132.0, -206.0, -202.0, -302.0, -110.0, -106.0, -646.0, 70.0, 236.0, -154.0, -446.0, 344.0, 170.0, -306.0, 238.0, 494.0, 304.0, -118.0, -404.0, -676.0, -212.0, 262.0, 108.0, 384.0, 226.0, 394.0, -392.0, 460.0, -590.0, 378.0, 98.0, 568.0, 410.0, 300.0, 344.0, 332.0, -694.0, 46.0, 210.0, -44.0, -202.0, 312.0, 112.0, -40.0, -274.0, -442.0, -590.0, 44.0, 102.0, 320.0, -296.0, 516.0, -342.0, -474.0, 366.0, -482.0, 226.0, 220.0, 258.0, -80.0, -550.0, -302.0, -140.0, -410.0, 84.0, -338.0, 110.0, 220.0, -140.0, -136.0, -234.0, 372.0, 150.0, 490.0, -316.0, 498.0, 206.0, -274.0, -254.0, -234.0, -60.0, 288.0, 50.0, 522.0, -232.0, 548.0, -222.0, 676.0, 140.0, 14.0, 8.0, 136.0, 134.0, 62.0, 146.0, 140.0, 272.0, -202.0, -286.0, 386.0, 412.0, 462.0, -98.0, 398.0, 214.0, -34.0, 64.0, -102.0, 528.0, -430.0, -42.0, -104.0, -88.0, -186.0, -230.0, 12.0, 98.0, -128.0, -68.0, 352.0, -474.0, 86.0, -222.0, -180.0, -252.0, 58.0, -118.0, -554.0, -350.0], [-32.0, 356.0, 502.0, 170.0, 394.0, 138.0, 426.0, -388.0, -202.0, 462.0, -606.0, 394.0, 194.0, -528.0, 512.0, -100000.0, 132.0, -284.0, 30.0, -240.0, -244.0, -4.0, 518.0, 436.0, -160.0, -636.0, 180.0, -76.0, 336.0, -958.0, 12.0, -380.0, -158.0, -136.0, -298.0, -102.0, 316.0, -582.0, -16.0, -370.0, -416.0, -460.0, 58.0, 276.0, 190.0, 92.0, -382.0, -604.0, 172.0, 402.0, -232.0, -22.0, -414.0, -174.0, 190.0, -310.0, -66.0, 396.0, 294.0, 280.0, 96.0, -88.0, -120.0, 480.0, 58.0, -134.0, -342.0, 194.0, 128.0, -162.0, -88.0, -4.0, -138.0, 98.0, 110.0, -230.0, 330.0, -582.0, 122.0, 392.0, 366.0, 314.0, 512.0, 542.0, 266.0, -90.0, 106.0, 120.0, 78.0, -168.0, 604.0, 104.0, 198.0, 176.0, -128.0, -34.0, 58.0, 124.0, 140.0, -670.0, 318.0, -234.0, -312.0, -90.0, -32.0, 428.0, -160.0, 318.0, 506.0, 550.0, 16.0, -102.0, 304.0, 672.0, 4.0, 270.0, -558.0, -306.0, 204.0, -158.0, 244.0, -88.0, -232.0, 142.0, -90.0, -258.0, 466.0, 686.0, -136.0, -94.0, 156.0, 54.0, -178.0, 392.0, -74.0, 360.0, 58.0, -138.0, 156.0, -396.0, -4.0, -46.0, -204.0, 98.0, 290.0, -252.0, -50.0, 34.0, 182.0, -202.0, 714.0, -52.0, 372.0, -102.0, -674.0, -348.0, -240.0, 426.0, 48.0, -108.0, 350.0, -272.0, 112.0, 318.0, -194.0, -14.0, 24.0, 180.0, 514.0, 162.0, -150.0, -404.0, 374.0, -66.0, -38.0, -122.0, -194.0, 492.0, -430.0, -148.0, -330.0, -278.0, 20.0, -420.0, 274.0, 650.0, -4.0, -770.0, 200.0, 256.0, 316.0, 366.0, 686.0, -2.0, 44.0, 416.0, -22.0, 94.0, -530.0, 222.0], [120.0, 580.0, -70.0, -394.0, -546.0, -94.0, 118.0, -56.0, 218.0, 358.0, -258.0, -546.0, 30.0, -400.0, -8.0, 132.0, -100000.0, 332.0, 2.0, -600.0, -544.0, -68.0, 262.0, -180.0, 524.0, -132.0, -300.0, -20.0, -184.0, -194.0, -180.0, -284.0, 110.0, -64.0, -338.0, 622.0, -176.0, -46.0, -92.0, 290.0, -180.0, 188.0, -198.0, 196.0, -266.0, -556.0, 158.0, -180.0, 216.0, 414.0, -84.0, 254.0, -134.0, 474.0, -330.0, -210.0, 182.0, -92.0, 514.0, 216.0, -96.0, -252.0, -424.0, -380.0, -242.0, -338.0, 22.0, 74.0, -12.0, -578.0, -244.0, -292.0, -458.0, -434.0, -386.0, -246.0, 286.0, 442.0, 50.0, 176.0, 182.0, -130.0, -324.0, -150.0, -18.0, 110.0, 246.0, -4.0, 382.0, -132.0, -0.0, -376.0, 578.0, 620.0, 120.0, -110.0, -366.0, 36.0, 136.0, -14.0, -174.0, 478.0, -16.0, -210.0, -384.0, -152.0, -328.0, 106.0, -358.0, -350.0, 92.0, -858.0, -588.0, -60.0, 244.0, 118.0, 210.0, -362.0, 172.0, -446.0, -100.0, -244.0, 736.0, 46.0, -86.0, -2.0, 210.0, -474.0, -208.0, 206.0, -420.0, -586.0, -298.0, 304.0, 94.0, -368.0, -114.0, -562.0, 376.0, 652.0, -276.0, -46.0, 176.0, -378.0, -94.0, 92.0, -158.0, -302.0, 334.0, 402.0, 78.0, 196.0, 136.0, 246.0, -146.0, -176.0, -252.0, -190.0, 416.0, -4.0, -214.0, 88.0, 168.0, 62.0, -414.0, 182.0, 232.0, -144.0, 230.0, 42.0, -26.0, 8.0, -74.0, -234.0, -290.0, -238.0, 498.0, -316.0, -566.0, -112.0, 142.0, 470.0, -48.0, 8.0, 558.0, 382.0, -84.0, -150.0, 168.0, 4.0, 204.0, -30.0, 330.0, -294.0, -252.0, 388.0, -354.0, -118.0, 146.0, -178.0], [116.0, -0.0, 458.0, 278.0, -102.0, 230.0, -258.0, -548.0, -358.0, 182.0, 90.0, -86.0, -38.0, 92.0, -352.0, -284.0, 332.0, -100000.0, -170.0, -104.0, 336.0, 232.0, 182.0, 408.0, 164.0, -36.0, 140.0, 316.0, 348.0, 174.0, -140.0, -112.0, 258.0, 124.0, -466.0, -58.0, 540.0, -470.0, 352.0, -154.0, 992.0, -468.0, 214.0, -540.0, -50.0, -516.0, -418.0, 492.0, -116.0, -530.0, 224.0, -226.0, 202.0, -2.0, -378.0, -110.0, -298.0, 224.0, 70.0, 392.0, 384.0, 292.0, -276.0, -240.0, -470.0, -246.0, 122.0, -394.0, 128.0, -286.0, 344.0, -368.0, -238.0, 754.0, 82.0, 82.0, 334.0, 306.0, -2.0, 76.0, 162.0, -290.0, -412.0, 26.0, -322.0, -390.0, 290.0, 296.0, 442.0, 348.0, -176.0, -188.0, -82.0, 132.0, -36.0, 154.0, 350.0, -28.0, 16.0, -134.0, 14.0, -98.0, -156.0, -26.0, 468.0, -128.0, 168.0, -54.0, 158.0, 434.0, 36.0, -30.0, 260.0, -44.0, 296.0, -170.0, -410.0, 790.0, 44.0, -754.0, 172.0, 148.0, 136.0, 178.0, 410.0, -2.0, -806.0, 470.0, 420.0, 90.0, 88.0, -182.0, -330.0, -164.0, -122.0, -648.0, 78.0, -358.0, 212.0, 64.0, -380.0, 134.0, -12.0, 170.0, -102.0, 876.0, 178.0, 290.0, -294.0, 18.0, 374.0, 236.0, -56.0, 98.0, 562.0, 500.0, 40.0, -22.0, 484.0, 40.0, 334.0, -52.0, -568.0, 254.0, -254.0, 422.0, -132.0, 200.0, 230.0, -486.0, 114.0, 32.0, -18.0, 126.0, 230.0, 290.0, -14.0, 752.0, -70.0, -388.0, 230.0, -90.0, -4.0, -32.0, -186.0, -146.0, -244.0, -42.0, -472.0, -108.0, -484.0, -54.0, -94.0, -130.0, -468.0, 216.0, 42.0, 322.0, -2.0, -86.0], [382.0, -286.0, -236.0, -448.0, 68.0, -324.0, 240.0, -362.0, 140.0, 148.0, 164.0, 272.0, 704.0, 662.0, 678.0, 30.0, 2.0, -170.0, -100000.0, 110.0, 322.0, 86.0, 224.0, -586.0, 6.0, -342.0, 266.0, -326.0, -406.0, 476.0, -450.0, -98.0, 280.0, 50.0, -100.0, 276.0, 278.0, -144.0, -18.0, 272.0, -698.0, -2.0, -128.0, -42.0, -8.0, 638.0, -144.0, 230.0, 230.0, -284.0, 402.0, 148.0, -356.0, 228.0, 452.0, -12.0, -568.0, -414.0, -272.0, -422.0, 250.0, 126.0, -10.0, -182.0, -388.0, 88.0, -336.0, 44.0, -86.0, -212.0, 26.0, 258.0, -640.0, -156.0, -44.0, 480.0, -232.0, 548.0, 552.0, -162.0, -40.0, -116.0, 326.0, 276.0, -8.0, -112.0, 456.0, 166.0, -60.0, 118.0, 130.0, 166.0, -268.0, -470.0, -134.0, -48.0, 568.0, 158.0, 318.0, -416.0, 228.0, -428.0, -118.0, 400.0, -322.0, -654.0, 286.0, -16.0, -0.0, -268.0, 614.0, -276.0, 154.0, 278.0, 94.0, -424.0, 340.0, -156.0, 90.0, 20.0, 274.0, -346.0, 606.0, -200.0, -152.0, 304.0, -228.0, 700.0, -426.0, 512.0, 246.0, 168.0, 516.0, 550.0, -200.0, -426.0, -276.0, -228.0, 322.0, -190.0, -10.0, 260.0, 18.0, -4.0, 568.0, 378.0, -380.0, 104.0, -168.0, -84.0, 164.0, 98.0, 262.0, 180.0, 104.0, 330.0, 182.0, 28.0, -142.0, 274.0, 232.0, 962.0, -102.0, 440.0, 232.0, 180.0, 294.0, 398.0, 164.0, -384.0, -976.0, -206.0, -496.0, 232.0, -268.0, -48.0, 348.0, -462.0, -200.0, -470.0, 48.0, -396.0, 446.0, -638.0, 12.0, -88.0, 438.0, 424.0, 554.0, 262.0, -154.0, 144.0, 344.0, -256.0, -182.0, 674.0, -392.0, -24.0, 20.0, 24.0], [140.0, 456.0, 302.0, -370.0, -178.0, 130.0, 202.0, -312.0, -138.0, 458.0, -150.0, 82.0, 34.0, 108.0, -12.0, -240.0, -600.0, -104.0, 110.0, -100000.0, -4.0, 180.0, -306.0, -332.0, -492.0, 252.0, 384.0, 372.0, 184.0, 158.0, -128.0, -88.0, 242.0, 148.0, 242.0, -94.0, -124.0, -150.0, -88.0, 290.0, 516.0, 196.0, 102.0, 136.0, -306.0, -528.0, -34.0, -208.0, -376.0, 142.0, 1044.0, 26.0, 154.0, -626.0, 378.0, -178.0, 406.0, -444.0, -142.0, -664.0, -172.0, -304.0, -584.0, 64.0, 134.0, 470.0, -90.0, 306.0, -584.0, 274.0, 144.0, -336.0, 350.0, -366.0, -450.0, 26.0, 38.0, -150.0, -122.0, -268.0, -406.0, -170.0, -96.0, 98.0, -338.0, -58.0, 138.0, 544.0, 250.0, 680.0, 228.0, 8.0, 66.0, 432.0, 84.0, -302.0, -614.0, 320.0, 196.0, -74.0, -158.0, -626.0, -84.0, 214.0, 272.0, 532.0, 696.0, 10.0, -190.0, -82.0, 92.0, -514.0, -92.0, 332.0, 80.0, 90.0, 74.0, -74.0, -512.0, -270.0, 548.0, 8.0, 56.0, -290.0, 34.0, -306.0, 34.0, -666.0, -180.0, -170.0, -84.0, 542.0, -266.0, 60.0, 66.0, 112.0, 86.0, 322.0, 336.0, 224.0, -56.0, 342.0, 8.0, 54.0, -458.0, 372.0, -86.0, -398.0, -418.0, 542.0, -374.0, -144.0, -276.0, 186.0, -514.0, -528.0, 168.0, 222.0, 392.0, -112.0, -670.0, 12.0, -436.0, -110.0, 530.0, -198.0, 12.0, -216.0, -170.0, -162.0, 174.0, 220.0, -650.0, -130.0, 158.0, 214.0, 294.0, 204.0, -242.0, -352.0, 134.0, 362.0, -540.0, -148.0, -98.0, -390.0, -4.0, 166.0, -428.0, -96.0, -444.0, 18.0, 290.0, -194.0, 224.0, 288.0, 34.0, 402.0, -6.0, -270.0], [-180.0, -256.0, 242.0, 18.0, -82.0, -222.0, 290.0, -236.0, -474.0, 94.0, 222.0, 142.0, 106.0, -352.0, 224.0, -244.0, -544.0, 336.0, 322.0, -4.0, -100000.0, -636.0, -334.0, 356.0, 516.0, 320.0, -212.0, 120.0, -204.0, -62.0, -240.0, -128.0, -26.0, 104.0, 178.0, -306.0, -16.0, 498.0, 304.0, -86.0, -36.0, -80.0, -66.0, -312.0, 186.0, 96.0, 558.0, -40.0, -136.0, -82.0, 552.0, 94.0, -34.0, 70.0, 318.0, 138.0, -82.0, 328.0, -450.0, -272.0, -108.0, -364.0, -548.0, 148.0, 14.0, -362.0, 122.0, 34.0, 380.0, 154.0, 40.0, -200.0, 122.0, 442.0, -366.0, -318.0, -638.0, 422.0, -154.0, 72.0, 202.0, 214.0, 364.0, 106.0, -738.0, 238.0, -822.0, 432.0, -134.0, 216.0, 608.0, 148.0, 206.0, 292.0, -556.0, -378.0, -70.0, -720.0, 8.0, 74.0, -46.0, 42.0, 84.0, 10.0, -804.0, -100.0, 220.0, 2.0, -294.0, 158.0, 168.0, -314.0, -52.0, 252.0, -56.0, 794.0, -162.0, -54.0, 40.0, 730.0, 20.0, 384.0, 208.0, -2.0, -90.0, 86.0, 62.0, -102.0, 648.0, -130.0, -192.0, 286.0, 442.0, 532.0, -526.0, 80.0, 198.0, 222.0, -308.0, -88.0, 112.0, -210.0, -8.0, -154.0, -622.0, -76.0, -42.0, 146.0, 262.0, 134.0, -126.0, 200.0, 428.0, -434.0, -326.0, 164.0, -652.0, -362.0, -292.0, 28.0, -30.0, 40.0, -348.0, -178.0, -590.0, 370.0, -468.0, -516.0, 110.0, 346.0, 338.0, -228.0, -106.0, -18.0, 462.0, -74.0, -130.0, -668.0, 2.0, 244.0, 678.0, 26.0, 284.0, 376.0, -406.0, 250.0, 24.0, -162.0, 60.0, 236.0, -112.0, -30.0, 534.0, 86.0, 280.0, 332.0, -46.0, -82.0, 746.0, -242.0], [292.0, 60.0, -342.0, -490.0, 294.0, -50.0, 686.0, 4.0, 114.0, -266.0, 458.0, 90.0, -270.0, 508.0, -216.0, -4.0, -68.0, 232.0, 86.0, 180.0, -636.0, -100000.0, -74.0, 272.0, 76.0, -88.0, -304.0, 80.0, -108.0, 126.0, -308.0, 340.0, 182.0, -40.0, 34.0, -58.0, -48.0, -354.0, 460.0, 130.0, 56.0, -600.0, 66.0, -756.0, 174.0, -60.0, -26.0, -912.0, 44.0, -206.0, -28.0, -94.0, -422.0, 18.0, -242.0, 446.0, -522.0, -108.0, -462.0, -0.0, 580.0, 72.0, 128.0, 224.0, -26.0, 422.0, 6.0, 286.0, -424.0, -70.0, 144.0, -180.0, -378.0, 346.0, -2.0, -86.0, -74.0, 454.0, 542.0, -504.0, -194.0, 78.0, 104.0, 646.0, 30.0, -94.0, 102.0, -180.0, -558.0, 288.0, 112.0, 64.0, 194.0, 324.0, -416.0, -350.0, 182.0, -436.0, -556.0, 66.0, -306.0, -814.0, 408.0, -182.0, 44.0, -588.0, -384.0, -246.0, 450.0, -790.0, 196.0, -442.0, 44.0, 228.0, 28.0, 14.0, 102.0, 174.0, 148.0, -162.0, -600.0, 116.0, -124.0, 14.0, -130.0, -354.0, -2.0, 150.0, -728.0, 174.0, 528.0, 830.0, -110.0, -44.0, 642.0, 60.0, -730.0, -370.0, -84.0, -180.0, -256.0, -634.0, 192.0, -162.0, 210.0, 108.0, -66.0, -290.0, -526.0, 370.0, 538.0, 76.0, 588.0, -238.0, 62.0, -404.0, -196.0, -174.0, -48.0, 368.0, 594.0, -96.0, 192.0, -142.0, 426.0, -114.0, 196.0, -656.0, -338.0, -334.0, 250.0, -12.0, -230.0, -214.0, -50.0, 70.0, 6.0, 328.0, 506.0, 136.0, 510.0, -434.0, -500.0, 16.0, 98.0, -234.0, 520.0, -410.0, 124.0, -664.0, -660.0, 250.0, 654.0, 626.0, -140.0, 44.0, 114.0, 566.0, -318.0, -86.0], [-58.0, -286.0, 224.0, -620.0, -124.0, -488.0, -200.0, -62.0, -248.0, 88.0, -216.0, -264.0, -148.0, 370.0, -6.0, 518.0, 262.0, 182.0, 224.0, -306.0, -334.0, -74.0, -100000.0, 382.0, 198.0, 126.0, 142.0, 494.0, -10.0, 156.0, 54.0, 258.0, 304.0, -450.0, -628.0, -524.0, 242.0, 140.0, 430.0, 288.0, 34.0, 142.0, 148.0, -318.0, 368.0, 466.0, -44.0, -98.0, -78.0, 324.0, 262.0, 120.0, 452.0, 124.0, -484.0, -376.0, -76.0, -746.0, -28.0, 182.0, 362.0, 78.0, -298.0, 386.0, -372.0, -808.0, 24.0, -404.0, -726.0, -648.0, 134.0, -114.0, 56.0, 356.0, 152.0, -4.0, 296.0, 288.0, 144.0, -454.0, 172.0, 156.0, -290.0, -212.0, 12.0, -136.0, -56.0, -74.0, -528.0, -214.0, -298.0, 378.0, 492.0, -62.0, -730.0, 280.0, 88.0, 286.0, 170.0, 432.0, 36.0, 40.0, -354.0, 24.0, 430.0, 62.0, -382.0, -56.0, -844.0, 336.0, -146.0, -164.0, -222.0, -754.0, 306.0, -156.0, 568.0, -12.0, -182.0, -68.0, 110.0, 218.0, -74.0, 184.0, -588.0, -368.0, 364.0, 800.0, -174.0, -360.0, 78.0, -464.0, 148.0, -98.0, 596.0, -134.0, -184.0, -292.0, -258.0, 258.0, -210.0, 240.0, 122.0, -576.0, 372.0, -206.0, -296.0, 276.0, -192.0, 240.0, -100.0, -370.0, -142.0, 372.0, 76.0, 50.0, 138.0, -208.0, 270.0, 58.0, 68.0, -466.0, 242.0, -396.0, 92.0, -460.0, 778.0, -310.0, -180.0, -108.0, 288.0, -330.0, 368.0, -72.0, 36.0, 160.0, 172.0, -102.0, -268.0, -82.0, 88.0, -60.0, -510.0, -54.0, 80.0, 200.0, -310.0, -52.0, -130.0, -366.0, 258.0, 524.0, 120.0, -260.0, -202.0, 102.0, -44.0, 300.0, 312.0, 120.0], [168.0, -324.0, 58.0, 254.0, -670.0, 582.0, -130.0, 188.0, -210.0, 38.0, 610.0, -78.0, 50.0, 372.0, -308.0, 436.0, -180.0, 408.0, -586.0, -332.0, 356.0, 272.0, 382.0, -100000.0, -720.0, 336.0, -184.0, -328.0, 220.0, -98.0, -76.0, -500.0, -422.0, -16.0, 230.0, 38.0, 424.0, -278.0, -44.0, 358.0, 80.0, -168.0, 586.0, 192.0, 250.0, 352.0, 590.0, 116.0, -640.0, 66.0, -40.0, 122.0, 194.0, 530.0, 66.0, 46.0, -230.0, 16.0, -38.0, -172.0, 156.0, -364.0, 412.0, 216.0, -2.0, -298.0, 310.0, -238.0, -372.0, -506.0, -612.0, -164.0, -142.0, -246.0, 26.0, 486.0, -886.0, -10.0, 82.0, 196.0, 174.0, -38.0, 184.0, 90.0, -42.0, 110.0, 106.0, 468.0, 674.0, 436.0, 192.0, 244.0, -74.0, -104.0, 104.0, -166.0, -10.0, 56.0, 52.0, 186.0, 58.0, 642.0, 112.0, -110.0, 404.0, -512.0, 64.0, -78.0, -398.0, 650.0, 40.0, -98.0, -28.0, -592.0, -228.0, -50.0, -226.0, 222.0, -740.0, -14.0, 272.0, 212.0, 220.0, 6.0, 330.0, 78.0, 138.0, -230.0, -68.0, 686.0, -380.0, 694.0, -174.0, 728.0, -82.0, -40.0, -106.0, -474.0, -100.0, -248.0, -440.0, 162.0, 184.0, 382.0, 346.0, 8.0, 218.0, -578.0, -226.0, 282.0, -74.0, -64.0, -228.0, 66.0, 94.0, 204.0, 744.0, 178.0, -560.0, 8.0, 438.0, -104.0, 68.0, -150.0, -406.0, -122.0, 204.0, -16.0, 170.0, -106.0, -538.0, -92.0, 850.0, 34.0, 398.0, -374.0, -62.0, 416.0, -194.0, 636.0, 498.0, -690.0, -72.0, 156.0, 62.0, 670.0, 52.0, 142.0, -288.0, 212.0, -180.0, -454.0, -102.0, -106.0, -184.0, 204.0, 118.0, 190.0, -370.0, -122.0], [88.0, 112.0, 422.0, 666.0, -766.0, -666.0, -266.0, -272.0, -42.0, 238.0, -178.0, -22.0, -74.0, 288.0, -448.0, -160.0, 524.0, 164.0, 6.0, -492.0, 516.0, 76.0, 198.0, -720.0, -100000.0, -136.0, -524.0, -28.0, 352.0, 70.0, -328.0, 176.0, -462.0, -468.0, -250.0, 38.0, 320.0, 218.0, -556.0, 462.0, 168.0, -220.0, 142.0, -636.0, -54.0, -284.0, 222.0, -436.0, 172.0, -90.0, 232.0, 158.0, -78.0, -218.0, -130.0, -394.0, -358.0, 188.0, 170.0, 624.0, 28.0, -216.0, 24.0, 400.0, -526.0, -354.0, 154.0, -6.0, -12.0, -506.0, 48.0, -304.0, 438.0, -226.0, -246.0, 322.0, -182.0, -110.0, -90.0, 756.0, -106.0, -414.0, -356.0, 126.0, 290.0, 150.0, 98.0, -512.0, -238.0, 292.0, -416.0, 332.0, -158.0, -56.0, 184.0, -234.0, -46.0, -88.0, -152.0, 18.0, -426.0, 82.0, -164.0, -174.0, 248.0, -112.0, 100.0, -70.0, 730.0, 94.0, 68.0, -490.0, -84.0, 68.0, 88.0, -158.0, 478.0, -434.0, 748.0, -394.0, -0.0, 548.0, 620.0, -198.0, -50.0, -42.0, -138.0, 90.0, -304.0, 418.0, -144.0, -334.0, -330.0, 276.0, 346.0, 76.0, 382.0, -606.0, 308.0, -48.0, -156.0, 334.0, -188.0, -186.0, 134.0, -476.0, -218.0, -426.0, -42.0, 198.0, -22.0, -240.0, -144.0, -110.0, 66.0, -204.0, -272.0, -898.0, -384.0, -36.0, -166.0, -428.0, 36.0, -262.0, 342.0, -146.0, -452.0, 284.0, 202.0, 254.0, -194.0, 272.0, 10.0, -102.0, -58.0, 166.0, -22.0, 208.0, 50.0, -328.0, 10.0, 182.0, -16.0, -216.0, 454.0, 42.0, 24.0, 94.0, -32.0, -808.0, -136.0, 106.0, 694.0, -222.0, -296.0, -324.0, -666.0, -362.0, 186.0, 14.0], [172.0, 20.0, -410.0, -206.0, -302.0, -630.0, 186.0, 12.0, 218.0, -358.0, -278.0, -506.0, 546.0, 232.0, 204.0, -636.0, -132.0, -36.0, -342.0, 252.0, 320.0, -88.0, 126.0, 336.0, -136.0, -100000.0, -520.0, 172.0, 40.0, 286.0, -56.0, -304.0, 550.0, -200.0, -82.0, 126.0, 24.0, -294.0, 48.0, 110.0, -112.0, -308.0, -458.0, -260.0, -454.0, 116.0, 138.0, 204.0, 200.0, 374.0, 432.0, -634.0, 330.0, 62.0, 398.0, -446.0, 122.0, 80.0, -238.0, -284.0, -204.0, 448.0, -136.0, 524.0, -406.0, -234.0, 338.0, -394.0, -96.0, 710.0, -244.0, 504.0, -110.0, 342.0, -94.0, 198.0, -150.0, -326.0, 18.0, 304.0, -78.0, -134.0, 16.0, 178.0, -374.0, 86.0, 14.0, 208.0, 102.0, -120.0, -64.0, 132.0, -170.0, -496.0, -76.0, 90.0, -254.0, 440.0, 304.0, -34.0, -526.0, -10.0, -72.0, -162.0, 180.0, 248.0, -472.0, 398.0, 410.0, 294.0, -24.0, 130.0, 492.0, -260.0, -160.0, -510.0, -214.0, 138.0, -20.0, -286.0, 628.0, -20.0, 128.0, 34.0, 130.0, 178.0, 506.0, 94.0, -808.0, 306.0, 272.0, -494.0, -210.0, 168.0, -758.0, 100.0, 454.0, 262.0, 680.0, 340.0, -340.0, 746.0, 148.0, -306.0, 262.0, -164.0, -282.0, -2.0, -414.0, 66.0, 190.0, 260.0, 256.0, -434.0, 618.0, 464.0, -384.0, 274.0, 360.0, -140.0, 62.0, 72.0, -224.0, 478.0, 98.0, 138.0, -184.0, 304.0, 162.0, 6.0, 94.0, -80.0, 254.0, 82.0, -330.0, 334.0, 154.0, 132.0, -258.0, 400.0, 226.0, -122.0, 684.0, 556.0, -82.0, -30.0, 132.0, -82.0, 136.0, 1024.0, -248.0, 490.0, -266.0, -494.0, -0.0, -304.0, -138.0, 178.0, 98.0, -102.0], [-440.0, 108.0, 50.0, -234.0, 106.0, -514.0, -498.0, 260.0, -46.0, 62.0, 274.0, -170.0, 546.0, 496.0, 28.0, 180.0, -300.0, 140.0, 266.0, 384.0, -212.0, -304.0, 142.0, -184.0, -524.0, -520.0, -100000.0, 120.0, 156.0, 94.0, 604.0, -284.0, -318.0, 256.0, -166.0, 338.0, 804.0, 66.0, -148.0, 222.0, 228.0, -152.0, 502.0, 376.0, 334.0, -176.0, -30.0, -340.0, -336.0, 22.0, -0.0, 274.0, -98.0, 90.0, 126.0, 270.0, -550.0, 784.0, -166.0, 364.0, 72.0, 640.0, 776.0, -320.0, 582.0, 378.0, -330.0, -206.0, -456.0, -154.0, 184.0, 304.0, 298.0, 210.0, 242.0, -382.0, -70.0, 138.0, 278.0, -24.0, 234.0, -26.0, 12.0, 22.0, 210.0, 466.0, -686.0, 700.0, 678.0, -148.0, 236.0, -296.0, -210.0, -240.0, -76.0, 82.0, -190.0, -216.0, -192.0, -386.0, -22.0, 386.0, 40.0, 374.0, -88.0, 4.0, -508.0, -322.0, -546.0, 162.0, -480.0, -598.0, 96.0, 424.0, -448.0, -814.0, 106.0, 606.0, 360.0, -906.0, -548.0, -128.0, -236.0, 222.0, -62.0, 170.0, -94.0, 286.0, 696.0, -126.0, -324.0, 182.0, -38.0, 148.0, -166.0, -312.0, 398.0, 366.0, -472.0, 56.0, -92.0, 162.0, -252.0, 218.0, 606.0, 32.0, 306.0, -226.0, 158.0, 330.0, 326.0, -232.0, 228.0, 402.0, -470.0, 244.0, 312.0, 318.0, -208.0, 84.0, 26.0, -0.0, -124.0, 146.0, 46.0, -170.0, -596.0, 264.0, 574.0, -154.0, 262.0, -368.0, -342.0, -70.0, -474.0, -430.0, -94.0, 132.0, 126.0, -92.0, 410.0, -82.0, -400.0, 496.0, 606.0, -354.0, 288.0, -66.0, -100.0, 108.0, 232.0, 78.0, -362.0, -370.0, -172.0, -48.0, 70.0, -494.0, -306.0, 34.0], [-76.0, 80.0, 214.0, -398.0, 54.0, 258.0, 306.0, 528.0, 114.0, -370.0, -154.0, 446.0, 146.0, -116.0, -104.0, -76.0, -20.0, 316.0, -326.0, 372.0, 120.0, 80.0, 494.0, -328.0, -28.0, 172.0, 120.0, -100000.0, -576.0, -222.0, -92.0, -128.0, -462.0, -332.0, 146.0, -118.0, 224.0, 246.0, 36.0, -322.0, -156.0, -364.0, 186.0, 196.0, 58.0, 284.0, 154.0, -160.0, 340.0, -530.0, 696.0, 282.0, -682.0, 350.0, 94.0, 594.0, -74.0, 84.0, -86.0, 92.0, 24.0, 524.0, -244.0, -36.0, 202.0, 258.0, 50.0, 30.0, 164.0, 190.0, 176.0, -128.0, 18.0, 38.0, 2.0, 210.0, -218.0, -246.0, 30.0, 248.0, -134.0, -314.0, -80.0, 726.0, 54.0, -90.0, -58.0, -272.0, 446.0, 376.0, -844.0, -188.0, -202.0, -224.0, -740.0, -102.0, 590.0, -240.0, 264.0,