{"connections": [[-1000000.0, -872.0, -788.0, 768.0, -168.0, 24.0, 1982.0, -1146.0, -988.0, 442.0, 1240.0, -202.0, 318.0, -370.0, -166.0, 96.0, -920.0, 1504.0, 1172.0, 590.0, -96.0, 14.0, -84.0, 1382.0, -1018.0, -628.0, -1632.0, -416.0, 148.0, 894.0, 36.0, -66.0, -344.0, 8.0, -2572.0, 904.0, 266.0, -170.0, 798.0, 1818.0, 1048.0, -2526.0, 472.0, -620.0, 466.0, 1062.0, 296.0, -20.0, 196.0, -928.0, 682.0, -1204.0, -1324.0, 36.0, -1586.0, 706.0, -128.0, 870.0, -892.0, 830.0, 1096.0, 656.0, 646.0, 1844.0, -538.0, -30.0, -66.0, 1034.0, 1748.0, 304.0, 1110.0, 550.0, 1240.0, 480.0, 1510.0, 206.0, -430.0, -456.0, 1304.0, -1478.0, -920.0, 582.0, -1682.0, -192.0, 930.0, 1164.0, -484.0, 774.0, -1126.0, 1244.0, 862.0, 112.0, 636.0, -836.0, -380.0, -70.0, 500.0, -1280.0, -1198.0, 218.0, -866.0, 394.0, 336.0, 162.0, -732.0, -522.0, -1162.0, -896.0, -642.0, -1846.0, -1018.0, -746.0, 1534.0, -708.0, -326.0, 1128.0, -1520.0, 398.0, 50.0, -1718.0, 84.0, 1430.0, 468.0, -1148.0, 186.0, 392.0, 46.0, 596.0, -358.0, 2850.0, -1928.0, 1298.0, -2438.0, 158.0, 118.0, -18.0, 878.0, -400.0, 852.0, -166.0, 582.0, -478.0, 2720.0, 1208.0, 1362.0, -292.0, -552.0, 1480.0, -494.0, 610.0, 1468.0, 1354.0, -1618.0, -1944.0, -1192.0, 1456.0, -632.0, -494.0, 600.0, 922.0, -2276.0, -2014.0, -1342.0, 698.0, -412.0, 790.0, 1348.0, 1010.0, 1564.0, 212.0, 146.0, 142.0, -834.0, 236.0, 1072.0, 632.0, 1086.0, 858.0, -1154.0, -572.0, 950.0, -168.0, -166.0, -834.0, 1322.0, 912.0, 604.0, -1824.0, 416.0, 328.0, 2096.0, -292.0, 1136.0, -126.0, 426.0, 876.0, -424.0, 50.0, -776.0, -588.0], [-872.0, -1000000.0, -284.0, 272.0, 528.0, 284.0, 742.0, -658.0, 424.0, -734.0, -1384.0, 1266.0, 1570.0, 1134.0, 934.0, 420.0, -160.0, 672.0, -644.0, -2282.0, 1016.0, -482.0, 128.0, -1302.0, 1662.0, 360.0, 1120.0, 52.0, -536.0, -242.0, 680.0, 118.0, -1344.0, 764.0, 1048.0, -672.0, 422.0, 238.0, -214.0, 1738.0, 2700.0, -334.0, 1500.0, 704.0, 1070.0, -1270.0, -524.0, 212.0, 1308.0, 1080.0, 26.0, -52.0, 624.0, 1076.0, -50.0, 1102.0, 944.0, -202.0, -1340.0, -738.0, 60.0, -640.0, 1514.0, -1068.0, 54.0, -58.0, 806.0, 450.0, -408.0, 792.0, -478.0, 518.0, -644.0, 412.0, 1622.0, -478.0, 606.0, -3276.0, 476.0, -734.0, 32.0, 414.0, -790.0, 452.0, -1926.0, -868.0, -1524.0, 1074.0, -1182.0, -1308.0, 262.0, -984.0, 1784.0, -1780.0, -784.0, -626.0, 4.0, -184.0, -814.0, 958.0, -1774.0, 758.0, -1376.0, -334.0, -116.0, -698.0, -38.0, -2056.0, 814.0, -334.0, 738.0, 1838.0, 2354.0, -516.0, -762.0, 584.0, -932.0, 1826.0, -78.0, 1126.0, -1000.0, -1070.0, 584.0, -684.0, -694.0, 1508.0, -534.0, -904.0, -162.0, 1274.0, -1976.0, 1674.0, -1126.0, 262.0, -534.0, -170.0, -1682.0, 636.0, -680.0, -278.0, -78.0, -906.0, 644.0, 212.0, 266.0, -1024.0, 212.0, 1288.0, 1326.0, 1086.0, 836.0, -218.0, -982.0, -672.0, 1088.0, -1224.0, -1760.0, -606.0, 712.0, 910.0, 480.0, 502.0, -1394.0, -834.0, 416.0, -278.0, 412.0, 562.0, 312.0, -508.0, -1422.0, 42.0, -590.0, -2040.0, 464.0, -36.0, -1634.0, -1446.0, -546.0, -1256.0, 130.0, 728.0, 1130.0, -142.0, 910.0, -1528.0, 520.0, -376.0, -824.0, 1312.0, -1016.0, 2088.0, 504.0, -150.0, 522.0, -300.0, 1676.0, -2630.0, 856.0, 348.0], [-788.0, -284.0, -1000000.0, -664.0, 44.0, 172.0, 1550.0, -1018.0, 808.0, 814.0, 612.0, 374.0, 1222.0, 450.0, 1774.0, -1212.0, 260.0, -1176.0, -920.0, -1006.0, -84.0, -1182.0, 152.0, 50.0, -1718.0, 896.0, -1116.0, 592.0, 1080.0, 266.0, -256.0, 998.0, -124.0, 860.0, 1364.0, 1652.0, -902.0, -166.0, -486.0, -862.0, 800.0, -30.0, 152.0, 1092.0, 242.0, -718.0, -1224.0, -1512.0, 1204.0, -844.0, -1334.0, 368.0, -992.0, 1260.0, 1218.0, -10.0, 816.0, 114.0, -680.0, -498.0, 1008.0, -1064.0, -438.0, 888.0, -1874.0, 250.0, -14.0, 414.0, 920.0, 460.0, 278.0, 882.0, -320.0, -372.0, -1946.0, 862.0, 182.0, 1060.0, -336.0, -642.0, -552.0, -934.0, 858.0, -2292.0, 586.0, 1328.0, -1284.0, -594.0, 766.0, -1076.0, 222.0, 296.0, -3112.0, 496.0, -1372.0, 974.0, -1980.0, 968.0, 582.0, 374.0, 2158.0, -546.0, 32.0, 118.0, 728.0, -1050.0, 1246.0, -804.0, -314.0, -50.0, -626.0, 1250.0, -1298.0, -900.0, 746.0, -988.0, 840.0, -150.0, 430.0, -302.0, 496.0, 434.0, -220.0, -96.0, 502.0, -840.0, 1094.0, -620.0, -326.0, 978.0, 552.0, 490.0, -50.0, 694.0, 994.0, -482.0, 1062.0, 840.0, -216.0, -458.0, -262.0, 198.0, -3628.0, 1336.0, 974.0, -1152.0, -1652.0, 1320.0, -1398.0, 266.0, 404.0, -326.0, 1370.0, 356.0, 892.0, 600.0, 72.0, -114.0, -1356.0, -1402.0, 1304.0, 1206.0, -518.0, 826.0, -1468.0, 690.0, 740.0, 1694.0, -936.0, -388.0, 478.0, -1174.0, -138.0, 256.0, -1500.0, -568.0, -718.0, -814.0, -762.0, -840.0, 414.0, 2320.0, 150.0, 98.0, -198.0, -560.0, 604.0, -968.0, 16.0, -232.0, 880.0, -260.0, 1720.0, 26.0, -1090.0, 616.0, -692.0, 1054.0, -960.0, -488.0], [768.0, 272.0, -664.0, -1000000.0, -88.0, 1776.0, -1726.0, -826.0, -1620.0, 506.0, 508.0, -358.0, -1218.0, -954.0, 394.0, -812.0, 1248.0, -32.0, 1096.0, 302.0, -1484.0, -626.0, -700.0, 966.0, -842.0, -1660.0, 636.0, -556.0, -2052.0, 414.0, 1368.0, 746.0, -1264.0, -2704.0, -1304.0, -728.0, 1666.0, -362.0, 1998.0, -78.0, 1684.0, 1074.0, -716.0, -248.0, 118.0, -6.0, 636.0, 428.0, -464.0, -340.0, 650.0, 612.0, 1196.0, 556.0, -338.0, -1330.0, 260.0, -1510.0, -664.0, -1098.0, -716.0, -240.0, -1334.0, -1448.0, 50.0, -1310.0, 266.0, -410.0, -1692.0, 2416.0, -638.0, 1966.0, 808.0, -320.0, 30.0, -1326.0, 950.0, 2068.0, 428.0, 322.0, -232.0, -714.0, -54.0, -976.0, -162.0, -572.0, -56.0, -970.0, 422.0, 1880.0, -430.0, -388.0, -1212.0, 604.0, -640.0, 1046.0, -208.0, -460.0, -554.0, 930.0, -214.0, 850.0, 272.0, 66.0, 496.0, -1566.0, -202.0, 148.0, 818.0, -982.0, -734.0, 66.0, -886.0, -1328.0, 990.0, 820.0, 2220.0, -206.0, -1202.0, 1202.0, -12.0, -506.0, -1004.0, -896.0, -938.0, 88.0, 398.0, 512.0, -1050.0, 966.0, 1608.0, 462.0, 1382.0, 2142.0, 842.0, -698.0, -938.0, -1304.0, -1688.0, -938.0, -2090.0, -1018.0, 620.0, -1964.0, 1762.0, 1932.0, 672.0, 356.0, -298.0, -406.0, 432.0, -394.0, 570.0, -224.0, -356.0, 1848.0, -2464.0, 758.0, -492.0, -278.0, 416.0, 1446.0, 78.0, -434.0, -1012.0, -874.0, -612.0, -558.0, 1432.0, 92.0, -1246.0, 606.0, 546.0, -504.0, 2008.0, 216.0, 362.0, -158.0, 458.0, 1988.0, 2146.0, 1356.0, 1046.0, 730.0, 50.0, -156.0, 1020.0, 436.0, -228.0, -1176.0, -680.0, 1964.0, -1716.0, -1202.0, 1590.0, -344.0, 1704.0, 550.0, 100.0, 16.0], [-168.0, 528.0, 44.0, -88.0, -1000000.0, -236.0, 6.0, -1426.0, -2088.0, -422.0, -1256.0, 878.0, 1122.0, 538.0, 590.0, -672.0, 164.0, -128.0, 900.0, 762.0, -528.0, 1418.0, -1052.0, 130.0, -2006.0, -788.0, 1832.0, 1360.0, -428.0, 902.0, -624.0, -590.0, 528.0, -1052.0, 1904.0, 2764.0, 242.0, -290.0, 190.0, -1666.0, 1040.0, 1454.0, 508.0, -744.0, -342.0, 722.0, -516.0, 2680.0, -204.0, 292.0, -298.0, 1716.0, 2080.0, -1212.0, 430.0, 1326.0, 452.0, 2290.0, 1216.0, 490.0, 872.0, -4.0, -570.0, -1916.0, -686.0, 230.0, -326.0, 1246.0, 896.0, -664.0, 406.0, 1038.0, -676.0, 336.0, 906.0, 194.0, 1186.0, 1308.0, -760.0, -310.0, 668.0, -842.0, 426.0, 760.0, -1214.0, 124.0, 412.0, -2342.0, -418.0, -272.0, -1282.0, -132.0, -1020.0, 460.0, 48.0, -1086.0, 136.0, 284.0, 718.0, 422.0, -34.0, 1274.0, -560.0, 214.0, 784.0, -130.0, -450.0, -836.0, 1086.0, 18.0, -1090.0, 1142.0, 2546.0, 752.0, -26.0, 312.0, 972.0, -426.0, -2.0, 2226.0, 1428.0, 1538.0, 172.0, 236.0, 174.0, 148.0, 114.0, 484.0, 578.0, 150.0, -528.0, -886.0, -2370.0, -242.0, 270.0, 534.0, 686.0, 224.0, 880.0, 946.0, 330.0, 1558.0, -180.0, -160.0, 278.0, -1092.0, 1012.0, -56.0, -506.0, -1982.0, 1280.0, 34.0, -1570.0, -1992.0, 948.0, 320.0, 1028.0, -598.0, -1964.0, -706.0, 64.0, -782.0, 446.0, 1962.0, -120.0, 222.0, 984.0, -1494.0, 948.0, -200.0, 502.0, -954.0, -342.0, 144.0, -2444.0, -184.0, -970.0, 438.0, 386.0, 992.0, -1154.0, 1112.0, 1290.0, -398.0, -714.0, -1076.0, 732.0, 604.0, -704.0, 1648.0, -1112.0, -1408.0, 284.0, 1398.0, -286.0, 2844.0, -580.0, 2410.0, 700.0, -1080.0], [24.0, 284.0, 172.0, 1776.0, -236.0, -1000000.0, -1090.0, 734.0, 472.0, 682.0, -1564.0, -94.0, -762.0, 786.0, 98.0, 1072.0, 584.0, 532.0, 380.0, 578.0, 736.0, -130.0, -236.0, -942.0, 550.0, -1736.0, 848.0, -292.0, 304.0, -1114.0, -648.0, 186.0, 872.0, -424.0, -268.0, 396.0, -814.0, 342.0, -298.0, 82.0, -136.0, -918.0, 712.0, 448.0, -730.0, 738.0, 164.0, 416.0, -248.0, 316.0, -582.0, -960.0, -116.0, 840.0, -1074.0, -154.0, 132.0, 366.0, -76.0, -522.0, 1812.0, -876.0, 34.0, -1016.0, 502.0, 638.0, 586.0, 306.0, -964.0, -1408.0, 826.0, 346.0, -444.0, 12.0, 1226.0, 2646.0, 1042.0, -340.0, -352.0, 790.0, -984.0, 630.0, 234.0, -592.0, -230.0, 476.0, -544.0, 1046.0, -306.0, 24.0, 674.0, -1500.0, 484.0, 408.0, -1472.0, 1018.0, -996.0, 196.0, 142.0, 1566.0, 1218.0, -1446.0, -116.0, -498.0, -2604.0, -30.0, -1250.0, 1108.0, -858.0, -274.0, -1146.0, -78.0, -2114.0, -788.0, 274.0, 1132.0, 764.0, -646.0, -818.0, 478.0, -204.0, 434.0, -592.0, 632.0, -2090.0, 2776.0, 646.0, 2900.0, -14.0, -266.0, -684.0, -2078.0, 194.0, 210.0, -434.0, -2966.0, -1290.0, -440.0, -168.0, 418.0, 966.0, 2106.0, -432.0, 660.0, -438.0, -1380.0, 2684.0, -1080.0, 966.0, 1198.0, -1540.0, -874.0, 838.0, -1896.0, 384.0, 492.0, 1736.0, 574.0, 1868.0, -130.0, -428.0, 1558.0, 638.0, 1250.0, -1236.0, -670.0, 260.0, 726.0, -276.0, 1664.0, -970.0, 30.0, -1050.0, 844.0, -264.0, 1712.0, 110.0, 1734.0, -1678.0, 556.0, 398.0, 788.0, 1130.0, -214.0, 2438.0, -648.0, -364.0, -1584.0, -1724.0, 1284.0, 392.0, -176.0, 316.0, -102.0, 566.0, 536.0, -672.0, 46.0, -408.0, 916.0], [1982.0, 742.0, 1550.0, -1726.0, 6.0, -1090.0, -1000000.0, -348.0, -418.0, 1552.0, 698.0, -324.0, -1208.0, 812.0, -968.0, -650.0, 870.0, -314.0, -442.0, 420.0, -762.0, 612.0, 1734.0, -660.0, -276.0, -158.0, -106.0, -250.0, -890.0, 320.0, -718.0, 1536.0, 410.0, 1250.0, 514.0, 514.0, -1100.0, -1580.0, -648.0, 280.0, -594.0, 1440.0, -398.0, -706.0, -384.0, 688.0, -1018.0, 1246.0, -146.0, -1562.0, -336.0, 2114.0, -1670.0, 790.0, -1000.0, -144.0, 442.0, -932.0, -1038.0, 1908.0, 366.0, -162.0, -448.0, 490.0, 84.0, -248.0, 1396.0, -224.0, -1674.0, -386.0, -208.0, -792.0, -1590.0, 462.0, -600.0, -408.0, -104.0, 422.0, -138.0, 304.0, 886.0, 656.0, -1180.0, 1694.0, -868.0, -1082.0, 1190.0, -412.0, 724.0, -390.0, -1156.0, -38.0, 50.0, -1522.0, -578.0, 628.0, -426.0, -658.0, 640.0, 732.0, -788.0, -1000.0, 1310.0, 220.0, 646.0, -2048.0, 692.0, 18.0, -1516.0, 68.0, 68.0, -1156.0, 504.0, 226.0, -12.0, 762.0, -1042.0, 1012.0, -320.0, -92.0, -18.0, 2624.0, -1122.0, -302.0, 2196.0, -274.0, 404.0, -130.0, 164.0, 416.0, -1646.0, -952.0, 680.0, -928.0, -1304.0, -1140.0, -312.0, 646.0, 1470.0, -1380.0, -260.0, 1448.0, -142.0, -210.0, -884.0, 430.0, 346.0, -646.0, 360.0, 408.0, -1814.0, -904.0, 200.0, 646.0, -54.0, 318.0, 974.0, -900.0, 150.0, 356.0, 966.0, -644.0, 376.0, 948.0, 958.0, -1176.0, -186.0, 2008.0, 438.0, -738.0, -1668.0, 1344.0, -208.0, -330.0, 186.0, -586.0, -1288.0, -640.0, 172.0, 98.0, 680.0, -194.0, 1756.0, 728.0, -428.0, 58.0, -290.0, -1678.0, -1146.0, -2142.0, 882.0, 334.0, -1086.0, 476.0, 32.0, -1790.0, 414.0, 724.0, 630.0, 186.0], [-1146.0, -658.0, -1018.0, -826.0, -1426.0, 734.0, -348.0, -1000000.0, -922.0, -1304.0, 2342.0, 1776.0, 504.0, -52.0, 372.0, -322.0, -106.0, 1090.0, 2258.0, 916.0, 642.0, -1144.0, -1118.0, 40.0, 272.0, -726.0, 186.0, -386.0, -474.0, -700.0, 2694.0, -720.0, 1342.0, 694.0, -1146.0, 2.0, -1080.0, 264.0, -1508.0, 968.0, -38.0, 988.0, 2634.0, -1722.0, -1108.0, -248.0, 2358.0, -990.0, -306.0, 38.0, -1884.0, -990.0, -290.0, 238.0, 2152.0, -920.0, -230.0, 492.0, -154.0, -228.0, 730.0, -130.0, -396.0, 662.0, -232.0, -1092.0, -2056.0, -1156.0, -594.0, 1722.0, -1900.0, 216.0, -1826.0, -1890.0, -1852.0, 588.0, 1184.0, 886.0, -1410.0, 800.0, -262.0, -1256.0, -336.0, -454.0, -768.0, -482.0, 186.0, 156.0, 604.0, -690.0, 2144.0, 54.0, 74.0, -146.0, 1690.0, -736.0, -26.0, -1062.0, 684.0, -952.0, 1172.0, -584.0, -534.0, 1148.0, -202.0, -560.0, -628.0, 1454.0, 412.0, -1392.0, -988.0, 2340.0, -336.0, 578.0, -1604.0, -954.0, -750.0, -164.0, -972.0, -864.0, 1058.0, 868.0, -1298.0, 1022.0, -104.0, -662.0, 380.0, -1178.0, -388.0, 772.0, -2378.0, -384.0, -180.0, -12.0, 496.0, -804.0, -492.0, -458.0, 814.0, -528.0, 2936.0, -1092.0, -462.0, 1242.0, 360.0, -1006.0, -486.0, 1846.0, 776.0, -272.0, 674.0, -44.0, -908.0, -646.0, -830.0, -1210.0, -1362.0, 1564.0, 34.0, 1124.0, 674.0, -740.0, 1412.0, 660.0, -1082.0, -884.0, -1342.0, -456.0, -786.0, 22.0, 492.0, -772.0, 896.0, -542.0, 718.0, 770.0, -132.0, 1456.0, -156.0, -1402.0, 240.0, -42.0, 560.0, -156.0, -2176.0, -1106.0, 230.0, -958.0, -310.0, 794.0, 1390.0, -238.0, -1518.0, -152.0, -332.0, -426.0, -634.0, -1352.0, -1542.0, -1202.0], [-988.0, 424.0, 808.0, -1620.0, -2088.0, 472.0, -418.0, -922.0, -1000000.0, -674.0, 600.0, -1082.0, 774.0, -294.0, -114.0, -340.0, 196.0, -1180.0, 1952.0, 738.0, -276.0, -314.0, 608.0, -946.0, -1406.0, -24.0, -896.0, -344.0, -476.0, -494.0, 600.0, 442.0, -1872.0, 1264.0, 1476.0, 1460.0, -994.0, -614.0, 774.0, 766.0, 1524.0, 710.0, -780.0, 3148.0, 50.0, -258.0, -756.0, 136.0, -536.0, 1088.0, -158.0, -456.0, -224.0, -1556.0, -1122.0, -894.0, 128.0, -178.0, 300.0, 1118.0, 176.0, 532.0, -1258.0, -304.0, 1386.0, -1282.0, 1222.0, 1290.0, -1068.0, 816.0, 1118.0, -338.0, 92.0, 604.0, -22.0, -830.0, 370.0, -720.0, 28.0, -166.0, -452.0, -2510.0, 386.0, 824.0, 686.0, 392.0, 496.0, -1658.0, -1446.0, -176.0, -1622.0, -464.0, -2000.0, -632.0, 452.0, 498.0, 240.0, -1104.0, 990.0, -1350.0, -730.0, 1266.0, 632.0, -38.0, 172.0, -534.0, -610.0, 2308.0, -1190.0, -386.0, 350.0, -1758.0, 1026.0, 28.0, -378.0, 364.0, 788.0, 558.0, -418.0, -1046.0, 656.0, -1846.0, -1020.0, 576.0, 586.0, -100.0, 458.0, -808.0, -322.0, -650.0, 456.0, 166.0, 702.0, -242.0, -1370.0, -958.0, -1190.0, -796.0, -1144.0, 26.0, -1058.0, 906.0, 72.0, -760.0, -1466.0, -1304.0, -212.0, 44.0, 1026.0, -58.0, 1596.0, -262.0, 938.0, -508.0, 1152.0, 488.0, -420.0, -362.0, -1180.0, 530.0, 208.0, -1010.0, 290.0, 170.0, -1256.0, 886.0, 8.0, -166.0, -136.0, -1148.0, 634.0, 854.0, -46.0, -304.0, 1108.0, 1344.0, 822.0, 786.0, -346.0, 488.0, 562.0, -640.0, -194.0, -398.0, 394.0, -540.0, 516.0, -72.0, 192.0, 1248.0, 544.0, 52.0, 464.0, 690.0, 858.0, -1280.0, -496.0, 1934.0, -884.0, 592.0], [442.0, -734.0, 814.0, 506.0, -422.0, 682.0, 1552.0, -1304.0, -674.0, -1000000.0, 630.0, -448.0, 1768.0, 544.0, -1532.0, -1114.0, 438.0, -870.0, 258.0, 504.0, 762.0, -1240.0, -570.0, 1016.0, 1324.0, -50.0, -994.0, -966.0, 146.0, -716.0, -86.0, -232.0, 754.0, -2378.0, 406.0, 370.0, 548.0, -12.0, 852.0, -148.0, -726.0, -848.0, -970.0, 406.0, -244.0, 1640.0, -650.0, 542.0, 682.0, 482.0, 80.0, -474.0, -3530.0, -398.0, -1404.0, 72.0, 510.0, 776.0, -1130.0, 24.0, 958.0, -2.0, 208.0, 26.0, 1432.0, -2796.0, -1348.0, 1296.0, 1386.0, -550.0, -904.0, 1136.0, -538.0, 66.0, -856.0, -248.0, 348.0, 846.0, -582.0, -1224.0, -70.0, -836.0, 864.0, 1026.0, -1016.0, -930.0, 830.0, 624.0, -520.0, -554.0, 1212.0, 802.0, 754.0, 1234.0, 2382.0, -908.0, -2.0, -778.0, 412.0, -2524.0, -1088.0, 508.0, 662.0, 476.0, -190.0, 1480.0, 828.0, 346.0, -932.0, -1020.0, -140.0, 116.0, 364.0, -482.0, 452.0, -1070.0, -94.0, 280.0, 1364.0, -600.0, -70.0, 944.0, 498.0, 986.0, -1216.0, -190.0, -140.0, -402.0, -52.0, 432.0, -494.0, 2556.0, 256.0, -708.0, -20.0, 1316.0, -236.0, 750.0, 2558.0, 656.0, -1832.0, -864.0, 1186.0, -546.0, 696.0, 1026.0, -1234.0, -2310.0, -728.0, 184.0, 538.0, 1172.0, -2948.0, -982.0, 1238.0, -530.0, -1362.0, 380.0, 1502.0, -264.0, 2370.0, 552.0, -388.0, -1248.0, 70.0, -528.0, -502.0, 1236.0, 1566.0, 118.0, -1656.0, 2196.0, -388.0, 1014.0, -110.0, -338.0, 604.0, -296.0, -580.0, -1278.0, -88.0, 406.0, 1888.0, -788.0, 580.0, -1010.0, 274.0, -398.0, 46.0, -954.0, -2094.0, 1378.0, 266.0, -360.0, 2248.0, 258.0, 1034.0, 144.0, -274.0, -726.0], [1240.0, -1384.0, 612.0, 508.0, -1256.0, -1564.0, 698.0, 2342.0, 600.0, 630.0, -1000000.0, -158.0, -246.0, 318.0, 302.0, 160.0, 1776.0, -1208.0, 16.0, -1406.0, -1512.0, 758.0, -992.0, 818.0, 1578.0, -872.0, 1536.0, -156.0, 1112.0, -758.0, 1736.0, 830.0, 424.0, 2672.0, -144.0, -476.0, 254.0, 514.0, 166.0, 1070.0, -1324.0, 98.0, 380.0, 620.0, -146.0, -1094.0, -20.0, -552.0, -652.0, -1504.0, -450.0, 440.0, 584.0, -796.0, 1582.0, 946.0, 416.0, -1026.0, -2264.0, -406.0, -228.0, -268.0, -918.0, -100.0, 1618.0, 178.0, -2318.0, -482.0, 1148.0, 224.0, -1142.0, -1186.0, -0.0, 868.0, 574.0, 1026.0, 1102.0, -452.0, -860.0, -1342.0, 176.0, -1666.0, -394.0, -432.0, -1422.0, 844.0, 1380.0, 1162.0, -446.0, 444.0, 998.0, -492.0, 860.0, -1344.0, 1244.0, 754.0, 1088.0, 1260.0, -698.0, -174.0, -510.0, 1026.0, 536.0, -862.0, -1156.0, -1946.0, -422.0, 64.0, -570.0, -2050.0, 238.0, -582.0, 790.0, -884.0, -58.0, 1216.0, -1512.0, -678.0, -674.0, -2418.0, 992.0, -2018.0, -260.0, -1384.0, 978.0, 996.0, 130.0, -1320.0, -54.0, 6.0, 1184.0, 246.0, -1362.0, -1370.0, 1094.0, 526.0, 990.0, 1132.0, -1804.0, -258.0, -454.0, 874.0, 816.0, 12.0, 402.0, 1004.0, 964.0, -4.0, -618.0, 114.0, -92.0, -822.0, -730.0, -548.0, -376.0, 304.0, 244.0, 1410.0, 1280.0, 606.0, -632.0, -914.0, -222.0, 974.0, -176.0, 358.0, -504.0, -1198.0, 1600.0, 844.0, 582.0, -190.0, 2078.0, -524.0, -824.0, -436.0, -114.0, 1570.0, 190.0, -460.0, -398.0, -1152.0, -446.0, -2194.0, -1370.0, 128.0, 660.0, 116.0, 1720.0, -1232.0, -860.0, -72.0, 828.0, -210.0, -494.0, 2800.0, 156.0, -394.0, 1224.0, -408.0], [-202.0, 1266.0, 374.0, -358.0, 878.0, -94.0, -324.0, 1776.0, -1082.0, -448.0, -158.0, -1000000.0, 316.0, -960.0, 1652.0, 138.0, 58.0, -370.0, 6.0, -1544.0, 702.0, -424.0, 1498.0, 16.0, -1140.0, -1462.0, -1778.0, -974.0, 902.0, -1992.0, -930.0, -2940.0, -1650.0, -202.0, 1066.0, -794.0, 492.0, 192.0, 1264.0, -1044.0, 1122.0, -960.0, -346.0, 794.0, -1200.0, 980.0, -642.0, 866.0, -430.0, 154.0, 1080.0, 62.0, 490.0, -174.0, 536.0, 1008.0, 218.0, -748.0, 630.0, 192.0, 1202.0, -994.0, -940.0, 1278.0, 1036.0, 1688.0, 104.0, -204.0, 1118.0, -246.0, -332.0, 744.0, -698.0, 190.0, 732.0, -1260.0, -1004.0, -34.0, -558.0, -2576.0, 1730.0, 1948.0, -448.0, -414.0, 1020.0, 2366.0, -478.0, 1004.0, 288.0, 862.0, -124.0, -1942.0, -402.0, -434.0, 718.0, -1044.0, 510.0, 1446.0, 1564.0, 1348.0, -372.0, -960.0, -306.0, -1356.0, -594.0, 192.0, 1136.0, 282.0, -204.0, 1040.0, 612.0, 1836.0, 700.0, -1106.0, 212.0, -1446.0, -438.0, -880.0, -1720.0, 2616.0, 250.0, 60.0, -482.0, 790.0, 1372.0, 278.0, 708.0, 1090.0, -1076.0, 408.0, -2290.0, -2036.0, -620.0, 212.0, -1424.0, -112.0, -800.0, -114.0, -718.0, 176.0, 1492.0, -836.0, -1070.0, 154.0, -324.0, -906.0, 2394.0, 370.0, -344.0, -164.0, -2102.0, -280.0, 640.0, -582.0, -1774.0, 478.0, 882.0, -796.0, 1234.0, 288.0, 1418.0, 472.0, 564.0, 848.0, 886.0, -1368.0, 1058.0, -256.0, 478.0, -1510.0, 252.0, 656.0, 1800.0, 1378.0, -494.0, 1610.0, 492.0, -864.0, 248.0, -94.0, 320.0, 1106.0, -3020.0, 2156.0, -288.0, -66.0, 302.0, -1390.0, -246.0, -742.0, 350.0, -534.0, 18.0, -412.0, -1252.0, -1786.0, -846.0, 1292.0, -1746.0, -934.0], [318.0, 1570.0, 1222.0, -1218.0, 1122.0, -762.0, -1208.0, 504.0, 774.0, 1768.0, -246.0, 316.0, -1000000.0, 308.0, 280.0, 514.0, 1570.0, -866.0, 2330.0, 444.0, -902.0, -1364.0, -326.0, 384.0, 88.0, -6.0, 1018.0, 2462.0, 258.0, -440.0, -770.0, 900.0, -1762.0, -1698.0, 370.0, -1942.0, 768.0, -348.0, 1644.0, 680.0, 522.0, -316.0, -810.0, 842.0, -1332.0, -588.0, -566.0, -846.0, 602.0, 1698.0, 16.0, 6.0, 810.0, -734.0, -464.0, 484.0, -454.0, -884.0, -1010.0, -608.0, -906.0, 1894.0, 864.0, -1762.0, 284.0, -1648.0, 952.0, 44.0, 354.0, -1662.0, -812.0, -40.0, 530.0, -586.0, -952.0, -192.0, -300.0, 1186.0, 1166.0, 608.0, -1514.0, -1856.0, -172.0, 354.0, -592.0, -1490.0, -1962.0, 1164.0, 1832.0, -374.0, -436.0, 50.0, 522.0, 42.0, -1770.0, -1040.0, -438.0, 174.0, 1616.0, -2296.0, -1180.0, -592.0, 50.0, -1524.0, -746.0, 464.0, -1068.0, -434.0, -1436.0, -2292.0, -1248.0, 616.0, 516.0, -2378.0, 716.0, -498.0, 434.0, 840.0, -12.0, -880.0, 306.0, 412.0, -150.0, -158.0, -1592.0, 110.0, 600.0, 322.0, 992.0, -132.0, -1634.0, 1636.0, -1720.0, 416.0, 344.0, -1032.0, -528.0, -490.0, 74.0, -932.0, 1120.0, 556.0, -478.0, -898.0, 1648.0, 2338.0, 402.0, 1082.0, -216.0, -24.0, -786.0, -404.0, 2112.0, 466.0, 90.0, -214.0, 2214.0, -1364.0, -1190.0, 700.0, 258.0, -1720.0, -1248.0, -1932.0, 358.0, -452.0, -2174.0, -364.0, 302.0, 558.0, 1464.0, 280.0, 236.0, -798.0, -606.0, -1178.0, 392.0, -328.0, 420.0, -538.0, -880.0, -1110.0, -288.0, -1292.0, -1284.0, 482.0, -302.0, 62.0, 550.0, 1310.0, 1126.0, 150.0, -938.0, -320.0, 324.0, -262.0, 1638.0, 732.0, 1298.0, 298.0], [-370.0, 1134.0, 450.0, -954.0, 538.0, 786.0, 812.0, -52.0, -294.0, 544.0, 318.0, -960.0, 308.0, -1000000.0, 48.0, -1354.0, -990.0, 350.0, -378.0, -1828.0, -1110.0, 172.0, 510.0, -476.0, -1364.0, -982.0, 462.0, 226.0, 394.0, 1196.0, -1254.0, -100.0, 738.0, 1334.0, -1362.0, 1418.0, -1232.0, -1036.0, -1412.0, -412.0, 1366.0, -464.0, -830.0, 270.0, -1628.0, -2924.0, 1026.0, 1546.0, 1082.0, -1326.0, -1008.0, 1938.0, -962.0, -246.0, 2296.0, -1524.0, 62.0, 384.0, 1982.0, -388.0, 2002.0, 746.0, 1128.0, -358.0, 484.0, 808.0, 936.0, 512.0, 570.0, -118.0, 252.0, -316.0, 614.0, -650.0, 368.0, -1348.0, 516.0, 790.0, -1070.0, 60.0, 326.0, -744.0, -296.0, 130.0, 388.0, -1654.0, 986.0, -392.0, -728.0, -1978.0, -464.0, 1202.0, 278.0, -1454.0, -1146.0, -448.0, -26.0, 982.0, 276.0, 72.0, -84.0, 68.0, -270.0, -2208.0, 794.0, -152.0, -936.0, 30.0, 972.0, 620.0, 212.0, 28.0, -592.0, -574.0, 1288.0, 1390.0, 514.0, 852.0, -504.0, 308.0, 1558.0, -100.0, -218.0, 1730.0, 1832.0, 1066.0, -656.0, 934.0, -452.0, -1784.0, 10.0, 588.0, -40.0, -268.0, -244.0, 2200.0, -668.0, 582.0, 86.0, 908.0, -1260.0, -532.0, 266.0, -734.0, -756.0, -2410.0, 462.0, 358.0, 676.0, -720.0, -1130.0, -1492.0, 496.0, 186.0, -578.0, -242.0, 566.0, 1380.0, -1074.0, 980.0, -1158.0, -148.0, -772.0, -1132.0, 446.0, 2528.0, -278.0, 808.0, -150.0, -1034.0, -600.0, 216.0, 508.0, 1270.0, -22.0, 186.0, -1308.0, -768.0, -332.0, -918.0, -1888.0, -1226.0, 892.0, 132.0, 772.0, -274.0, 14.0, 1922.0, -1054.0, -1126.0, -806.0, -562.0, 426.0, -792.0, -296.0, 66.0, -1058.0, 460.0, -686.0, 894.0], [-166.0, 934.0, 1774.0, 394.0, 590.0, 98.0, -968.0, 372.0, -114.0, -1532.0, 302.0, 1652.0, 280.0, 48.0, -1000000.0, 114.0, 1314.0, 1590.0, 2022.0, -504.0, -742.0, -1172.0, 498.0, 464.0, -1032.0, -274.0, -1834.0, 1970.0, 278.0, 1540.0, -630.0, 1120.0, -978.0, -570.0, -386.0, -78.0, -156.0, -336.0, -80.0, -804.0, -1602.0, 1236.0, 158.0, -942.0, 1676.0, -1544.0, -102.0, 770.0, -506.0, 198.0, -412.0, -178.0, -258.0, -2022.0, -476.0, -1128.0, -362.0, 496.0, -1282.0, 824.0, -1642.0, -1126.0, -1952.0, -1354.0, 640.0, -888.0, -1212.0, 48.0, -1046.0, 358.0, 124.0, 960.0, 318.0, 1770.0, 752.0, 184.0, -120.0, 910.0, 1190.0, -88.0, 630.0, -20.0, 680.0, 2082.0, -492.0, 78.0, 294.0, -1560.0, 3452.0, -222.0, -1228.0, 250.0, -126.0, -1418.0, -362.0, -1548.0, 1006.0, -234.0, 1608.0, 1132.0, -288.0, -680.0, -582.0, -1112.0, -1170.0, -1920.0, 1280.0, 626.0, 740.0, 2380.0, -388.0, 308.0, 1040.0, -158.0, -528.0, 178.0, -986.0, -380.0, -1528.0, -60.0, -206.0, 1104.0, 274.0, 114.0, 68.0, -366.0, 284.0, 298.0, -1288.0, 24.0, -2682.0, 1444.0, -312.0, -48.0, 496.0, 148.0, -672.0, -606.0, 234.0, -132.0, -724.0, -60.0, -590.0, 1354.0, 756.0, -602.0, -1958.0, 14.0, 660.0, 1056.0, -1274.0, -1508.0, -532.0, -202.0, -1282.0, -210.0, 834.0, 1392.0, -1346.0, 848.0, -846.0, 2644.0, -84.0, 992.0, -998.0, 628.0, -1330.0, 140.0, -1182.0, -926.0, -1516.0, 2284.0, -1608.0, -1618.0, 590.0, 494.0, 1840.0, 132.0, 400.0, -526.0, 444.0, -286.0, -92.0, 952.0, 480.0, -402.0, -170.0, -286.0, 1570.0, -210.0, -1218.0, -466.0, 254.0, -404.0, 448.0, -1166.0, 122.0, 356.0, 1006.0, -294.0], [96.0, 420.0, -1212.0, -812.0, -672.0, 1072.0, -650.0, -322.0, -340.0, -1114.0, 160.0, 138.0, 514.0, -1354.0, 114.0, -1000000.0, -644.0, 1556.0, -384.0, 322.0, 372.0, 90.0, 428.0, 434.0, -1346.0, -152.0, -188.0, 40.0, 1300.0, -898.0, 736.0, -890.0, -212.0, -240.0, -272.0, 756.0, 1150.0, 38.0, 1766.0, -94.0, 24.0, -1378.0, 16.0, -1316.0, -1394.0, 682.0, 288.0, 604.0, 132.0, -376.0, -538.0, -1248.0, 1020.0, 1156.0, 826.0, 1102.0, 1372.0, 1066.0, -52.0, -1294.0, 412.0, 4.0, -442.0, -1872.0, 2070.0, -354.0, -1414.0, -18.0, 1712.0, -120.0, -734.0, -738.0, 704.0, -2768.0, -710.0, 434.0, -706.0, 420.0, -344.0, 1758.0, 568.0, -338.0, 298.0, 196.0, -538.0, 2484.0, 308.0, 210.0, -214.0, 44.0, -78.0, 224.0, 1000.0, -1732.0, 468.0, -946.0, -1060.0, 1604.0, 1894.0, -938.0, 814.0, -1062.0, 700.0, 1442.0, -1528.0, -366.0, -570.0, 1088.0, 1778.0, 522.0, -1690.0, -410.0, -386.0, 1628.0, -2138.0, 80.0, -568.0, -1662.0, 534.0, 1342.0, 1840.0, -362.0, 1752.0, -208.0, 486.0, 1424.0, 1070.0, -548.0, 1074.0, 362.0, 996.0, -1470.0, -398.0, 102.0, -22.0, 462.0, -666.0, 1344.0, -2188.0, -902.0, -646.0, 2114.0, -1740.0, 244.0, 186.0, -1916.0, 200.0, -256.0, 718.0, 614.0, 332.0, 350.0, 1298.0, 52.0, -920.0, -424.0, 1708.0, -54.0, -1404.0, 22.0, -580.0, 246.0, -1842.0, 766.0, 836.0, -174.0, 700.0, 242.0, -696.0, -396.0, -630.0, 126.0, -770.0, 648.0, -276.0, -304.0, 730.0, 1462.0, -382.0, 1780.0, 1382.0, 296.0, -582.0, 2014.0, 6.0, -356.0, 976.0, 1000.0, 1420.0, 852.0, 484.0, 896.0, -768.0, 270.0, -730.0, -180.0, 140.0, -138.0, -624.0, 232.0], [-920.0, -160.0, 260.0, 1248.0, 164.0, 584.0, 870.0, -106.0, 196.0, 438.0, 1776.0, 58.0, 1570.0, -990.0, 1314.0, -644.0, -1000000.0, -1548.0, 148.0, 786.0, 688.0, -782.0, -612.0, -498.0, -1694.0, 156.0, 720.0, -1992.0, -804.0, -318.0, -1616.0, 1118.0, 1660.0, -276.0, -2296.0, -512.0, 406.0, -2674.0, 1222.0, -1794.0, -1368.0, -1354.0, -428.0, -148.0, -258.0, -498.0, 1900.0, -180.0, -1272.0, 872.0, -2.0, -1720.0, 536.0, 264.0, 1302.0, -234.0, 1052.0, -694.0, 1728.0, 42.0, 1408.0, 1208.0, 234.0, 124.0, -2090.0, -126.0, 1094.0, -974.0, -916.0, 696.0, -466.0, -870.0, -1176.0, -1100.0, 122.0, -122.0, -994.0, -848.0, 328.0, 2642.0, 188.0, -1006.0, -1206.0, -1008.0, -1622.0, -428.0, -1368.0, -1462.0, -1626.0, -1328.0, -942.0, 644.0, -500.0, 700.0, 676.0, -2222.0, -744.0, 768.0, 50.0, -234.0, 2466.0, 402.0, 904.0, -1106.0, -448.0, 1350.0, -14.0, 884.0, 134.0, -538.0, -718.0, -2258.0, 650.0, -96.0, 1206.0, 80.0, 1012.0, 882.0, 1354.0, -590.0, -2356.0, 1618.0, -1756.0, 404.0, 346.0, 912.0, 1318.0, 604.0, 222.0, 1218.0, 892.0, -830.0, 886.0, -134.0, 646.0, -1386.0, -3974.0, 1092.0, 96.0, 1182.0, -494.0, -2014.0, -2024.0, -1848.0, 242.0, -128.0, 140.0, -356.0, -1642.0, -430.0, -1584.0, -1018.0, -74.0, 424.0, -704.0, 16.0, -1084.0, -122.0, 1460.0, -878.0, -396.0, 670.0, -422.0, 1454.0, -1512.0, 394.0, -744.0, 30.0, -668.0, 912.0, 498.0, 58.0, 1882.0, -164.0, 2772.0, 1452.0, 810.0, -118.0, 6.0, -104.0, -410.0, -1324.0, -422.0, -1270.0, 1674.0, 64.0, 316.0, 796.0, -504.0, 1404.0, -460.0, 272.0, 1016.0, -122.0, 810.0, -380.0, -288.0, -310.0, 1008.0, 1656.0], [1504.0, 672.0, -1176.0, -32.0, -128.0, 532.0, -314.0, 1090.0, -1180.0, -870.0, -1208.0, -370.0, -866.0, 350.0, 1590.0, 1556.0, -1548.0, -1000000.0, 292.0, -666.0, -404.0, -1290.0, 1348.0, 206.0, -254.0, -824.0, -1436.0, 444.0, 460.0, 510.0, 480.0, 114.0, 1248.0, 180.0, 200.0, 880.0, -1958.0, -382.0, -114.0, -98.0, -312.0, 618.0, 916.0, -1000.0, 50.0, 738.0, -736.0, -48.0, -428.0, 904.0, -546.0, 76.0, 452.0, 400.0, 2.0, -1734.0, -228.0, -2026.0, 1384.0, 670.0, -1864.0, -112.0, 650.0, -548.0, 1058.0, 1910.0, 1426.0, 2226.0, -1676.0, 340.0, -1730.0, -1662.0, -1912.0, -388.0, 150.0, -214.0, 430.0, -544.0, -1124.0, -438.0, -496.0, -310.0, 14.0, 620.0, -110.0, 380.0, 384.0, -758.0, 822.0, 832.0, -710.0, 620.0, -304.0, -1176.0, -64.0, -1434.0, -1636.0, 912.0, -662.0, -670.0, -2242.0, -1394.0, -1500.0, 1334.0, 1064.0, -250.0, 394.0, -844.0, 50.0, -570.0, -1602.0, 742.0, -1066.0, 2792.0, -490.0, 812.0, -100.0, 286.0, -718.0, 302.0, 216.0, -262.0, 320.0, -456.0, 246.0, -708.0, 250.0, -68.0, -610.0, -918.0, 296.0, -154.0, 582.0, 1674.0, 86.0, 514.0, -474.0, -56.0, -992.0, -170.0, -826.0, 226.0, -1320.0, 436.0, -1918.0, -152.0, -1064.0, 1228.0, -458.0, -162.0, -1500.0, 366.0, 62.0, 988.0, -444.0, -952.0, 1124.0, 1786.0, -228.0, -222.0, -548.0, -1178.0, 2410.0, -42.0, -1024.0, 866.0, -432.0, -382.0, 1072.0, -1036.0, -682.0, 358.0, -2310.0, 184.0, -200.0, 56.0, 1218.0, 2270.0, -366.0, -544.0, -1366.0, 384.0, -178.0, 1166.0, -1238.0, 1092.0, -1000.0, 1640.0, 1212.0, -1316.0, 848.0, -56.0, 28.0, -1126.0, 2646.0, -540.0, 24.0, 26.0, 480.0, 732.0], [1172.0, -644.0, -920.0, 1096.0, 900.0, 380.0, -442.0, 2258.0, 1952.0, 258.0, 16.0, 6.0, 2330.0, -378.0, 2022.0, -384.0, 148.0, 292.0, -1000000.0, -2.0, -2012.0, -874.0, -2280.0, -742.0, -1050.0, -1224.0, -996.0, 1104.0, -452.0, 358.0, -228.0, 338.0, 1360.0, 176.0, 276.0, -300.0, -550.0, -138.0, -378.0, -222.0, 984.0, -1742.0, -64.0, -304.0, 830.0, -1070.0, -1580.0, -536.0, 44.0, 212.0, 38.0, -1440.0, 376.0, -180.0, -1906.0, 238.0, -52.0, -1614.0, -520.0, 1074.0, -600.0, -2076.0, -1150.0, 728.0, 1054.0, -3246.0, -610.0, -510.0, 264.0, -604.0, 430.0, -346.0, 372.0, -1072.0, -394.0, 1546.0, 358.0, -1164.0, 1164.0, 358.0, 760.0, 186.0, -1326.0, 916.0, -1690.0, 784.0, 1052.0, 178.0, 1142.0, 2112.0, 578.0, 568.0, -2132.0, -404.0, -904.0, 138.0, 344.0, 144.0, -2066.0, -570.0, 710.0, 1746.0, -1272.0, -374.0, -3576.0, 2330.0, 814.0, -404.0, 286.0, 1310.0, 622.0, 714.0, -1246.0, -1464.0, -794.0, 740.0, 204.0, 98.0, 678.0, -1282.0, -212.0, 410.0, -1004.0, 1636.0, 946.0, 952.0, -966.0, 868.0, -278.0, 418.0, -1288.0, 1626.0, -1974.0, 138.0, 350.0, 750.0, -266.0, 1480.0, -0.0, -854.0, 922.0, 1218.0, 2384.0, 512.0, -798.0, 580.0, -1628.0, -464.0, -126.0, -942.0, -1212.0, -290.0, 610.0, 1204.0, 72.0, 572.0, 80.0, -806.0, -524.0, 366.0, -132.0, 982.0, -958.0, -2738.0, -140.0, 22.0, -348.0, 1026.0, -740.0, -112.0, -102.0, -870.0, 1974.0, 1336.0, -1392.0, -1044.0, -1078.0, 250.0, -906.0, -1344.0, 814.0, -1084.0, 534.0, -914.0, 1398.0, -2068.0, -368.0, 564.0, -752.0, 308.0, -460.0, 428.0, 1576.0, -2622.0, 786.0, -1148.0, 556.0, 222.0, -132.0, -1812.0], [590.0, -2282.0, -1006.0, 302.0, 762.0, 578.0, 420.0, 916.0, 738.0, 504.0, -1406.0, -1544.0, 444.0, -1828.0, -504.0, 322.0, 786.0, -666.0, -2.0, -1000000.0, 994.0, 696.0, -470.0, -804.0, -1384.0, 1546.0, -1518.0, -82.0, 962.0, 584.0, 1374.0, 360.0, 210.0, -230.0, -466.0, 18.0, -976.0, 580.0, 476.0, -2008.0, 1330.0, -1756.0, 790.0, 2358.0, 92.0, -388.0, -894.0, -310.0, 446.0, 694.0, -104.0, 134.0, -218.0, -166.0, -364.0, 352.0, 214.0, -1176.0, 82.0, -8.0, 194.0, 1866.0, -684.0, -798.0, 868.0, 828.0, 896.0, 1028.0, -438.0, -214.0, 104.0, -136.0, -2102.0, 58.0, 2040.0, -1604.0, 1756.0, -218.0, -822.0, 1312.0, -198.0, 48.0, -60.0, 1210.0, 1560.0, -1230.0, 354.0, -732.0, -764.0, 1902.0, 324.0, 1818.0, -362.0, 970.0, 738.0, -772.0, 374.0, -414.0, 40.0, 1460.0, -1316.0, -2892.0, 1038.0, -1040.0, 166.0, -1156.0, 2084.0, 30.0, 1152.0, -1672.0, 356.0, 468.0, 1088.0, -886.0, -1180.0, 870.0, 1562.0, 1084.0, 564.0, 460.0, 862.0, 332.0, 390.0, -566.0, 684.0, 414.0, -64.0, -202.0, -2164.0, 136.0, 1142.0, 736.0, 436.0, -64.0, 1656.0, 1236.0, 628.0, -814.0, 2734.0, 724.0, -912.0, 1156.0, -686.0, 682.0, -476.0, 838.0, -346.0, -846.0, 1084.0, 284.0, 650.0, -3084.0, 812.0, -254.0, 1398.0, 1110.0, -814.0, 636.0, 246.0, 736.0, 846.0, 92.0, 1112.0, -1576.0, 102.0, 1084.0, -106.0, -80.0, 202.0, -814.0, 1168.0, 1296.0, 1724.0, 2.0, -662.0, 882.0, -1016.0, 40.0, 1048.0, 190.0, -868.0, -198.0, 440.0, -1964.0, -1812.0, 1582.0, -1770.0, 186.0, -46.0, -822.0, -190.0, 142.0, 750.0, 372.0, -2164.0, -298.0, 586.0, 444.0, 378.0, 1950.0], [-96.0, 1016.0, -84.0, -1484.0, -528.0, 736.0, -762.0, 642.0, -276.0, 762.0, -1512.0, 702.0, -902.0, -1110.0, -742.0, 372.0, 688.0, -404.0, -2012.0, 994.0, -1000000.0, 1510.0, -1864.0, 326.0, -734.0, 248.0, 608.0, -684.0, -244.0, -1018.0, 792.0, 1166.0, 56.0, -724.0, 756.0, 20.0, -662.0, -326.0, -1318.0, -374.0, -1068.0, -282.0, 1276.0, -2004.0, -422.0, 950.0, 700.0, 60.0, -880.0, -884.0, -722.0, 32.0, 40.0, -1212.0, -882.0, 914.0, -336.0, 458.0, 1332.0, 674.0, 1844.0, -780.0, -1478.0, 488.0, -950.0, -190.0, -274.0, 1478.0, 368.0, -800.0, -946.0, -906.0, 1424.0, -1380.0, 290.0, -1826.0, 1022.0, 844.0, 236.0, 574.0, 444.0, 134.0, -586.0, 176.0, -622.0, 1444.0, 1176.0, 594.0, 1310.0, -392.0, -246.0, -1344.0, -1592.0, -1368.0, 448.0, -1670.0, 128.0, 1964.0, -330.0, 582.0, 930.0, -678.0, 796.0, 526.0, 776.0, 2230.0, 334.0, 88.0, 350.0, -910.0, -182.0, -410.0, 682.0, 1108.0, 902.0, -148.0, -1032.0, -662.0, -2362.0, -382.0, -1276.0, 190.0, 1124.0, -876.0, -66.0, -524.0, -582.0, -244.0, -270.0, 1318.0, -424.0, -886.0, -18.0, -1386.0, 1166.0, 1066.0, -810.0, 332.0, 780.0, 394.0, -1970.0, -218.0, 2060.0, -956.0, -942.0, -1020.0, -476.0, -100.0, -1718.0, 178.0, -676.0, -1054.0, -1070.0, -268.0, 980.0, -2444.0, 1208.0, -50.0, 40.0, -514.0, 932.0, -342.0, -1466.0, -2326.0, 628.0, -1466.0, 1684.0, -354.0, 340.0, 456.0, 186.0, -1686.0, 194.0, -2024.0, -148.0, -964.0, -1226.0, 1682.0, 3130.0, 356.0, -474.0, -1152.0, -70.0, 1650.0, 1242.0, 636.0, -992.0, -1376.0, -608.0, 100.0, -1276.0, 1428.0, 376.0, 110.0, -1302.0, -824.0, -772.0, 1642.0, 1784.0, -1200.0], [14.0, -482.0, -1182.0, -626.0, 1418.0, -130.0, 612.0, -1144.0, -314.0, -1240.0, 758.0, -424.0, -1364.0, 172.0, -1172.0, 90.0, -782.0, -1290.0, -874.0, 696.0, 1510.0, -1000000.0, -1774.0, 396.0, -1148.0, -1082.0, -1458.0, -122.0, 86.0, -696.0, 502.0, -648.0, 750.0, 1306.0, 1094.0, -318.0, -892.0, 432.0, 404.0, -148.0, -1150.0, -1300.0, 570.0, -398.0, -896.0, 476.0, 750.0, 810.0, -686.0, 198.0, -1480.0, -410.0, -142.0, -202.0, 1352.0, 536.0, -1422.0, -1204.0, -1906.0, -148.0, -1106.0, -318.0, -1004.0, 1022.0, 468.0, -236.0, 980.0, 860.0, 250.0, -542.0, -1024.0, 376.0, 1174.0, 962.0, -728.0, -768.0, 344.0, -1114.0, 166.0, -904.0, -1042.0, 96.0, -604.0, 626.0, -204.0, 710.0, -1942.0, 1280.0, 540.0, 846.0, -660.0, 586.0, -234.0, -586.0, 1054.0, 968.0, 2350.0, -1270.0, -352.0, 924.0, -348.0, 600.0, -1306.0, -1772.0, -1042.0, -44.0, 1408.0, 942.0, -660.0, 1896.0, -768.0, -252.0, -2248.0, -250.0, 472.0, -898.0, 750.0, -2292.0, -308.0, -84.0, -626.0, 1664.0, -1090.0, -466.0, 364.0, 1322.0, 1428.0, 602.0, 784.0, -1452.0, -810.0, -2492.0, -664.0, -948.0, 1312.0, 2036.0, -580.0, -634.0, 614.0, -880.0, 744.0, -548.0, 894.0, 526.0, 304.0, 622.0, -682.0, 618.0, 468.0, 240.0, 1358.0, -540.0, -552.0, -558.0, -794.0, -618.0, 2498.0, -564.0, 1838.0, -1076.0, -750.0, -160.0, -904.0, -228.0, -350.0, 2892.0, -770.0, 64.0, 222.0, -614.0, -76.0, 728.0, -1576.0, -230.0, -478.0, 618.0, -400.0, -808.0, -1464.0, 306.0, -1060.0, 186.0, -3100.0, -2040.0, -1296.0, 2130.0, -1110.0, -174.0, 566.0, 14.0, 1926.0, 518.0, 1574.0, 1180.0, -140.0, 94.0, -354.0, 388.0, 938.0, 686.0], [-84.0, 128.0, 152.0, -700.0, -1052.0, -236.0, 1734.0, -1118.0, 608.0, -570.0, -992.0, 1498.0, -326.0, 510.0, 498.0, 428.0, -612.0, 1348.0, -2280.0, -470.0, -1864.0, -1774.0, -1000000.0, -778.0, -194.0, -428.0, -296.0, 300.0, -64.0, 750.0, -4.0, -254.0, 280.0, 1292.0, -408.0, 80.0, 1806.0, -682.0, -2158.0, 1466.0, -904.0, 286.0, 20.0, 1924.0, -374.0, -1026.0, 1756.0, -420.0, 868.0, -376.0, 162.0, -108.0, 636.0, -332.0, -950.0, -182.0, 128.0, 166.0, -600.0, 1110.0, -512.0, -632.0, -146.0, -40.0, -14.0, 734.0, 1378.0, 762.0, -268.0, 164.0, -614.0, 214.0, 24.0, 1504.0, -866.0, -802.0, 1450.0, 1344.0, -972.0, 754.0, 1820.0, 702.0, 1322.0, 688.0, 398.0, -12.0, -248.0, -2026.0, 2146.0, -36.0, -322.0, -116.0, -244.0, -832.0, -1688.0, 418.0, -660.0, 916.0, 590.0, -1050.0, 702.0, 1474.0, 440.0, 194.0, 2324.0, -94.0, -882.0, -208.0, 146.0, 662.0, -850.0, -154.0, 258.0, 656.0, -246.0, -472.0, -456.0, 522.0, 670.0, 946.0, 184.0, -398.0, -1032.0, 700.0, 1310.0, 2044.0, 658.0, -220.0, 1330.0, 1246.0, -2012.0, -530.0, -1146.0, -1278.0, 274.0, -318.0, 622.0, 980.0, -1208.0, -50.0, 462.0, -506.0, -924.0, -68.0, -34.0, -176.0, 1100.0, 788.0, -590.0, 498.0, -616.0, 14.0, -1258.0, -592.0, 184.0, -548.0, 888.0, 638.0, -1588.0, 2058.0, -600.0, -802.0, -374.0, 518.0, -252.0, 94.0, 1300.0, 870.0, 1208.0, 1368.0, -666.0, 1870.0, 266.0, -1824.0, 2036.0, 216.0, -238.0, 518.0, 402.0, 112.0, -1866.0, -780.0, 1354.0, -1554.0, 818.0, -1656.0, -116.0, 1076.0, 148.0, 656.0, 1456.0, 496.0, 160.0, 58.0, -130.0, 140.0, 148.0, 350.0, 764.0, -1064.0], [1382.0, -1302.0, 50.0, 966.0, 130.0, -942.0, -660.0, 40.0, -946.0, 1016.0, 818.0, 16.0, 384.0, -476.0, 464.0, 434.0, -498.0, 206.0, -742.0, -804.0, 326.0, 396.0, -778.0, -1000000.0, -1580.0, 290.0, -46.0, 662.0, -270.0, 1736.0, -1750.0, -644.0, -354.0, -550.0, 1162.0, 246.0, -812.0, 532.0, 772.0, 1284.0, -850.0, 1604.0, 1442.0, -1418.0, 1332.0, 1964.0, -578.0, -806.0, 2198.0, 1310.0, 1436.0, 226.0, -1594.0, -326.0, 492.0, -20.0, -1066.0, -400.0, -958.0, -1400.0, 306.0, -1558.0, 28.0, -554.0, -1672.0, 312.0, 508.0, 1228.0, -1402.0, -30.0, -1244.0, 212.0, 666.0, 442.0, 428.0, -1220.0, -892.0, -550.0, -270.0, -372.0, 1006.0, -720.0, 2264.0, -786.0, -1164.0, 30.0, -1270.0, 372.0, -1812.0, -582.0, -2144.0, -654.0, 642.0, 14.0, -1110.0, -592.0, -282.0, -346.0, 1148.0, -432.0, 1808.0, -36.0, -230.0, -192.0, 742.0, -52.0, -792.0, 1054.0, -492.0, -252.0, -1724.0, 664.0, 260.0, -254.0, -456.0, 54.0, -402.0, 652.0, -24.0, -2424.0, 942.0, -2208.0, 130.0, 866.0, -912.0, 54.0, -1316.0, 98.0, -664.0, 1808.0, -94.0, -300.0, 76.0, -540.0, 120.0, -1532.0, -216.0, 6.0, 1410.0, -944.0, -280.0, 2348.0, -66.0, 1570.0, 360.0, 134.0, -1430.0, 1782.0, 1448.0, 2364.0, -82.0, 1476.0, -668.0, 754.0, 1682.0, -2014.0, 454.0, -340.0, 1114.0, -2060.0, 2.0, -2124.0, -224.0, -808.0, -466.0, 2156.0, -198.0, 44.0, -518.0, -894.0, 624.0, -756.0, 272.0, -202.0, 882.0, 390.0, 252.0, -208.0, 936.0, 1774.0, 904.0, 98.0, 1204.0, -452.0, 144.0, -206.0, -654.0, -98.0, 1326.0, 1158.0, -502.0, 354.0, -74.0, -324.0, -172.0, -1174.0, -270.0, -1636.0, -330.0, 606.0], [-1018.0, 1662.0, -1718.0, -842.0, -2006.0, 550.0, -276.0, 272.0, -1406.0, 1324.0, 1578.0, -1140.0, 88.0, -1364.0, -1032.0, -1346.0, -1694.0, -254.0, -1050.0, -1384.0, -734.0, -1148.0, -194.0, -1580.0, -1000000.0, 1182.0, -1090.0, -1794.0, 586.0, -1040.0, 318.0, 852.0, 1202.0, -238.0, 1106.0, 1398.0, 88.0, 336.0, 508.0, -1028.0, 734.0, -716.0, -82.0, -234.0, 1276.0, -964.0, 1478.0, -290.0, -542.0, -762.0, -368.0, 1450.0, -1998.0, -630.0, -952.0, -448.0, -530.0, 1332.0, -310.0, 528.0, 1210.0, 806.0, -788.0, -1862.0, 728.0, -516.0, -836.0, 236.0, -1114.0, 458.0, 536.0, 1424.0, 714.0, 302.0, -1232.0, -724.0, 1072.0, 1290.0, 122.0, 272.0, 926.0, 688.0, 256.0, -1450.0, -968.0, -662.0, 1274.0, 780.0, 44.0, 126.0, 636.0, -286.0, 1530.0, 1446.0, 62.0, -2268.0, -1838.0, -102.0, -788.0, -904.0, -192.0, -888.0, -634.0, 860.0, -210.0, -480.0, 1144.0, -454.0, -1556.0, -1136.0, -840.0, 1728.0, 1008.0, 126.0, 564.0, -858.0, -306.0, -72.0, 1600.0, 560.0, 938.0, 364.0, -226.0, 354.0, -168.0, 770.0, -808.0, -1142.0, 1096.0, 284.0, 1710.0, 2432.0, 276.0, 500.0, -296.0, 1624.0, -248.0, -1586.0, -2478.0, 244.0, -472.0, 820.0, 134.0, -1518.0, 2016.0, -1354.0, 762.0, -162.0, 412.0, -1568.0, -550.0, -1208.0, 1340.0, -710.0, 442.0, 226.0, -946.0, 868.0, 74.0, -1940.0, 70.0, -816.0, -708.0, -360.0, -710.0, 388.0, -766.0, 964.0, 798.0, -294.0, -1960.0, -524.0, -352.0, -94.0, -938.0, -718.0, 912.0, -240.0, -184.0, 1042.0, 436.0, 582.0, 1940.0, -244.0, 540.0, -674.0, 1182.0, 654.0, -2.0, -782.0, 130.0, 1386.0, -82.0, -1188.0, -916.0, -1554.0, 594.0, 1260.0, 1598.0, -362.0], [-628.0, 360.0, 896.0, -1660.0, -788.0, -1736.0, -158.0, -726.0, -24.0, -50.0, -872.0, -1462.0, -6.0, -982.0, -274.0, -152.0, 156.0, -824.0, -1224.0, 1546.0, 248.0, -1082.0, -428.0, 290.0, 1182.0, -1000000.0, -688.0, 472.0, -448.0, 1830.0, -552.0, -418.0, -1340.0, -664.0, 136.0, -784.0, -202.0, 2082.0, 862.0, 2234.0, -8.0, -402.0, -108.0, 532.0, -190.0, 578.0, -296.0, -128.0, 1304.0, 744.0, 1134.0, -1324.0, -204.0, -812.0, -114.0, 858.0, 840.0, -70.0, -816.0, -566.0, 544.0, -820.0, 1026.0, -16.0, -434.0, -302.0, 1170.0, 1178.0, 756.0, -600.0, -1854.0, -1366.0, -1664.0, -1232.0, -966.0, -494.0, -2006.0, 696.0, 1652.0, 746.0, -320.0, 570.0, -410.0, 8.0, 806.0, -172.0, 520.0, -1222.0, -1238.0, 572.0, -578.0, -1196.0, 1036.0, 1836.0, 1144.0, 1190.0, 248.0, 292.0, -1686.0, -154.0, 786.0, -378.0, -812.0, -2314.0, 492.0, -50.0, 1890.0, -1228.0, -602.0, 330.0, -1166.0, -2382.0, -830.0, 2072.0, 10.0, -40.0, 656.0, -726.0, -626.0, -498.0, -2120.0, 946.0, -200.0, -2152.0, 922.0, 320.0, -2230.0, -436.0, 1690.0, -34.0, 732.0, -1246.0, -1706.0, 510.0, 494.0, 710.0, -1730.0, 108.0, -428.0, 390.0, -8