{"connections": [[-1.0, -0.0017364499356963064, -0.0007256058809105604, -0.0009457897344282475, -0.0014422042405408517, 0.0001771479185119575, -0.0010298599330440918, 1.1009192675884363e-05, -0.0007616359660316364, 0.0012180170442319337, -0.001262053814935471, 0.00014111783339088138, -0.0004253551715682595, -0.00084170282185625, 0.0002852381738751858, 0.00027322814550149375, 0.00026321978852341705, -0.00018515460409441884, 5.004178489038347e-06, -0.002170812628544835, 0.0007816526799877898, 0.0006855724529982536, 0.00011309443385226664, 0.001946625432235917, -0.00034528831574364593, -0.0015382844675303879, 0.0012120120300450877, -2.7022563840807075e-05, -0.00034728998713926126, -0.0005354470983271032, 0.000487406984832335, 0.0007396175806798677, 7.306100593995987e-05, -0.000611510611360486, -0.0008256894506913273, 8.707270570926724e-05, -0.00015913287595141942, -5.304429198380648e-05, 0.00014912451897334275, -0.0008957479495378641], [-0.0017364499356963064, -1.0, 0.00022118468921549493, 0.0013581340419250073, 0.0010819033893300907, 0.00011509610524788198, 0.0007696426516140978, -0.00015112619036895808, -0.0004313601857551055, -0.0014582176117057743, 0.0006815691102070229, 0.0006275239825254087, 0.00032927494457872324, 0.0018025050917516126, 0.0002552131029409557, 0.0005514604694920258, -0.0005474571267007951, 0.001822521805707766, 0.0023929981534581376, 0.0015462911531128492, 0.0006275239825254087, 0.0012880755430784705, -0.0009257730204720942, -0.0016023379521900786, 0.00018115126130318815, -0.0002752298168971091, -0.0013601357133206228, 0.0015482928245084645, 0.0009437880630326323, -0.0009017529637247101, 0.001177983616319627, -0.0005794838690306406, 0.0009638047769887857, 0.001508259396596158, 0.00019316128967688018, 0.0009618031055931703, -0.0007576326232404057, 0.0002612181171278017, -0.0011059234460774746, -0.0005814855404262559], [-0.0007256058809105604, 0.00022118468921549493, -1.0, 0.0001671395615338808, -0.00012910780501718935, -4.7039277796960465e-05, 0.0002592164457321864, 0.0003833200722603374, -0.000865722878603634, 1.0008356978076694e-06, 0.002060720701785991, 0.0008817362497685568, -0.0014542142689145437, 0.0022128477278527572, -0.00045938358529372023, -0.0006795674388114075, 7.105933454434452e-05, 0.001183988630506473, 0.0003252716017874926, -0.0013221039568039313, -0.00047539695645864297, -0.0005674738406569485, 1.3010864071499702e-05, -0.00015913287595141942, -0.0006855724529982536, 0.001956633789213994, 0.001232028744001241, 0.00047339528506302764, 0.001326107299595162, 1.3010864071499702e-05, 0.0014041724840241601, 0.00020717298944618757, -0.00046338692808495094, -0.0002351963889848023, -0.0015062577252005424, 0.0015122627393873884, -0.00021117633223741825, -0.0020266922880605304, -0.0011799852877152422, -0.0008036710653395586], [-0.0009457897344282475, 0.0013581340419250073, 0.0001671395615338808, -1.0, 0.0005034203559972577, -0.0009798181481537084, -0.0006815691102070229, 0.0007756476658009438, 0.0008557145216255574, 0.0012860738716828552, -0.0005374487697227184, -0.0017764833636086132, 0.0010118448904835537, 0.00205271401620353, -0.0008236877792957119, 0.0009858231623405544, -0.001262053814935471, 0.0009397847202414016, 1.701420686273038e-05, 0.00014311950478649674, 0.0011499602167810122, 0.0005494587980964105, -0.0024330315813704444, -0.0011359485170117048, 0.000959801434197555, -0.0007976660511527125, -2.5020892445191736e-05, 0.00029324485945764715, -0.0005234370699534111, -7.906602012680588e-05, 0.0010278582616484765, 0.00026321978852341705, -0.0010758983751432446, 0.0002251880320067256, 0.0005314437555358724, 0.00013511281920403537, 0.0010138465618791692, 0.0017124298789489224, 0.001214013701440703, -0.00013110947641280468], [-0.0014422042405408517, 0.0010819033893300907, -0.00012910780501718935, 0.0005034203559972577, -1.0, -0.0005354470983271032, 0.0009918281765274003, -0.003187661697517427, -0.0007456225948667137, 0.0019506287750271478, -0.0006935791385807149, -0.0004313601857551055, 0.0002952465308532625, 0.00044337021412879754, -0.0001671395615338808, 0.00036130168690856867, 0.00034728998713926126, -0.0016423713801023854, 0.0001731445757207268, 0.0021287775292369126, -0.0009918281765274003, -0.002533115151151211, -0.0007636376374272518, 0.002098752458302683, -4.1034263610114444e-05, 0.000611510611360486, -0.00045337857110687424, 0.0019906622029394546, -0.001716433221740153, 0.000741619252075483, 0.0008156810937132506, -0.0010098432190879384, -0.0002191830178198796, -0.0005474571267007951, 0.00037131004388664537, -0.001113930131659936, -0.0004353635285463362, -0.00255513353650298, -0.0008316944648781733, 0.000705589166954407], [0.0001771479185119575, 0.00011509610524788198, -4.7039277796960465e-05, -0.0009798181481537084, -0.0005354470983271032, -1.0, -0.0011479585453853967, 0.0001571312045558041, 0.0013020872428477779, 0.0010078415476923231, -0.0015603028528821566, -0.0005014186846016424, -0.0010718950323520139, 0.0002652214599190324, -0.0008136794223176353, -0.0006255223111297934, 0.0014942476968268503, -0.00045538024250248957, -0.0013581340419250073, -0.0005954972401955633, -0.0006935791385807149, 0.0008076744081307892, -5.704763477503716e-05, -0.0004413685427331822, 0.00010508774826980528, 0.0002251880320067256, -0.0006675574104377155, -0.001710428207553307, -0.0006575490534596388, 0.0009117613207027868, -0.0014522125975189283, -0.0009197680062852482, -0.0008056727367351739, 0.0003793167294691067, -0.000835697807669404, 0.0009938298479230158, -0.001398167469837314, -0.0009157646634940175, 0.0005194337271621804, -0.00010508774826980528], [-0.0010298599330440918, 0.0007696426516140978, 0.0002592164457321864, -0.0006815691102070229, 0.0009918281765274003, -0.0011479585453853967, -1.0, 0.0006235206397341781, 0.001356132370529392, 0.00037731505807349136, 0.0007396175806798677, 9.708106268734394e-05, 0.00018715627549003417, -0.0015823212382339252, -0.00033127661597433857, 0.00038131840086472207, 0.0006355306681078701, 0.0014522125975189283, 0.0022789028839080632, 0.00041534681459018283, -0.000611510611360486, -0.0008637212072080187, 9.708106268734394e-05, -0.0009397847202414016, 0.001480235997057543, 0.00013511281920403537, -0.0007576326232404057, -0.0006155139541517167, 0.0017464582926743832, -0.0005594671550744872, -1.0008356978076694e-06, 0.0020166839310824538, -0.0011759819449240116, 0.0006455390250859468, 0.00027923315968833974, -7.706434873119054e-05, 8.907437710488258e-05, 0.0015843229096295407, -0.00024720641735849437, 0.0010298599330440918], [1.1009192675884363e-05, -0.00015112619036895808, 0.0003833200722603374, 0.0007756476658009438, -0.003187661697517427, 0.0001571312045558041, 0.0006235206397341781, -1.0, 0.0015522961672996952, -0.001444205911936467, -0.0016263580089374628, -0.0007676409802184824, -0.0017344482643006911, 9.107604850049791e-05, 0.0008296927934825579, 0.00084170282185625, 0.00044337021412879754, 5.5045963379421815e-05, 0.0005654721692613332, 0.00035529667272172263, -0.000747624266262329, 0.00018115126130318815, 0.00048140197064548896, 0.0011419535311985509, -0.0009497930772194783, -0.0005774821976350252, -0.00046939194227179693, -0.00017514624711634214, 0.0007336125664930217, -0.0012640554863310866, -0.00016513789013826544, -0.0009337797060545556, -0.0015202694249698498, 0.0012300270726056258, -0.0004213518287770288, -0.0001731445757207268, 0.00035729834411733796, 0.0012960822286609318, -0.0004713936136674123, 0.0004613852566893356], [-0.0007616359660316364, -0.0004313601857551055, -0.000865722878603634, 0.0008557145216255574, -0.0007456225948667137, 0.0013020872428477779, 0.001356132370529392, 0.0015522961672996952, -1.0, -0.00019115961828126485, -0.00038131840086472207, -0.00040333678621649074, -0.000741619252075483, 0.0009477914058238629, 0.00032126825899626187, 9.708106268734394e-05, 0.0011639719165503196, -0.000257214774336571, 0.0004013351148208754, -0.0005974989115911786, 0.00012910780501718935, 0.00023319471758918698, -0.0008677245499992493, -0.00015512953316018877, -0.0007216025381193296, -0.0017985017489603819, 0.00040734012900772146, -0.0006875741243938688, 0.0020387023164342225, -0.0013481256849469307, -0.00036130168690856867, 0.0012640554863310866, 0.0002652214599190324, 8.907437710488258e-05, -0.00010508774826980528, 0.000859717864416788, -0.0006395340108991007, -0.0007135958525368683, -0.0002872398452708011, 0.0017704783494217672], [0.0012180170442319337, -0.0014582176117057743, 1.0008356978076694e-06, 0.0012860738716828552, 0.0019506287750271478, 0.0010078415476923231, 0.00037731505807349136, -0.001444205911936467, -0.00019115961828126485, -1.0, 0.000493411999019181, -0.0007816526799877898, -0.00022718970340234097, 0.0012100103586494724, 0.0018725635905981494, 0.0010078415476923231, 0.001025856590252861, -0.00019916630386372622, -0.0010498766470002452, -0.001195998658880165, -0.000865722878603634, 0.00030325321643572385, -3.7030920818883765e-05, 0.0003432866443480306, 0.0005254387413490265, -0.00015913287595141942, -0.00022718970340234097, 0.0004914103276235657, 0.0004713936136674123, 0.00018715627549003417, 0.0005894922260087173, -0.0023409546971721387, 0.001308092257034624, 0.0016403697087067702, 0.0009057563065159408, -7.906602012680588e-05, -0.0010578833325827065, 7.306100593995987e-05, 0.0005114270415797191, 0.0021327808720281436], [-0.001262053814935471, 0.0006815691102070229, 0.002060720701785991, -0.0005374487697227184, -0.0006935791385807149, -0.0015603028528821566, 0.0007396175806798677, -0.0016263580089374628, -0.00038131840086472207, 0.000493411999019181, -1.0, -0.0006955808099763303, 0.0005314437555358724, 0.0016844064794103075, -0.00018715627549003417, -0.00024720641735849437, -0.0020106789168956077, 0.00013511281920403537, 0.002094749115511452, -0.0011499602167810122, 0.003111598184484044, -0.000859717864416788, 0.0009017529637247101, 0.0003893250864471834, -0.0015943312666076173, 0.00012310279083034334, 7.005849884653686e-06, -0.0010999184318906286, 0.00016914123292949612, -0.0006315273253166394, 0.0009077579779115561, -0.0008737295641860954, 0.0025110967657994425, 0.0008817362497685568, -0.0004093418004033368, 0.0002191830178198796, 0.0010979167604950133, -0.0010298599330440918, 0.0006415356822947161, 0.00014912451897334275], [0.00014111783339088138, 0.0006275239825254087, 0.0008817362497685568, -0.0017764833636086132, -0.0004313601857551055, -0.0005014186846016424, 9.708106268734394e-05, -0.0007676409802184824, -0.00040333678621649074, -0.0007816526799877898, -0.0006955808099763303, -1.0, -0.0009317780346589402, -0.0006715607532289462, -0.000729609223701791, -0.00040533845761210613, 0.00011309443385226664, 8.50710343136519e-05, -0.0003893250864471834, 0.00025321143154534035, -0.0009457897344282475, 0.0008637212072080187, 0.0003432866443480306, -0.0014261908693759288, -7.105933454434452e-05, -0.0002872398452708011, -0.00019516296107249554, -8.106769152242122e-05, -0.0015222710963654653, -4.90409491925758e-05, 0.0009257730204720942, 6.90576631487292e-05, -0.00041734848598579816, -0.0002091746608418029, -0.0015522961672996952, 0.00032927494457872324, 1.1009192675884363e-05, 0.001189993644693319, 0.0008557145216255574, 0.0005995005829867939], [-0.0004253551715682595, 0.00032927494457872324, -0.0014542142689145437, 0.0010118448904835537, 0.0002952465308532625, -0.0010718950323520139, 0.00018715627549003417, -0.0017344482643006911, -0.000741619252075483, -0.00022718970340234097, 0.0005314437555358724, -0.0009317780346589402, -1.0, -0.0016703947796410002, 0.00030925823062256984, 0.0011939969874845495, 7.105933454434452e-05, -0.00038131840086472207, 0.0009297763632633249, 0.0011119284602643207, 0.0005294420841402571, -0.0007636376374272518, 0.00014111783339088138, 0.0014422042405408517, 0.0006755640960201769, -0.0011419535311985509, -0.0012660571577267018, -0.002040703987829838, 0.0005134287129753344, 0.0004013351148208754, 0.0007196008667237143, -0.00019716463246811087, -0.0009277746918677095, -0.0009998348621098618, 0.0010358649472309378, -6.90576631487292e-05, -0.0008517111788343267, -0.0010298599330440918, -0.0003793167294691067, -0.0004353635285463362], [-0.00084170282185625, 0.0018025050917516126, 0.0022128477278527572, 0.00205271401620353, 0.00044337021412879754, 0.0002652214599190324, -0.0015823212382339252, 9.107604850049791e-05, 0.0009477914058238629, 0.0012100103586494724, 0.0016844064794103075, -0.0006715607532289462, -0.0016703947796410002, -1.0, -0.0021407875576106047, 0.00060550559717364, 0.0005154303843709498, 0.0016563830798716928, -0.002332948011589677, 0.001616349651959386, -0.000239199731776033, -0.0020687273873684527, -0.00040734012900772146, 0.00038131840086472207, -0.0002652214599190324, -0.00037731505807349136, -0.0006495423678771774, -0.001544289481717234, -0.0007436209234710984, 0.0013541306991337767, 0.0022328644418089104, 0.00031926658760064654, 0.0022869095694905248, -0.0006595507248552541, -0.0006975824813719455, -0.0015783178954426947, -0.000723604209514945, -0.0008697262213948647, 0.0004253551715682595, 0.0007015858241631763], [0.0002852381738751858, 0.0002552131029409557, -0.00045938358529372023, -0.0008236877792957119, -0.0001671395615338808, -0.0008136794223176353, -0.00033127661597433857, 0.0008296927934825579, 0.00032126825899626187, 0.0018725635905981494, -0.00018715627549003417, -0.000729609223701791, 0.00030925823062256984, -0.0021407875576106047, -1.0, 2.3019221049576397e-05, 0.0016824048080146922, -0.00045938358529372023, -0.0014542142689145437, 0.0014101774982110062, -0.0010418699614177839, 0.0004673902708761816, 0.0005154303843709498, -0.00025321143154534035, -0.00022718970340234097, 0.0007095925097456376, 0.00022118468921549493, 0.00181651679152092, -0.0003132615734138005, 0.0012440387723749332, 0.0016303613517286934, 0.00041734848598579816, 0.0013841557700680067, 0.0008837379211641721, -0.0011879919732977035, 0.0002492080887541097, 0.0006515440392727928, -0.0022208544134352183, -0.0002291913747979563, -0.0010979167604950133], [0.00027322814550149375, 0.0005514604694920258, -0.0006795674388114075, 0.0009858231623405544, 0.00036130168690856867, -0.0006255223111297934, 0.00038131840086472207, 0.00084170282185625, 9.708106268734394e-05, 0.0010078415476923231, -0.00024720641735849437, -0.00040533845761210613, 0.0011939969874845495, 0.00060550559717364, 2.3019221049576397e-05, -1.0, -0.0003793167294691067, 0.0016984181791796149, -2.902423523642241e-05, 0.0013781507558811607, 0.00035129332993049197, 0.00045938358529372023, 0.0016563830798716928, -0.000493411999019181, 0.0005814855404262559, 4.503760640134512e-05, -6.705599175311385e-05, 0.001195998658880165, 0.0012240220584187798, 0.00020316964665495688, 0.0009497930772194783, 0.0011699769307371656, 0.0008076744081307892, -0.00041334514319456744, -0.00020316964665495688, 0.0008376994790650193, 0.00040333678621649074, -0.0012600521435398558, -0.0004213518287770288, 0.0009557980914063242], [0.00026321978852341705, -0.0005474571267007951, 7.105933454434452e-05, -0.001262053814935471, 0.00034728998713926126, 0.0014942476968268503, 0.0006355306681078701, 0.00044337021412879754, 0.0011639719165503196, 0.001025856590252861, -0.0020106789168956077, 0.00011309443385226664, 7.105933454434452e-05, 0.0005154303843709498, 0.0016824048080146922, -0.0003793167294691067, -1.0, -0.002975484529582201, -0.0003793167294691067, 0.00015913287595141942, 2.5020892445191736e-05, -0.00026321978852341705, -0.0006915774671850996, 0.0013581340419250073, 0.0009477914058238629, 0.0002872398452708011, -0.00043336185715072084, -0.001508259396596158, -0.0006275239825254087, 0.00014111783339088138, 0.0009998348621098618, -5.304429198380648e-05, 0.0027312806193171297, -0.00039533010063402943, -0.0009417863916370169, 0.0012760655147047784, -0.0015763162240470794, -0.00019316128967688018, 0.00010108440547857461, 0.0016143479805637707], [-0.00018515460409441884, 0.001822521805707766, 0.001183988630506473, 0.0009397847202414016, -0.0016423713801023854, -0.00045538024250248957, 0.0014522125975189283, 5.5045963379421815e-05, -0.000257214774336571, -0.00019916630386372622, 0.00013511281920403537, 8.50710343136519e-05, -0.00038131840086472207, 0.0016563830798716928, -0.00045938358529372023, 0.0016984181791796149, -0.002975484529582201, -1.0, 0.00041334514319456744, -0.00016113454734703478, -0.0006755640960201769, -0.0005714771834481792, -0.0008997512923290948, -0.0004393668713375669, -0.001053879989791476, -0.0007456225948667137, -0.0009017529637247101, 0.0003372816301611846, -0.00031125990201818517, -0.00012710613362157402, -0.00011709777664349732, 0.00027923315968833974, -4.7039277796960465e-05, -0.00024720641735849437, 0.0007155975239324837, 0.0008917446067466335, -0.001544289481717234, -5.304429198380648e-05, 0.0002652214599190324, 0.0006535457106684081], [5.004178489038347e-06, 0.0023929981534581376, 0.0003252716017874926, 1.701420686273038e-05, 0.0001731445757207268, -0.0013581340419250073, 0.0022789028839080632, 0.0005654721692613332, 0.0004013351148208754, -0.0010498766470002452, 0.002094749115511452, -0.0003893250864471834, 0.0009297763632633249, -0.002332948011589677, -0.0014542142689145437, -2.902423523642241e-05, -0.0003793167294691067, 0.00041334514319456744, -1.0, -0.0012640554863310866, 0.0005714771834481792, 0.0005554638122832566, 0.000363303358304184, 0.0007516276090535597, 0.00024120140317164833, -0.0018485435338507655, -0.00030325321643572385, 0.0006595507248552541, -0.0010738967037476294, -0.0007256058809105604, -0.00019516296107249554, -0.0005634704978657179, -0.00012910780501718935, 1.1009192675884363e-05, -0.000835697807669404, -0.00044337021412879754, 0.0006875741243938688, 0.0009057563065159408, -0.0001531278617645734, 0.0011119284602643207], [-0.002170812628544835, 0.0015462911531128492, -0.0013221039568039313, 0.00014311950478649674, 0.0021287775292369126, -0.0005954972401955633, 0.00041534681459018283, 0.00035529667272172263, -0.0005974989115911786, -0.001195998658880165, -0.0011499602167810122, 0.00025321143154534035, 0.0011119284602643207, 0.001616349651959386, 0.0014101774982110062, 0.0013781507558811607, 0.00015913287595141942, -0.00016113454734703478, -0.0012640554863310866, -1.0, 0.0008937462781422488, 6.90576631487292e-05, 0.0008977496209334794, -0.00029124318806203177, -0.001089910074912552, 0.00011109276245665131, -0.001089910074912552, 0.0009858231623405544, -0.0010278582616484765, -0.00035930001551295334, -5.004178489038347e-06, 0.0009037546351203255, 0.0015102610679917732, 0.0012980839000565473, -8.907437710488258e-05, -0.0004013351148208754, 0.0005214353985577958, -0.0007536292804491751, 0.00011709777664349732, -0.00211276415807199], [0.0007816526799877898, 0.0006275239825254087, -0.00047539695645864297, 0.0011499602167810122, -0.0009918281765274003, -0.0006935791385807149, -0.000611510611360486, -0.000747624266262329, 0.00012910780501718935, -0.000865722878603634, 0.003111598184484044, -0.0009457897344282475, 0.0005294420841402571, -0.000239199731776033, -0.0010418699614177839, 0.00035129332993049197, 2.5020892445191736e-05, -0.0006755640960201769, 0.0005714771834481792, 0.0008937462781422488, -1.0, 0.0008957479495378641, 0.000611510611360486, 0.00039533010063402943, 0.0015142644107830037, -0.00047539695645864297, -0.00013110947641280468, 0.0006395340108991007, 0.0010678916895607833, -0.0016063412949813094, -0.0013120955998258547, 0.0004974153418104116, 0.0013120955998258547, -0.00084170282185625, -0.00031125990201818517, -0.00011509610524788198, -0.0005374487697227184, 0.0005974989115911786, 0.0008397011504606346, -0.0005534621408876412], [0.0006855724529982536, 0.0012880755430784705, -0.0005674738406569485, 0.0005494587980964105, -0.002533115151151211, 0.0008076744081307892, -0.0008637212072080187, 0.00018115126130318815, 0.00023319471758918698, 0.00030325321643572385, -0.000859717864416788, 0.0008637212072080187, -0.0007636376374272518, -0.0020687273873684527, 0.0004673902708761816, 0.00045938358529372023, -0.00026321978852341705, -0.0005714771834481792, 0.0005554638122832566, 6.90576631487292e-05, 0.0008957479495378641, -1.0, -0.0007576326232404057, 0.00029924987364449314, 0.00027322814550149375, 0.0010698933609563986, -0.0007836543513834052, 0.0008797345783729414, 0.0004713936136674123, 0.0005314437555358724, 0.0016703947796410002, -0.0007556309518447904, 0.0016844064794103075, -0.0017144315503445377, -0.00018715627549003417, 0.0005254387413490265, 0.0007556309518447904, -0.0017204365645313838, 0.000499417013206027, -0.00016513789013826544], [0.00011309443385226664, -0.0009257730204720942, 1.3010864071499702e-05, -0.0024330315813704444, -0.0007636376374272518, -5.704763477503716e-05, 9.708106268734394e-05, 0.00048140197064548896, -0.0008677245499992493, -3.7030920818883765e-05, 0.0009017529637247101, 0.0003432866443480306, 0.00014111783339088138, -0.00040734012900772146, 0.0005154303843709498, 0.0016563830798716928, -0.0006915774671850996, -0.0008997512923290948, 0.000363303358304184, 0.0008977496209334794, 0.000611510611360486, -0.0007576326232404057, -1.0, 0.0006955808099763303, 0.0007336125664930217, -0.00034728998713926126, 0.0011539635595722427, 0.0010398682900221686, 6.705599175311385e-05, 0.0002672231313146477, -0.0008957479495378641, 0.0011179334744511667, -0.0011179334744511667, 0.001268058829122317, 0.0002091746608418029, 0.000617515625547332, -0.000629525653921024, -0.0022128477278527572, 0.000847707836043096, 0.0009197680062852482], [0.001946625432235917, -0.0016023379521900786, -0.00015913287595141942, -0.0011359485170117048, 0.002098752458302683, -0.0004413685427331822, -0.0009397847202414016, 0.0011419535311985509, -0.00015512953316018877, 0.0003432866443480306, 0.0003893250864471834, -0.0014261908693759288, 0.0014422042405408517, 0.00038131840086472207, -0.00025321143154534035, -0.000493411999019181, 0.0013581340419250073, -0.0004393668713375669, 0.0007516276090535597, -0.00029124318806203177, 0.00039533010063402943, 0.00029924987364449314, 0.0006955808099763303, -1.0, 0.0015663078670690026, -0.0005394504411183338, -0.00019916630386372622, 0.0005554638122832566, 0.0009878248337361697, 0.0013441223421557, -0.0003993334434252601, -0.0011279418314292435, 0.0014321958835627749, -0.00011309443385226664, 0.0009377830488457862, 0.00014512117618211207, 0.0008997512923290948, 0.00041734848598579816, -0.0006855724529982536, -0.0007736459944053285], [-0.00034528831574364593, 0.00018115126130318815, -0.0006855724529982536, 0.000959801434197555, -4.1034263610114444e-05, 0.00010508774826980528, 0.001480235997057543, -0.0009497930772194783, -0.0007216025381193296, 0.0005254387413490265, -0.0015943312666076173, -7.105933454434452e-05, 0.0006755640960201769, -0.0002652214599190324, -0.00022718970340234097, 0.0005814855404262559, 0.0009477914058238629, -0.001053879989791476, 0.00024120140317164833, -0.001089910074912552, 0.0015142644107830037, 0.00027322814550149375, 0.0007336125664930217, 0.0015663078670690026, -1.0, 0.0008837379211641721, -0.0014702276400794664, 0.00032927494457872324, -0.0005314437555358724, 0.000853712850229942, -0.0007976660511527125, 0.0005234370699534111, 0.0017704783494217672, 8.50710343136519e-05, 0.0004353635285463362, 0.0004513768997112589, 0.0015262744391566958, -0.0003933284292384141, -6.705599175311385e-05, 0.00029324485945764715], [-0.0015382844675303879, -0.0002752298168971091, 0.001956633789213994, -0.0007976660511527125, 0.000611510611360486, 0.0002251880320067256, 0.00013511281920403537, -0.0005774821976350252, -0.0017985017489603819, -0.00015913287595141942, 0.00012310279083034334, -0.0002872398452708011, -0.0011419535311985509, -0.00037731505807349136, 0.0007095925097456376, 4.503760640134512e-05, 0.0002872398452708011, -0.0007456225948667137, -0.0018485435338507655, 0.00011109276245665131, -0.00047539695645864297, 0.0010698933609563986, -0.00034728998713926126, -0.0005394504411183338, 0.0008837379211641721, -1.0, -3.302757802765309e-05, 0.0014221875265846983, 0.00012910780501718935, 0.00027322814550149375, -0.000729609223701791, -0.0005614688264701025, -0.0010919117463081673, 0.0007976660511527125, -0.0014702276400794664, 0.00042335350017264414, -0.00019115961828126485, 0.0010638883467695526, -0.0010278582616484765, -0.0006555473820640235], [0.0012120120300450877, -0.0013601357133206228, 0.001232028744001241, -2.5020892445191736e-05, -0.00045337857110687424, -0.0006675574104377155, -0.0007576326232404057, -0.00046939194227179693, 0.00040734012900772146, -0.00022718970340234097, 7.005849884653686e-06, -0.00019516296107249554, -0.0012660571577267018, -0.0006495423678771774, 0.00022118468921549493, -6.705599175311385e-05, -0.00043336185715072084, -0.0009017529637247101, -0.00030325321643572385, -0.001089910074912552, -0.00013110947641280468, -0.0007836543513834052, 0.0011539635595722427, -0.00019916630386372622, -0.0014702276400794664, -3.302757802765309e-05, -1.0, -0.0021688109571492194, 0.0015022543824093119, -0.001980653845961378, 0.0009397847202414016, -0.00045337857110687424, 0.00048540531343671967, -0.0011919953160889343, -0.0005734788548437946, 0.0006155139541517167, -0.0006395340108991007, -0.0013301106423863926, 0.00034128497295241527, -0.0016123463091681554], [-2.7022563840807075e-05, 0.0015482928245084645, 0.00047339528506302764, 0.00029324485945764715, 0.0019906622029394546, -0.001710428207553307, -0.0006155139541517167, -0.00017514624711634214, -0.0006875741243938688, 0.0004914103276235657, -0.0010999184318906286, -8.106769152242122e-05, -0.002040703987829838, -0.001544289481717234, 0.00181651679152092, 0.001195998658880165, -0.001508259396596158, 0.0003372816301611846, 0.0006595507248552541, 0.0009858231623405544, 0.0006395340108991007, 0.0008797345783729414, 0.0010398682900221686, 0.0005554638122832566, 0.00032927494457872324, 0.0014221875265846983, -0.0021688109571492194, -1.0, -0.00019716463246811087, -0.0009818198195493237, 0.001189993644693319, 0.0009217696776808635, 0.00011909944803911265, 0.0021207708436544515, -0.0010238549188572458, -0.0016083429663769247, -0.00034929165853487664, -0.0009557980914063242, -0.00036130168690856867, -0.0005014186846016424], [-0.00034728998713926126, 0.0009437880630326323, 0.001326107299595162, -0.0005234370699534111, -0.001716433221740153, -0.0006575490534596388, 0.0017464582926743832, 0.0007336125664930217, 0.0020387023164342225, 0.0004713936136674123, 0.00016914123292949612, -0.0015222710963654653, 0.0005134287129753344, -0.0007436209234710984, -0.0003132615734138005, 0.0012240220584187798, -0.0006275239825254087, -0.00031125990201818517, -0.0010738967037476294, -0.0010278582616484765, 0.0010678916895607833, 0.0004713936136674123, 6.705599175311385e-05, 0.0009878248337361697, -0.0005314437555358724, 0.00012910780501718935, 0.0015022543824093119, -0.00019716463246811087, -1.0, 0.00046338692808495094, 0.0010338632758353226, -0.0005074236987884883, 0.00011909944803911265, 0.0014041724840241601, 0.002282906226699294, -0.0002151796750286489, 0.00036730670109541466, 0.00014111783339088138, -0.0021507959145886817, 0.0012640554863310866], [-0.0005354470983271032, -0.0009017529637247101, 1.3010864071499702e-05, -7.906602012680588e-05, 0.000741619252075483, 0.0009117613207027868, -0.0005594671550744872, -0.0012640554863310866, -0.0013481256849469307, 0.00018715627549003417, -0.0006315273253166394, -4.90409491925758e-05, 0.0004013351148208754, 0.0013541306991337767, 0.0012440387723749332, 0.00020316964665495688, 0.00014111783339088138, -0.00012710613362157402, -0.0007256058809105604, -0.00035930001551295334, -0.0016063412949813094, 0.0005314437555358724, 0.0002672231313146477, 0.0013441223421557, 0.000853712850229942, 0.00027322814550149375, -0.001980653845961378, -0.0009818198195493237, 0.00046338692808495094, -1.0, -0.00031926658760064654, -0.000747624266262329, -0.00131409727122147, 0.0013361156565732386, 0.0005774821976350252, -0.0006875741243938688, -0.0007816526799877898, -0.00019516296107249554, 0.0016003362807944634, -0.0007095925097456376], [0.000487406984832335, 0.001177983616319627, 0.0014041724840241601, 0.0010278582616484765, 0.0008156810937132506, -0.0014522125975189283, -1.0008356978076694e-06, -0.00016513789013826544, -0.00036130168690856867, 0.0005894922260087173, 0.0009077579779115561, 0.0009257730204720942, 0.0007196008667237143, 0.0022328644418089104, 0.0016303613517286934, 0.0009497930772194783, 0.0009998348621098618, -0.00011709777664349732, -0.00019516296107249554, -5.004178489038347e-06, -0.0013120955998258547, 0.0016703947796410002, -0.0008957479495378641, -0.0003993334434252601, -0.0007976660511527125, -0.000729609223701791, 0.0009397847202414016, 0.001189993644693319, 0.0010338632758353226, -0.00031926658760064654, -1.0, -0.00016914123292949612, 0.00020116797525934155, -0.000363303358304184, 0.001964640474796455, -0.0011339468456160893, 0.0004573819138981049, 1.9015878258345718e-05, -0.0009317780346589402, -0.001556299510090926], [0.0007396175806798677, -0.0005794838690306406, 0.00020717298944618757, 0.00026321978852341705, -0.0010098432190879384, -0.0009197680062852482, 0.0020166839310824538, -0.0009337797060545556, 0.0012640554863310866, -0.0023409546971721387, -0.0008737295641860954, 6.90576631487292e-05, -0.00019716463246811087, 0.00031926658760064654, 0.00041734848598579816, 0.0011699769307371656, -5.304429198380648e-05, 0.00027923315968833974, -0.0005634704978657179, 0.0009037546351203255, 0.0004974153418104116, -0.0007556309518447904, 0.0011179334744511667, -0.0011279418314292435, 0.0005234370699534111, -0.0005614688264701025, -0.00045337857110687424, 0.0009217696776808635, -0.0005074236987884883, -0.000747624266262329, -0.00016914123292949612, -1.0, -0.0009798181481537084, -0.0013000855714521626, -0.0005454554553051799, -0.0012020036730670109, -0.0006835707816026382, -0.0009938298479230158, -0.001320102285408316, -0.0007716443230097131], [7.306100593995987e-05, 0.0009638047769887857, -0.00046338692808495094, -0.0010758983751432446, -0.0002191830178198796, -0.0008056727367351739, -0.0011759819449240116, -0.0015202694249698498, 0.0002652214599190324, 0.001308092257034624, 0.0025110967657994425, -0.00041734848598579816, -0.0009277746918677095, 0.0022869095694905248, 0.0013841557700680067, 0.0008076744081307892, 0.0027312806193171297, -4.7039277796960465e-05, -0.00012910780501718935, 0.0015102610679917732, 0.0013120955998258547, 0.0016844064794103075, -0.0011179334744511667, 0.0014321958835627749, 0.0017704783494217672, -0.0010919117463081673, 0.00048540531343671967, 0.00011909944803911265, 0.00011909944803911265, -0.00131409727122147, 0.00020116797525934155, -0.0009798181481537084, -1.0, -0.001462220954497005, -0.00013911616199526605, 0.000593495568799948, -0.0003132615734138005, -0.0008036710653395586, -0.0001771479185119575, 0.001888576961763072], [-0.000611510611360486, 0.001508259396596158, -0.0002351963889848023, 0.0002251880320067256, -0.0005474571267007951, 0.0003793167294691067, 0.0006455390250859468, 0.0012300270726056258, 8.907437710488258e-05, 0.0016403697087067702, 0.0008817362497685568, -0.0002091746608418029, -0.0009998348621098618, -0.0006595507248552541, 0.0008837379211641721, -0.00041334514319456744, -0.00039533010063402943, -0.00024720641735849437, 1.1009192675884363e-05, 0.0012980839000565473, -0.00084170282185625, -0.0017144315503445377, 0.001268058829122317, -0.00011309443385226664, 8.50710343136519e-05, 0.0007976660511527125, -0.0011919953160889343, 0.0021207708436544515, 0.0014041724840241601, 0.0013361156565732386, -0.000363303358304184, -0.0013000855714521626, -0.001462220954497005, -1.0, -0.0005354470983271032, -0.0001671395615338808, 0.00031125990201818517, -3.903259221449911e-05, 7.506267733557521e-05, 0.00013911616199526605], [-0.0008256894506913273, 0.00019316128967688018, -0.0015062577252005424, 0.0005314437555358724, 0.00037131004388664537, -0.000835697807669404, 0.00027923315968833974, -0.0004213518287770288, -0.00010508774826980528, 0.0009057563065159408, -0.0004093418004033368, -0.0015522961672996952, 0.0010358649472309378, -0.0006975824813719455, -0.0011879919732977035, -0.00020316964665495688, -0.0009417863916370169, 0.0007155975239324837, -0.000835697807669404, -8.907437710488258e-05, -0.00031125990201818517, -0.00018715627549003417, 0.0002091746608418029, 0.0009377830488457862, 0.0004353635285463362, -0.0014702276400794664, -0.0005734788548437946, -0.0010238549188572458, 0.002282906226699294, 0.0005774821976350252, 0.001964640474796455, -0.0005454554553051799, -0.00013911616199526605, -0.0005354470983271032, -1.0, -0.00032126825899626187, 0.000617515625547332, -0.0018905786331586876, -0.0012440387723749332, 0.0009658064483844009], [8.707270570926724e-05, 0.0009618031055931703, 0.0015122627393873884, 0.00013511281920403537, -0.001113930131659936, 0.0009938298479230158, -7.706434873119054e-05, -0.0001731445757207268, 0.000859717864416788, -7.906602012680588e-05, 0.0002191830178198796, 0.00032927494457872324, -6.90576631487292e-05, -0.0015783178954426947, 0.0002492080887541097, 0.0008376994790650193, 0.0012760655147047784, 0.0008917446067466335, -0.00044337021412879754, -0.0004013351148208754, -0.00011509610524788198, 0.0005254387413490265, 0.000617515625547332, 0.00014512117618211207, 0.0004513768997112589, 0.00042335350017264414, 0.0006155139541517167, -0.0016083429663769247, -0.0002151796750286489, -0.0006875741243938688, -0.0011339468456160893, -0.0012020036730670109, 0.000593495568799948, -0.0001671395615338808, -0.00032126825899626187, -1.0, -0.00023119304619357163, -0.0004253551715682595, -0.000971811462571247, -0.0010999184318906286], [-0.00015913287595141942, -0.0007576326232404057, -0.00021117633223741825, 0.0010138465618791692, -0.0004353635285463362, -0.001398167469837314, 8.907437710488258e-05, 0.00035729834411733796, -0.0006395340108991007, -0.0010578833325827065, 0.0010979167604950133, 1.1009192675884363e-05, -0.0008517111788343267, -0.000723604209514945, 0.0006515440392727928, 0.00040333678621649074, -0.0015763162240470794, -0.001544289481717234, 0.0006875741243938688, 0.0005214353985577958, -0.0005374487697227184, 0.0007556309518447904, -0.000629525653921024, 0.0008997512923290948, 0.0015262744391566958, -0.00019115961828126485, -0.0006395340108991007, -0.00034929165853487664, 0.00036730670109541466, -0.0007816526799877898, 0.0004573819138981049, -0.0006835707816026382, -0.0003132615734138005, 0.00031125990201818517, 0.000617515625547332, -0.00023119304619357163, -1.0, -8.306936291803657e-05, 0.0016763997938278462, 2.3019221049576397e-05], [-5.304429198380648e-05, 0.0002612181171278017, -0.0020266922880605304, 0.0017124298789489224, -0.00255513353650298, -0.0009157646634940175, 0.0015843229096295407, 0.0012960822286609318, -0.0007135958525368683, 7.306100593995987e-05, -0.0010298599330440918, 0.001189993644693319, -0.0010298599330440918, -0.0008697262213948647, -0.0022208544134352183, -0.0012600521435398558, -0.00019316128967688018, -5.304429198380648e-05, 0.0009057563065159408, -0.0007536292804491751, 0.0005974989115911786, -0.0017204365645313838, -0.0022128477278527572, 0.00041734848598579816, -0.0003933284292384141, 0.0010638883467695526, -0.0013301106423863926, -0.0009557980914063242, 0.00014111783339088138, -0.00019516296107249554, 1.9015878258345718e-05, -0.0009938298479230158, -0.0008036710653395586, -3.903259221449911e-05, -0.0018905786331586876, -0.0004253551715682595, -8.306936291803657e-05, -1.0, -0.001616349651959386, -0.0007796510085921745], [0.00014912451897334275, -0.0011059234460774746, -0.0011799852877152422, 0.001214013701440703, -0.0008316944648781733, 0.0005194337271621804, -0.00024720641735849437, -0.0004713936136674123, -0.0002872398452708011, 0.0005114270415797191, 0.0006415356822947161, 0.0008557145216255574, -0.0003793167294691067, 0.0004253551715682595, -0.0002291913747979563, -0.0004213518287770288, 0.00010108440547857461, 0.0002652214599190324, -0.0001531278617645734, 0.00011709777664349732, 0.0008397011504606346, 0.000499417013206027, 0.000847707836043096, -0.0006855724529982536, -6.705599175311385e-05, -0.0010278582616484765, 0.00034128497295241527, -0.00036130168690856867, -0.0021507959145886817, 0.0016003362807944634, -0.0009317780346589402, -0.001320102285408316, -0.0001771479185119575, 7.506267733557521e-05, -0.0012440387723749332, -0.000971811462571247, 0.0016763997938278462, -0.001616349651959386, -1.0, -0.0011699769307371656], [-0.0008957479495378641, -0.0005814855404262559, -0.0008036710653395586, -0.00013110947641280468, 0.000705589166954407, -0.00010508774826980528, 0.0010298599330440918, 0.0004613852566893356, 0.0017704783494217672, 0.0021327808720281436, 0.00014912451897334275, 0.0005995005829867939, -0.0004353635285463362, 0.0007015858241631763, -0.0010979167604950133, 0.0009557980914063242, 0.0016143479805637707, 0.0006535457106684081, 0.0011119284602643207, -0.00211276415807199, -0.0005534621408876412, -0.00016513789013826544, 0.0009197680062852482, -0.0007736459944053285, 0.00029324485945764715, -0.0006555473820640235, -0.0016123463091681554, -0.0005014186846016424, 0.0012640554863310866, -0.0007095925097456376, -0.001556299510090926, -0.0007716443230097131, 0.001888576961763072, 0.00013911616199526605, 0.0009658064483844009, -0.0010999184318906286, 2.3019221049576397e-05, -0.0007796510085921745, -0.0011699769307371656, -1.0]]}