{"connections": [[-1.0, -0.0003133616883459377, 0.00026972524755423255, -5.2744046553276643e-05, 0.0005994005594071609, 0.00043105997818778465, -9.35781471106521e-05, 0.0002152797801443986, -5.834872702193602e-05, 1.611345634739571e-05, 0.0003585994664144027, 0.0007839546805537305, 0.0005205346985267397, 0.0002465058570412151, 0.0001622354828517295, -0.00031716486437824226, 0.00025531321206339415, -0.00041424593678180647, -0.00023149332007159178, -0.00015823213965982994, -0.00037341183622443104, -8.116778321576349e-05, 0.00027412892506532203, -0.000175446515384998, 0.0002224857978898178, -0.0003816186897678251, -9.878249326012153e-05, -0.00025711471649974893, 0.00013040890447612802, 9.007522181774e-07, 0.0003770148450971406, -0.00024530485408364523, 0.00040223590720610784, 3.2527163434183886e-05, -0.0002943458081844148, -0.0002158802816231835, 3.0725658997829086e-05, -0.0003061556706005185, -0.0007661398033497774, -0.00011399519738933984], [-0.0003133616883459377, -1.0, 0.00013221040891248282, -9.577998586619686e-05, 0.0001792496914173026, -3.352799923215877e-05, -0.0001646374887668692, 0.0003624026424467072, 0.0001007841648560713, -7.135959239560957e-05, 0.0003231698791660916, 0.0006028034011202755, -6.65555805653301e-05, 6.695591488452006e-05, -0.00025271103898865944, -0.0007717444838184368, 0.0004428698406038883, -9.137630835510734e-05, -0.00025931655525529367, -4.2735688573527755e-05, 0.00017084267071431353, 0.0003846211971617498, -0.0001252045583266586, 0.00017144317219309845, -6.475407612897531e-05, -0.0001836533689283921, -0.0004200507844100608, 6.29525716926205e-05, 0.0007022864794389795, 0.0005795840106072581, 0.00021948329049589313, 5.914939566031593e-05, -0.00021848245469791822, -0.0003383825832953099, -9.037547255713246e-05, 0.0003475902726366789, 6.135123441586068e-05, -0.0002395000064553909, 0.000283336614406691, 0.0005219358686439045], [0.00026972524755423255, 0.00013221040891248282, -1.0, -0.0002769312652996517, 0.00037241100042645613, 0.00022648914108171735, 1.4912453389825843e-05, 0.00012840723288017823, 0.0003135618555055327, 0.0005021193198440017, 0.000409441924951527, 0.0002639203999259782, 0.00023349499166754157, 0.0002797336055339814, 0.00012140138229435401, 0.00026692290731990286, 0.0003702091616709114, -0.0002529112061482544, -0.00012300271957111383, 0.00044427101072105316, 0.0003051548348025436, 7.616360422588904e-05, -0.00031276118686715277, -0.0007351138936125558, -0.00022628897392212236, 0.0002457051884028352, -0.00028814062623697047, -0.0007587336184447632, 0.0001720436736718834, -0.000346589436838704, 7.035875659763469e-05, 0.00011699770478326451, 0.00022368680084738766, -4.9541371999757e-05, -3.703092452507089e-06, -2.3719808412004864e-05, 0.00017684768550216287, -0.0003041539990045687, 0.0002134782757080438, -7.005850585824222e-07], [-5.2744046553276643e-05, -9.577998586619686e-05, -0.0002769312652996517, -1.0, -0.0002679237431178777, 0.00034999227855181863, -9.217697699348726e-05, 0.00021708128458075338, -2.2518805454434998e-05, 0.0006736625756168977, -0.00018285270029001218, -0.00024990869875432975, 1.3110948953471044e-05, 0.00022708964256050226, -0.00020987526683533418, -0.0004014352385677279, -0.00037060949599010135, 0.0008249889482707008, 3.5329503668513573e-05, -0.0001628359843305144, -0.00039563039093947356, -0.00015583013374469019, -8.517112640766304e-05, 0.00015382846214874042, 0.00010698934680351562, -3.352799923215877e-05, 6.275240453302552e-05, 2.97248231998542e-05, -0.00015202695771238562, 9.037547255713246e-05, 0.0004344628199008992, -0.0005313437251448685, 0.00025551337922298913, -0.0001602338112557797, 0.00014982511895684085, -0.00011399519738933984, -9.638048734498179e-05, 7.83654429814338e-05, 0.00023289449018875662, -6.535457760776024e-05], [0.0005994005594071609, 0.0001792496914173026, 0.00037241100042645613, -0.0002679237431178777, -1.0, 0.0002771314324592467, -0.00012580505980544352, -0.00022608880676252738, -6.855725216127988e-05, -0.00026952508039463757, 0.0004945129677793926, -7.496260126831917e-05, 0.00016763999616079388, -0.0003754135078203808, 0.00030815734219646825, -0.00021167677127168898, 0.0010902104347340464, 0.000364604481202252, 8.897430243996762e-05, 0.000454479535860397, -0.00012140138229435401, 3.903259612102067e-06, 1.2110113155496155e-05, -0.000643237167358461, -6.39534074905954e-05, 0.0002539120419462293, 0.0002356968304230863, 0.0006090085830677198, 0.0005529617783811261, -4.894087052097206e-05, -0.00040663958471719733, -0.0004945129677793926, 0.0003600006365315675, -0.00011339469591055491, 0.00014622211008413126, 0.00020667259228181455, 0.00024630568988162014, 0.0008882417707027138, 0.00021888278901710818, 0.00017364501094864322], [0.00043105997818778465, -3.352799923215877e-05, 0.00022648914108171735, 0.00034999227855181863, 0.0002771314324592467, -1.0, -0.0005203345313671447, 0.0002505092002331147, 1.7314459304965576e-05, -0.00044787401959376277, -0.0004600842163290564, 0.000472494580223945, 2.2518805454434998e-05, 8.076744889657353e-05, -0.00025531321206339415, 0.00012360322104989878, -6.21519030542406e-05, -7.796510866224384e-05, -0.00010138466633485623, 8.917446959956259e-05, -0.000238499170657416, 1.0909110197926288e-05, 0.0004598840491694614, -9.09759740359174e-05, -8.136795037535846e-05, 0.00020407041920707985, -6.675574772492509e-05, 0.0006372321525706117, 7.155975955520455e-05, 9.007522181774e-07, -0.0001766475183425679, 0.00033357857146503047, 0.0002052714221646497, -0.000535547235496363, -1.7714793624155532e-05, 0.0006260227916332929, -0.000751927935018534, -3.0025073939246667e-07, 0.0005121276778237506, -0.0008854394304683842], [-9.35781471106521e-05, -0.0001646374887668692, 1.4912453389825843e-05, -9.217697699348726e-05, -0.00012580505980544352, -0.0005203345313671447, -1.0, -1.3110948953471044e-05, 9.838215894093158e-05, 0.00029574697830157966, 0.0006506433522634752, 0.0002609178925320535, -4.9741539159351974e-05, -0.0005935957117789066, 0.00023809883633822606, 0.0001726441751506683, -2.5521312848359664e-05, 0.00031816570017621716, 6.29525716926205e-05, 0.0005257390446762091, 6.075073293707575e-05, 3.112599331701904e-05, 5.6947556904771175e-05, 0.0001782488556193277, -6.315273885221549e-05, 0.0001053880095267558, 0.000454679703019992, -0.00026211889548962336, -0.0003934285521839288, -0.0003896253761516242, -0.0003269730551983962, -0.00016864083195876876, 0.0005481577665508466, -8.096761605616851e-05, -0.0001556299665850952, 0.0003411849235296396, -0.00010879085123987041, -2.171813681605509e-05, -0.00021708128458075338, -3.933284686041313e-05], [0.0002152797801443986, 0.0003624026424467072, 0.00012840723288017823, 0.00021708128458075338, -0.00022608880676252738, 0.0002505092002331147, -1.3110948953471044e-05, -1.0, 0.0003676069885961767, 8.777329948239774e-05, 7.155975955520455e-05, 0.0002507093673927096, 0.0002467060242008101, 0.000220484126293868, 0.00018745654496069667, 0.00019246072395057113, -5.2143545074491706e-05, 0.00016303615149010939, 0.00037341183622443104, -0.00014742311304170112, 0.0005001176482480519, 0.00015142645623360067, 6.3052655272417995e-06, 0.0007120946702591334, -0.00013421208050843258, 0.00023249415586956668, -0.0001360135849447874, -0.00012980840299734307, -0.00030035082297226413, -3.5529670828108555e-05, 5.1543043595706774e-05, -0.00035339512026493327, -0.0002995501543338842, 3.773150958365331e-05, -0.00038001735249106527, 0.0004162476083777563, 7.716444002386393e-05, 5.3344548032061575e-05, -3.593000514729851e-05, 0.00020467092068586476], [-5.834872702193602e-05, 0.0001007841648560713, 0.0003135618555055327, -2.2518805454434998e-05, -6.855725216127988e-05, 1.7314459304965576e-05, 9.838215894093158e-05, 0.0003676069885961767, -1.0, 0.0003437870966043743, 0.0004104427607495019, -0.0005413520831246174, 0.0003257720522408263, 0.0004060390832384124, 0.00014802361452048607, 5.534621962801135e-05, 0.00017344484378904824, -0.0005149300180580803, -2.872398740187931e-05, -0.00029054263215211025, -0.0005053219943975213, 0.0002549128777442042, 4.41368586906926e-05, -0.00010638884532473068, -0.00021047576831411912, -1.8315295102940467e-05, 0.0007981665488849738, 4.533786164826246e-05, -0.0004258556320383152, 3.7931676743248286e-05, -0.00018845738075867156, -0.00037841601521430547, 0.0005001176482480519, 0.0004566813746159418, 0.0002006675774939652, 2.3719808412004864e-05, -2.231863829484002e-05, 0.0004114435965474768, 0.00019406206122733093, 0.0003297753954327259], [1.611345634739571e-05, -7.135959239560957e-05, 0.0005021193198440017, 0.0006736625756168977, -0.00026952508039463757, -0.00044787401959376277, 0.00029574697830157966, 8.777329948239774e-05, 0.0003437870966043743, -1.0, 0.0003359805773801702, -3.9733181179603086e-05, -2.502089494937222e-06, -0.0001908593866738113, 0.0003141623569843176, -7.11594252360146e-05, -0.000157631638181045, 0.00041384560246261656, 6.695591488452006e-05, -0.00013160990743369788, 9.507940080761444e-06, -0.0003259722194004213, -0.00024610552272202516, 0.0008259897840686757, -0.0002160804487827785, -0.00022889114699685707, 0.00013160990743369788, 0.0004232534589635805, 0.00031276118686715277, -0.00024750669283919003, 0.00032757355667718113, -0.00020507125500505473, 0.00016183514853253952, 3.753134242405833e-05, -9.798182462174161e-05, 0.0002667227401603079, -0.00012920790151855815, 2.9924990359449177e-05, -0.000112594027272175, -0.0007303098817822764], [0.0003585994664144027, 0.0003231698791660916, 0.000409441924951527, -0.00018285270029001218, 0.0004945129677793926, -0.0004600842163290564, 0.0006506433522634752, 7.155975955520455e-05, 0.0004104427607495019, 0.0003359805773801702, -1.0, 4.503761090886999e-06, 0.00020026724317477525, 0.00010718951396311059, 0.0006806684262027219, 0.0005067231645146862, 0.0005383495757306928, 0.0002935451395460349, 0.000617215436611114, -0.00010458734088837588, 0.00018545487336474691, -0.0004594837148502715, -3.773150958365331e-05, 0.0003962308924182585, 0.00039102654626878904, -0.000751527600699344, 0.0004933119648218227, 0.0004618857207654112, 0.000607607412950555, -0.00034338676228518435, -2.8924154561474286e-05, 0.0005077240003126611, -4.503761090886999e-06, -3.51293365089186e-05, -2.692248296552451e-05, 4.1534685615957886e-05, -4.373652437150264e-05, -0.0002601172238936736, 9.257731131267722e-05, 0.00015823213965982994], [0.0007839546805537305, 0.0006028034011202755, 0.0002639203999259782, -0.00024990869875432975, -7.496260126831917e-05, 0.000472494580223945, 0.0002609178925320535, 0.0002507093673927096, -0.0005413520831246174, -3.9733181179603086e-05, 4.503761090886999e-06, -1.0, -0.00020186858045153508, 0.0006470403433907657, -0.00021628061594237348, 6.375324033100042e-05, -0.00031456269130350755, 0.00017164333935269343, 0.00017424551242742814, 0.0008444051627514137, 0.00046148538644622125, -5.8148559862341044e-05, 0.0002599170567340786, 0.0002995501543338842, -5.074237495732686e-05, 0.0004833036068420738, -0.0002899421306733253, -0.00020647242512221957, 0.00046809090271285553, -2.051713385848522e-05, 0.0001898585508758364, -0.00015422879646793036, -0.00021287777422925884, -0.00016343648580929935, -0.00011359486307014988, 9.337797995105713e-05, -7.996678025819361e-05, -0.00017304450946985827, -0.0004564812074563468, -0.0003676069885961767], [0.0005205346985267397, -6.65555805653301e-05, 0.00023349499166754157, 1.3110948953471044e-05, 0.00016763999616079388, 2.2518805454434998e-05, -4.9741539159351974e-05, 0.0002467060242008101, 0.0003257720522408263, -2.502089494937222e-06, 0.00020026724317477525, -0.00020186858045153508, -1.0, 0.0005933955446193116, 5.474571814922642e-05, 0.0001694415005971487, -7.996678025819361e-05, 0.0005895923685870071, 0.0005765815032133335, 0.000373612003384026, 0.00023449582746551645, 6.995842227844473e-05, -8.877413528037264e-05, 0.0005601677961265453, 0.00022628897392212236, -1.7514626464560554e-05, 0.0006604515430836291, 0.00023669766622106122, 0.0002971481484187445, 0.00039022587763040917, 0.0001998669088555853, 0.00011719787194285948, -1.6713957826180645e-05, 0.0002304924842736169, -1.1109277357521266e-05, -0.0001476232802012961, -0.00017124300503350347, -3.092582615742407e-05, 6.475407612897531e-05, -0.00042605579919791016], [0.0002465058570412151, 6.695591488452006e-05, 0.0002797336055339814, 0.00022708964256050226, -0.0003754135078203808, 8.076744889657353e-05, -0.0005935957117789066, 0.000220484126293868, 0.0004060390832384124, -0.0001908593866738113, 0.00010718951396311059, 0.0006470403433907657, 0.0005933955446193116, -1.0, -0.000139616593817497, 0.0006404348271241314, 0.00040023423561015803, 0.00019666423430206566, -0.00022628897392212236, 0.0003477904397962739, -0.0008530123506139978, 0.00026071772537245854, 2.9924990359449177e-05, 0.00014922461747805593, -0.00029474614250360476, 0.0003229697120064966, -2.3119306933219932e-05, 0.0006140127620575943, -0.00024350334964729045, 0.00031996720461257194, -0.0001386157580195221, 0.00036560531700022687, 0.0002897419635137303, 0.0006426366658796761, 0.000733712723495391, -7.456226694912922e-05, 0.0003073566735580884, 0.00023069265143321188, 0.00019466256270611588, -0.0004346629870604942], [0.0001622354828517295, -0.00025271103898865944, 0.00012140138229435401, -0.00020987526683533418, 0.00030815734219646825, -0.00025531321206339415, 0.00023809883633822606, 0.00018745654496069667, 0.00014802361452048607, 0.0003141623569843176, 0.0006806684262027219, -0.00021628061594237348, 5.474571814922642e-05, -0.000139616593817497, -1.0, 0.00016623882604362904, 0.00031996720461257194, -2.97248231998542e-05, 0.00013981676097709196, 5.5746553947201306e-05, -2.7322817284714464e-05, 9.037547255713246e-05, 0.00037201066610726617, 0.0004664895654360957, -0.0006964816318107251, -0.00024170184521093565, -0.0003151631927822925, -0.00028854096055616044, 0.00026432073424516816, 0.0005319442266236535, 0.0002455050212432402, -0.00012100104797516406, 5.4545550989631444e-05, -0.0002006675774939652, 0.0007086918285460188, -8.677246368442286e-05, -0.00010558817668635078, 4.6338697446237356e-05, -0.00024710635852000007, 0.00016884099911836374], [-0.00031716486437824226, -0.0007717444838184368, 0.00026692290731990286, -0.0004014352385677279, -0.00021167677127168898, 0.00012360322104989878, 0.0001726441751506683, 0.00019246072395057113, 5.534621962801135e-05, -7.11594252360146e-05, 0.0005067231645146862, 6.375324033100042e-05, 0.0001694415005971487, 0.0006404348271241314, 0.00016623882604362904, -1.0, -0.00015983347693658974, 0.0003676069885961767, 0.00022929148131604703, 0.0004306596438685947, -0.0003097586794732281, 0.0007315108847398463, 0.00047069307578759023, 0.00031296135402674775, -0.0005101260062278008, 0.00038021751965066025, -0.00018965838371624144, -1.9316130900915354e-05, -0.00021467927866561365, -3.5529670828108555e-05, -0.00010098433201566628, -0.00028814062623697047, 0.0001836533689283921, -0.0006184164395686839, -5.054220779773189e-05, 0.00038662286875769955, -0.0004320608139857595, 0.00020987526683533418, -0.00023529649610389637, 0.00029394547386522483], [0.00025531321206339415, 0.0004428698406038883, 0.0003702091616709114, -0.00037060949599010135, 0.0010902104347340464, -6.21519030542406e-05, -2.5521312848359664e-05, -5.2143545074491706e-05, 0.00017344484378904824, -0.000157631638181045, 0.0005383495757306928, -0.00031456269130350755, -7.996678025819361e-05, 0.00040023423561015803, 0.00031996720461257194, -0.00015983347693658974, -1.0, -0.0001404172624558769, 0.0006388334898473715, -9.217697699348726e-05, -0.0003834201942041799, 0.0005037206571207616, 0.00020967509967573922, 0.00023089281859280686, 0.000554362948498291, 0.0004831034396824788, 0.0006498426836250953, -5.49458853088214e-05, 0.00021207710559087895, -5.7548058383556106e-05, -6.29525716926205e-05, 3.572983798770353e-05, 0.0005015188183652168, -1.791496078375051e-05, 0.0008333959689736899, -0.0001494247846376509, 6.875741932087486e-05, 0.00023749833485944111, -0.000193661726908141, -0.00022008379197467804], [-0.00041424593678180647, -9.137630835510734e-05, -0.0002529112061482544, 0.0008249889482707008, 0.000364604481202252, -7.796510866224384e-05, 0.00031816570017621716, 0.00016303615149010939, -0.0005149300180580803, 0.00041384560246261656, 0.0002935451395460349, 0.00017164333935269343, 0.0005895923685870071, 0.00019666423430206566, -2.97248231998542e-05, 0.0003676069885961767, -0.0001404172624558769, -1.0, -0.0002693249132350426, 0.000661452378881604, 0.0004382659959332038, 6.995842227844473e-05, 8.897430243996762e-05, 0.0001882572135990766, 0.00020507125500505473, 0.00020507125500505473, 0.00041704827701613615, 0.0003231698791660916, -0.00012920790151855815, 0.0002557135463825841, -0.00026331989844719325, -3.452883503013367e-05, 0.00015623046806388015, 2.0717301018080198e-05, -4.513769448866749e-05, 5.374488235125153e-05, 0.00027352842358653714, 5.234371223408669e-05, 0.00015002528611643583, -0.000445672180838218], [-0.00023149332007159178, -0.00025931655525529367, -0.00012300271957111383, 3.5329503668513573e-05, 8.897430243996762e-05, -0.00010138466633485623, 6.29525716926205e-05, 0.00037341183622443104, -2.872398740187931e-05, 6.695591488452006e-05, 0.000617215436611114, 0.00017424551242742814, 0.0005765815032133335, -0.00022628897392212236, 0.00013981676097709196, 0.00022929148131604703, 0.0006388334898473715, -0.0002693249132350426, -1.0, 0.0001512262890740057, 0.0002086742638777643, -0.00011639720330447956, 0.0003233700463256866, -0.0007291088788247065, -6.375324033100042e-05, 0.00025531321206339415, 0.0001862555420031268, -0.0001494247846376509, 0.00023169348723118676, -6.995842227844473e-05, 0.0002124774399100689, -2.4720644209979754e-05, -0.0003483909412750588, -0.0004034369101636777, -0.00024790702715837994, -0.00028393711588547597, -9.217697699348726e-05, -5.1543043595706774e-05, 8.73729651632078e-05, -0.0002997503214934792], [-0.00015823213965982994, -4.2735688573527755e-05, 0.00044427101072105316, -0.0001628359843305144, 0.000454479535860397, 8.917446959956259e-05, 0.0005257390446762091, -0.00014742311304170112, -0.00029054263215211025, -0.00013160990743369788, -0.00010458734088837588, 0.0008444051627514137, 0.000373612003384026, 0.0003477904397962739, 5.5746553947201306e-05, 0.0004306596438685947, -9.217697699348726e-05, 0.000661452378881604, 0.0001512262890740057, -1.0, -0.0001288075671993682, 0.0003992333998121832, -0.00023789866917863108, -0.00021547994730399358, 0.00026211889548962336, 2.151796965646011e-05, 4.4537193009882556e-05, 0.00041824927997370604, 0.00029734831557833946, 0.000328374225315561, -0.00021187693843128396, -9.918282757931148e-05, -0.0004312601453473796, 0.0005081243346318511, -0.00011099268999541517, -0.00015823213965982994, 5.474571814922642e-05, -0.00011679753762366953, -0.0005771820046921184, -0.0003810181882890402], [-0.00037341183622443104, 0.00017084267071431353, 0.0003051548348025436, -0.00039563039093947356, -0.00012140138229435401, -0.000238499170657416, 6.075073293707575e-05, 0.0005001176482480519, -0.0005053219943975213, 9.507940080761444e-06, 0.00018545487336474691, 0.00046148538644622125, 0.00023449582746551645, -0.0008530123506139978, -2.7322817284714464e-05, -0.0003097586794732281, -0.0003834201942041799, 0.0004382659959332038, 0.0002086742638777643, -0.0001288075671993682, -1.0, 0.00017084267071431353, 8.817363380158771e-05, 7.496260126831917e-05, -3.993334833919806e-05, 5.414521667044149e-05, 0.0005367482384539329, 0.00013701442074276227, 4.533786164826246e-05, -0.0003860223672789146, 0.0007583332841255733, -9.137630835510734e-05, 0.0005265397133145891, 0.0002809346084915513, -0.0001548292979467153, -0.00017684768550216287, 5.704764048456867e-06, -0.0002823357786087161, 0.00039102654626878904, -2.1317802496865132e-05], [-8.116778321576349e-05, 0.0003846211971617498, 7.616360422588904e-05, -0.00015583013374469019, 3.903259612102067e-06, 1.0909110197926288e-05, 3.112599331701904e-05, 0.00015142645623360067, 0.0002549128777442042, -0.0003259722194004213, -0.0004594837148502715, -5.8148559862341044e-05, 6.995842227844473e-05, 0.00026071772537245854, 9.037547255713246e-05, 0.0007315108847398463, 0.0005037206571207616, 6.995842227844473e-05, -0.00011639720330447956, 0.0003992333998121832, 0.00017084267071431353, -1.0, -5.834872702193602e-05, 0.0007343132249741759, -1.2710614634281088e-05, -0.00012200188377313895, -6.335290601181047e-05, 0.00010779001544189552, -0.0003481907741154638, 1.1909945995901177e-05, 0.0007747469912123614, -0.000355596959020478, 0.00014902445031846095, 0.0004330616497837344, 0.0003543959560629081, 0.00010298600361161606, -0.0006952806288531553, -7.01585894380397e-05, 0.00015282762635076552, 3.903259612102067e-06], [0.00027412892506532203, -0.0001252045583266586, -0.00031276118686715277, -8.517112640766304e-05, 1.2110113155496155e-05, 0.0004598840491694614, 5.6947556904771175e-05, 6.3052655272417995e-06, 4.41368586906926e-05, -0.00024610552272202516, -3.773150958365331e-05, 0.0002599170567340786, -8.877413528037264e-05, 2.9924990359449177e-05, 0.00037201066610726617, 0.00047069307578759023, 0.00020967509967573922, 8.897430243996762e-05, 0.0003233700463256866, -0.00023789866917863108, 8.817363380158771e-05, -5.834872702193602e-05, -1.0, 0.0004698924071492103, 0.0003177653658570272, 0.0003257720522408263, 0.0006150135978555692, -0.0002755300951824869, 0.0005475572650720617, 0.0003620023081275173, 0.000850210010379668, 0.00041444610394140145, -0.0008680248875836211, 3.933284686041313e-05, 4.713936608461726e-05, 0.0003361807445397652, 5.954972997950589e-05, 0.00010979168703784531, 0.00029995048865307417, 0.0005305430565064886], [-0.000175446515384998, 0.00017144317219309845, -0.0007351138936125558, 0.00015382846214874042, -0.000643237167358461, -9.09759740359174e-05, 0.0001782488556193277, 0.0007120946702591334, -0.00010638884532473068, 0.0008259897840686757, 0.0003962308924182585, 0.0002995501543338842, 0.0005601677961265453, 0.00014922461747805593, 0.0004664895654360957, 0.00031296135402674775, 0.00023089281859280686, 0.0001882572135990766, -0.0007291088788247065, -0.00021547994730399358, 7.496260126831917e-05, 0.0007343132249741759, 0.0004698924071492103, -1.0, -0.0006470403433907657, 7.47624341087242e-05, -0.00018565504052434187, -0.00010298600361161606, -0.0005021193198440017, -0.0004750967532986797, -0.00012820706572058325, -1.991663237970029e-05, -3.33278320725638e-05, -3.352799923215877e-05, -7.896594446021873e-05, 0.0005415522502842123, 2.3119306933219932e-05, -0.0002224857978898178, -0.0005575656230518105, -0.00048390410832085875], [0.0002224857978898178, -6.475407612897531e-05, -0.00022628897392212236, 0.00010698934680351562, -6.39534074905954e-05, -8.136795037535846e-05, -6.315273885221549e-05, -0.00013421208050843258, -0.00021047576831411912, -0.0002160804487827785, 0.00039102654626878904, -5.074237495732686e-05, 0.00022628897392212236, -0.00029474614250360476, -0.0006964816318107251, -0.0005101260062278008, 0.000554362948498291, 0.00020507125500505473, -6.375324033100042e-05, 0.00026211889548962336, -3.993334833919806e-05, -1.2710614634281088e-05, 0.0003177653658570272, -0.0006470403433907657, -1.0, 0.0001800503600556825, 3.412850071094371e-05, -0.00013821542370033213, 0.00041985061725046584, 5.654722258558122e-05, -2.7322817284714464e-05, -0.00023609716474227627, 0.00047669809057543957, 0.0004200507844100608, 0.00010358650509040099, -0.0001918602224717862, -0.0004584828790522966, -0.0003337787386246254, -0.0005367482384539329, -0.00028413728304507095], [-0.0003816186897678251, -0.0001836533689283921, 0.0002457051884028352, -3.352799923215877e-05, 0.0002539120419462293, 0.00020407041920707985, 0.0001053880095267558, 0.00023249415586956668, -1.8315295102940467e-05, -0.00022889114699685707, -0.000751527600699344, 0.0004833036068420738, -1.7514626464560554e-05, 0.0003229697120064966, -0.00024170184521093565, 0.00038021751965066025, 0.0004831034396824788, 0.00020507125500505473, 0.00025531321206339415, 2.151796965646011e-05, 5.414521667044149e-05, -0.00012200188377313895, 0.0003257720522408263, 7.47624341087242e-05, 0.0001800503600556825, -1.0, -4.113435129676793e-05, 0.0005431535875609722, -0.000310759515271203, 0.0004556805388179669, -0.00020747326092019445, 0.00041444610394140145, 0.0003569981291376428, 9.778165746214663e-05, 3.392833355134873e-05, 0.001003137720310231, 0.00029214396942887005, 9.577998586619686e-05, 0.00018025052721527747, 6.015023145829082e-05], [-9.878249326012153e-05, -0.0004200507844100608, -0.00028814062623697047, 6.275240453302552e-05, 0.0002356968304230863, -6.675574772492509e-05, 0.000454679703019992, -0.0001360135849447874, 0.0007981665488849738, 0.00013160990743369788, 0.0004933119648218227, -0.0002899421306733253, 0.0006604515430836291, -2.3119306933219932e-05, -0.0003151631927822925, -0.00018965838371624144, 0.0006498426836250953, 0.00041704827701613615, 0.0001862555420031268, 4.4537193009882556e-05, 0.0005367482384539329, -6.335290601181047e-05, 0.0006150135978555692, -0.00018565504052434187, 3.412850071094371e-05, -4.113435129676793e-05, -1.0, 7.856561014102877e-05, -0.00010318617077121104, -0.0005793838434476631, 0.0006938794587359904, -0.00015743147102145, 0.0004448715121998381, 0.0009727123120517945, -1.1109277357521266e-05, -0.0003009513244510491, 0.00013461241482762255, -0.0003203675389317619, -0.00015342812782955046, 0.00039583055809906854], [-0.00025711471649974893, 6.29525716926205e-05, -0.0007587336184447632, 2.97248231998542e-05, 0.0006090085830677198, 0.0006372321525706117, -0.00026211889548962336, -0.00012980840299734307, 4.533786164826246e-05, 0.0004232534589635805, 0.0004618857207654112, -0.00020647242512221957, 0.00023669766622106122, 0.0006140127620575943, -0.00028854096055616044, -1.9316130900915354e-05, -5.49458853088214e-05, 0.0003231698791660916, -0.0001494247846376509, 0.00041824927997370604, 0.00013701442074276227, 0.00010779001544189552, -0.0002755300951824869, -0.00010298600361161606, -0.00013821542370033213, 0.0005431535875609722, 7.856561014102877e-05, -1.0, 0.00012040054649637913, 0.0005513604411043662, -0.0007939630385334793, 0.0010773997365199678, -0.00015983347693658974, 0.0002086742638777643, -0.0006630537161583639, -0.0003231698791660916, -0.0004344628199008992, 0.0002054715893242447, 8.296928765211828e-05, -1.1909945995901177e-05], [0.00013040890447612802, 0.0007022864794389795, 0.0001720436736718834, -0.00015202695771238562, 0.0005529617783811261, 7.155975955520455e-05, -0.0003934285521839288, -0.00030035082297226413, -0.0004258556320383152, 0.00031276118686715277, 0.000607607412950555, 0.00046809090271285553, 0.0002971481484187445, -0.00024350334964729045, 0.00026432073424516816, -0.00021467927866561365, 0.00021207710559087895, -0.00012920790151855815, 0.00023169348723118676, 0.00029734831557833946, 4.533786164826246e-05, -0.0003481907741154638, 0.0005475572650720617, -0.0005021193198440017, 0.00041985061725046584, -0.000310759515271203, -0.00010318617077121104, 0.00012040054649637913, -1.0, 0.000661852713200794, 0.0005367482384539329, 4.213518709474282e-05, 6.115106725626571e-05, 9.81819917813366e-05, 0.000625622457314103, 0.0001620353156921345, -0.0005889918671082221, 0.0001422187668922317, 0.000400834737088943, 6.615524624614016e-05], [9.007522181774e-07, 0.0005795840106072581, -0.000346589436838704, 9.037547255713246e-05, -4.894087052097206e-05, 9.007522181774e-07, -0.0003896253761516242, -3.5529670828108555e-05, 3.7931676743248286e-05, -0.00024750669283919003, -0.00034338676228518435, -2.051713385848522e-05, 0.00039022587763040917, 0.00031996720461257194, 0.0005319442266236535, -3.5529670828108555e-05, -5.7548058383556106e-05, 0.0002557135463825841, -6.995842227844473e-05, 0.000328374225315561, -0.0003860223672789146, 1.1909945995901177e-05, 0.0003620023081275173, -0.0004750967532986797, 5.654722258558122e-05, 0.0004556805388179669, -0.0005793838434476631, 0.0005513604411043662, 0.000661852713200794, -1.0, 5.8148559862341044e-05, 0.0003205677060913569, 0.0008528121834544028, 0.001174881143242722, 2.6522148646334555e-05, 0.0004176487784949211, -0.0002561138807017741, 0.00023609716474227627, -0.0002647210685643581, 0.0007325117205378212], [0.0003770148450971406, 0.00021948329049589313, 7.035875659763469e-05, 0.0004344628199008992, -0.00040663958471719733, -0.0001766475183425679, -0.0003269730551983962, 5.1543043595706774e-05, -0.00018845738075867156, 0.00032757355667718113, -2.8924154561474286e-05, 0.0001898585508758364, 0.0001998669088555853, -0.0001386157580195221, 0.0002455050212432402, -0.00010098433201566628, -6.29525716926205e-05, -0.00026331989844719325, 0.0002124774399100689, -0.00021187693843128396, 0.0007583332841255733, 0.0007747469912123614, 0.000850210010379668, -0.00012820706572058325, -2.7322817284714464e-05, -0.00020747326092019445, 0.0006938794587359904, -0.0007939630385334793, 0.0005367482384539329, 5.8148559862341044e-05, -1.0, -0.00022809047835847717, -5.6947556904771175e-05, 0.00017624718402337792, -0.00023069265143321188, 0.00025251087182906446, 8.557146072685299e-05, 0.00018305286744960716, -5.074237495732686e-05, 0.0004356638228584691], [-0.00024530485408364523, 5.914939566031593e-05, 0.00011699770478326451, -0.0005313437251448685, -0.0004945129677793926, 0.00033357857146503047, -0.00016864083195876876, -0.00035339512026493327, -0.00037841601521430547, -0.00020507125500505473, 0.0005077240003126611, -0.00015422879646793036, 0.00011719787194285948, 0.00036560531700022687, -0.00012100104797516406, -0.00028814062623697047, 3.572983798770353e-05, -3.452883503013367e-05, -2.4720644209979754e-05, -9.918282757931148e-05, -9.137630835510734e-05, -0.000355596959020478, 0.00041444610394140145, -1.991663237970029e-05, -0.00023609716474227627, 0.00041444610394140145, -0.00015743147102145, 0.0010773997365199678, 4.213518709474282e-05, 0.0003205677060913569, -0.00022809047835847717, -1.0, 0.00043366215126251935, -5.654722258558122e-05, -1.871562942213042e-05, 0.00016904116627795872, 0.00021748161889994334, 0.00011479586602771975, -4.573819596745242e-05, 0.0003061556706005185], [0.00040223590720610784, -0.00021848245469791822, 0.00022368680084738766, 0.00025551337922298913, 0.0003600006365315675, 0.0002052714221646497, 0.0005481577665508466, -0.0002995501543338842, 0.0005001176482480519, 0.00016183514853253952, -4.503761090886999e-06, -0.00021287777422925884, -1.6713957826180645e-05, 0.0002897419635137303, 5.4545550989631444e-05, 0.0001836533689283921, 0.0005015188183652168, 0.00015623046806388015, -0.0003483909412750588, -0.0004312601453473796, 0.0005265397133145891, 0.00014902445031846095, -0.0008680248875836211, -3.33278320725638e-05, 0.00047669809057543957, 0.0003569981291376428, 0.0004448715121998381, -0.00015983347693658974, 6.115106725626571e-05, 0.0008528121834544028, -5.6947556904771175e-05, 0.00043366215126251935, -1.0, 0.00034959194423262867, 6.075073293707575e-05, -0.00024350334964729045, -0.00010218533497323615, 0.00012060071365597411, -0.0002457051884028352, 5.30442972926691e-06], [3.2527163434183886e-05, -0.0003383825832953099, -4.9541371999757e-05, -0.0001602338112557797, -0.00011339469591055491, -0.000535547235496363, -8.096761605616851e-05, 3.773150958365331e-05, 0.0004566813746159418, 3.753134242405833e-05, -3.51293365089186e-05, -0.00016343648580929935, 0.0002304924842736169, 0.0006426366658796761, -0.0002006675774939652, -0.0006184164395686839, -1.791496078375051e-05, 2.0717301018080198e-05, -0.0004034369101636777, 0.0005081243346318511, 0.0002809346084915513, 0.0004330616497837344, 3.933284686041313e-05, -3.352799923215877e-05, 0.0004200507844100608, 9.778165746214663e-05, 0.0009727123120517945, 0.0002086742638777643, 9.81819917813366e-05, 0.001174881143242722, 0.00017624718402337792, -5.654722258558122e-05, 0.00034959194423262867, -1.0, -0.0005463562621144918, 0.0004873069500339734, -0.0004915104603854679, -9.658065450457677e-05, -0.00020787359523938441, -0.00022708964256050226], [-0.0002943458081844148, -9.037547255713246e-05, -3.703092452507089e-06, 0.00014982511895684085, 0.00014622211008413126, -1.7714793624155532e-05, -0.0001556299665850952, -0.00038001735249106527, 0.0002006675774939652, -9.798182462174161e-05, -2.692248296552451e-05, -0.00011359486307014988, -1.1109277357521266e-05, 0.000733712723495391, 0.0007086918285460188, -5.054220779773189e-05, 0.0008333959689736899, -4.513769448866749e-05, -0.00024790702715837994, -0.00011099268999541517, -0.0001548292979467153, 0.0003543959560629081, 4.713936608461726e-05, -7.896594446021873e-05, 0.00010358650509040099, 3.392833355134873e-05, -1.1109277357521266e-05, -0.0006630537161583639, 0.000625622457314103, 2.6522148646334555e-05, -0.00023069265143321188, -1.871562942213042e-05, 6.075073293707575e-05, -0.0005463562621144918, -1.0, -0.0004580825447331066, 2.512097852916971e-05, 0.0005221360358034995, 0.000175446515384998, 0.00037321166906483606], [-0.0002158802816231835, 0.0003475902726366789, -2.3719808412004864e-05, -0.00011399519738933984, 0.00020667259228181455, 0.0006260227916332929, 0.0003411849235296396, 0.0004162476083777563, 2.3719808412004864e-05, 0.0002667227401603079, 4.1534685615957886e-05, 9.337797995105713e-05, -0.0001476232802012961, -7.456226694912922e-05, -8.677246368442286e-05, 0.00038662286875769955, -0.0001494247846376509, 5.374488235125153e-05, -0.00028393711588547597, -0.00015823213965982994, -0.00017684768550216287, 0.00010298600361161606, 0.0003361807445397652, 0.0005415522502842123, -0.0001918602224717862, 0.001003137720310231, -0.0003009513244510491, -0.0003231698791660916, 0.0001620353156921345, 0.0004176487784949211, 0.00025251087182906446, 0.00016904116627795872, -0.00024350334964729045, 0.0004873069500339734, -0.0004580825447331066, -1.0, -0.00014542144144575133, 0.0003111598495903929, -6.515441044816526e-05, 2.8123485923094376e-05], [3.0725658997829086e-05, 6.135123441586068e-05, 0.00017684768550216287, -9.638048734498179e-05, 0.00024630568988162014, -0.000751927935018534, -0.00010879085123987041, 7.716444002386393e-05, -2.231863829484002e-05, -0.00012920790151855815, -4.373652437150264e-05, -7.996678025819361e-05, -0.00017124300503350347, 0.0003073566735580884, -0.00010558817668635078, -0.0004320608139857595, 6.875741932087486e-05, 0.00027352842358653714, -9.217697699348726e-05, 5.474571814922642e-05, 5.704764048456867e-06, -0.0006952806288531553, 5.954972997950589e-05, 2.3119306933219932e-05, -0.0004584828790522966, 0.00029214396942887005, 0.00013461241482762255, -0.0004344628199008992, -0.0005889918671082221, -0.0002561138807017741, 8.557146072685299e-05, 0.00021748161889994334, -0.00010218533497323615, -0.0004915104603854679, 2.512097852916971e-05, -0.00014542144144575133, -1.0, 0.0005581661245305955, 0.0005869901955122723, -0.0002629195641280033], [-0.0003061556706005185, -0.0002395000064553909, -0.0003041539990045687, 7.83654429814338e-05, 0.0008882417707027138, -3.0025073939246667e-07, -2.171813681605509e-05, 5.3344548032061575e-05, 0.0004114435965474768, 2.9924990359449177e-05, -0.0002601172238936736, -0.00017304450946985827, -3.092582615742407e-05, 0.00023069265143321188, 4.6338697446237356e-05, 0.00020987526683533418, 0.00023749833485944111, 5.234371223408669e-05, -5.1543043595706774e-05, -0.00011679753762366953, -0.0002823357786087161, -7.01585894380397e-05, 0.00010979168703784531, -0.0002224857978898178, -0.0003337787386246254, 9.577998586619686e-05, -0.0003203675389317619, 0.0002054715893242447, 0.0001422187668922317, 0.00023609716474227627, 0.00018305286744960716, 0.00011479586602771975, 0.00012060071365597411, -9.658065450457677e-05, 0.0005221360358034995, 0.0003111598495903929, 0.0005581661245305955, -1.0, -0.00038682303591729454, -0.0003848213643213448], [-0.0007661398033497774, 0.000283336614406691, 0.0002134782757080438, 0.00023289449018875662, 0.00021888278901710818, 0.0005121276778237506, -0.00021708128458075338, -3.593000514729851e-05, 0.00019406206122733093, -0.000112594027272175, 9.257731131267722e-05, -0.0004564812074563468, 6.475407612897531e-05, 0.00019466256270611588, -0.00024710635852000007, -0.00023529649610389637, -0.000193661726908141, 0.00015002528611643583, 8.73729651632078e-05, -0.0005771820046921184, 0.00039102654626878904, 0.00015282762635076552, 0.00029995048865307417, -0.0005575656230518105, -0.0005367482384539329, 0.00018025052721527747, -0.00015342812782955046, 8.296928765211828e-05, 0.000400834737088943, -0.0002647210685643581, -5.074237495732686e-05, -4.573819596745242e-05, -0.0002457051884028352, -0.00020787359523938441, 0.000175446515384998, -6.515441044816526e-05, 0.0005869901955122723, -0.00038682303591729454, -1.0, -0.00031035918095201305], [-0.00011399519738933984, 0.0005219358686439045, -7.005850585824222e-07, -6.535457760776024e-05, 0.00017364501094864322, -0.0008854394304683842, -3.933284686041313e-05, 0.00020467092068586476, 0.0003297753954327259, -0.0007303098817822764, 0.00015823213965982994, -0.0003676069885961767, -0.00042605579919791016, -0.0004346629870604942, 0.00016884099911836374, 0.00029394547386522483, -0.00022008379197467804, -0.000445672180838218, -0.0002997503214934792, -0.0003810181882890402, -2.1317802496865132e-05, 3.903259612102067e-06, 0.0005305430565064886, -0.00048390410832085875, -0.00028413728304507095, 6.015023145829082e-05, 0.00039583055809906854, -1.1909945995901177e-05, 6.615524624614016e-05, 0.0007325117205378212, 0.0004356638228584691, 0.0003061556706005185, 5.30442972926691e-06, -0.00022708964256050226, 0.00037321166906483606, 2.8123485923094376e-05, -0.0002629195641280033, -0.0003848213643213448, -0.00031035918095201305, -1.0]]}