{"connections": [[-1.0, 0.0002572137446217807, -0.0005414499449042154, 0.00034528693344169003, 4.303576271881934e-05, -0.0003613002404998554, 0.0023089187114492143, 0.0014922400514827822, -0.000489406696965178, -0.0010078375129732807, 0.0004974133504942607, 0.0009097560072420181, 0.00024920709109269804, 0.00032126697285444203, 1.0008316911353335e-06, -0.0006975796887213274, -0.0008517077691561688, -0.00118598555399537, 0.00010909065433375135, 0.0006715580647518088, 0.00012110063462737535, -0.0008737260663611461, 0.0009357776312115368, -0.0010138425031200927, -0.00014311893183235267, 0.0010518741073832355, -0.001440196803543745, -0.00038732186446937406, -0.001968635936463201, -0.00023519544741680337, 0.0017744745883829462, 0.0010458691172364235, 0.00031926530947217136, -0.0005214333110815087, -0.0008997476903306648, -0.0005714748956382754, 0.0011399472962031448, -0.001896576054701457, 0.0007356112929844701, 8.507069374650334e-05], [0.0002572137446217807, -1.0, 0.0005534599251978394, 0.0008076711747462141, -0.0012880703864911742, -0.0011839838906130995, -0.001552289952950902, -0.00011509564448056335, -0.001668386429122601, 7.005821837947335e-06, 0.0006555447576936434, 0.00103586080032507, 4.303576271881934e-05, -0.00034128360667714874, -0.0005414499449042154, 0.0011659689201726634, 0.00024720542771042737, 0.001270055416050738, -5.704740639471401e-05, -0.0008557110959207101, 0.0006835680450454327, -0.0003833185377048327, 0.00022518713050545002, 0.00020517049668274337, -0.00040533683490981, 0.0012500387822280315, -0.00015312724874370603, 0.0017324396573552621, -0.0006055031731368768, 0.0002992486756494647, -0.0011699722469372049, 0.0007476212732780941, -0.00109591070179319, 9.307734727558602e-05, -0.00015312724874370603, 0.0001791488727132247, -0.000267222061533134, -0.0006815663816631621, 0.0013381119710479407, 0.0006715580647518088], [-0.0005414499449042154, 0.0005534599251978394, -1.0, 0.0017944912222056528, 0.0002632187347685927, -0.002671219783640205, 0.0010758940679704834, 0.00041134182505662205, 0.0017004130432389315, 0.00013311061492099935, 0.0012420321286989488, 0.0005414499449042154, -0.0015162600120700303, -0.00030725532917854736, -0.00017514554594868335, -0.0010578790975300475, -0.0008877377100370408, -9.307734727558602e-05, -0.0010879040482641076, 0.0008917410368015821, -0.001047870780618694, -0.00011309398109829268, -0.000993825869297386, -0.0010538757707655062, -0.00031526198270763006, 0.0008757277297434168, -0.000579481549167358, -0.0017444496376488863, -0.00044737176593749405, 0.0010258524834137169, -0.0005034183406410727, 0.00021718047697636737, 0.000267222061533134, -0.0015342749825104662, 0.0014301884866323915, 0.002455040138354973, 0.00019916550653593137, 0.0008577127593029808, 0.00023519544741680337, 0.0006415331140177487], [0.00034528693344169003, 0.0008076711747462141, 0.0017944912222056528, -1.0, -0.002256875463510177, -0.00028323536859129936, -0.0009317743044469954, 0.0005894898660787114, -0.0010038341862087395, 0.0014041668626628729, -0.0007776462240121541, 0.002152788967632102, 0.00018715552624230735, 5.104241624790201e-05, 0.00021918214035863802, -5.504574301244334e-05, -0.0005814832125496288, -0.0018245161729397129, -0.00021317715021182602, -0.0013200970006075048, -0.0007256029760731168, -0.00019916550653593137, -0.0006555447576936434, -0.0006395314506354781, -0.0011139256722336262, 0.0005294399646105914, 0.0016884030629453076, -0.0013861518922224367, 0.0004633850729956594, -0.00010108400080466868, -0.0008416994522448154, -0.0014542084472196396, -0.002052705798518569, -0.0008236844818043795, 0.00023119212065226202, -0.0007376129563667408, -4.703908948336067e-05, -0.0009137593340065595, -0.0005874882026964407, 0.0010438674538541528], [4.303576271881934e-05, -0.0012880703864911742, 0.0002632187347685927, -0.002256875463510177, -1.0, -0.00014512059521462335, -0.0007336096296021995, -0.00015713057550824735, 0.000267222061533134, -8.7072357128774e-05, 0.00040133350814526873, -0.0009077543438597474, -0.0015562932797154436, 0.0009297726410647248, -0.0006555447576936434, -0.001902581044848269, 0.0002812337052090287, 0.0001671388924196007, 0.000513426657552426, 0.0018405294799978783, 0.0007616329169539888, -4.103409933654867e-05, 0.0026011615652607317, -0.000741616283131282, -0.0004273551321147874, -0.0010859023848818368, 0.0004413667757906821, -0.0006435347774000194, -0.0010078375129732807, -0.0006595480844581847, -3.1025782425195335e-05, -0.0018205128461751716, -0.0011099223454690847, 0.0019125893617596222, -0.0009477876115051608, 0.0024110035439450185, -0.0015342749825104662, 0.0022348571663051995, 0.0001671388924196007, -6.305239654152601e-05], [-0.0003613002404998554, -0.0011839838906130995, -0.002671219783640205, -0.00028323536859129936, -0.00014512059521462335, -1.0, -0.00037731354755802073, 0.0005154283209346967, -0.0005534599251978394, -0.0012360271385521368, 0.0007656362437185302, 0.001350121951341565, 0.0008497061057738981, -0.0008757277297434168, -0.0006195148168127714, 0.000603501509754606, 0.00018115053609549535, -0.0009217659875356421, -0.0005234349744637794, -4.904075286563134e-05, 0.0004493734293197647, 0.0009197643241533715, -0.0007336096296021995, 0.00021918214035863802, -0.0002391987741813447, 0.0014281868232501208, 0.0004453701025552234, -0.0006795647182808914, -0.0022728887705683425, -0.0006755613915163501, -0.0006795647182808914, 0.0004854033702006367, -0.0007376129563667408, -0.00013311061492099935, 0.0003853202010871034, -4.303576271881934e-05, 0.0003112586559430887, -0.00039933184476299805, 0.0007115913323972221, -0.0008316911353334621], [0.0023089187114492143, -0.001552289952950902, 0.0010758940679704834, -0.0009317743044469954, -0.0007336096296021995, -0.00037731354755802073, -1.0, 0.0017124230235325555, 0.001968635936463201, 0.001254042108992573, 0.00016513722903733002, 0.0014742250810423462, -8.7072357128774e-05, -0.0009517909382697022, 0.0016463681319176236, 0.002292905404391049, -0.0008276878085689208, 0.0009437842847406195, -0.0014081701894274141, -0.0007616329169539888, 0.00010909065433375135, -0.0015863182304495036, 0.00029524534888492336, 0.0013721402485465423, -0.0008837343832724994, 0.0017884862320588408, 0.0002572137446217807, -0.00027122538829767536, 0.001137945632820874, -0.0011519572764967687, -0.0006235181435773128, 0.00010508732756921002, 0.0015402799726572782, 9.507901065785668e-05, -0.0005354449547574034, -0.0016643831023580595, 0.0005714748956382754, 5.704740639471401e-05, -0.00018115053609549535, -0.0010919073750286488], [0.0014922400514827822, -0.00011509564448056335, 0.00041134182505662205, 0.0005894898660787114, -0.00015713057550824735, 0.0005154283209346967, 0.0017124230235325555, -1.0, 0.0017004130432389315, -0.0014962433782473236, -0.0003592985771175847, -0.00035129192358850206, 0.0001731438825664127, -0.0018205128461751716, 0.0002652203981508634, -0.001414175179574226, -0.0014281868232501208, 0.0008076711747462141, 0.0007296063028376581, 3.9032435954278e-05, 0.0004934100237297194, 9.107568389331534e-05, -0.0006575464210759141, -0.00016513722903733002, 0.00015713057550824735, 0.0014482034570728276, -0.0001911588530068487, 9.007485220218e-06, -0.001083900721499566, -0.0006995813521035981, 0.0007095896690149515, -0.0007836512141589661, 0.0008797310565079581, 0.0013120903470784221, 0.0010018325228264688, 0.00020116716991820202, 0.0010718907412059421, -4.303576271881934e-05, -0.0011539589398790395, -0.0002271887938877207], [-0.000489406696965178, -0.001668386429122601, 0.0017004130432389315, -0.0010038341862087395, 0.000267222061533134, -0.0005534599251978394, 0.001968635936463201, 0.0017004130432389315, -1.0, 0.0012780620695798208, 0.0016463681319176236, 0.00034128360667714874, 0.0034758884633130133, 0.00033327695314806603, 0.0010698890778236714, 0.0020246825111667798, 0.0004373634490261407, 0.0009317743044469954, -0.00011509564448056335, 0.00017514554594868335, -0.0009838175523860329, 0.0016924063897098488, -0.0005774798857850874, 0.0005474549350510274, -0.0004313584588793287, 0.0004153451518211634, -0.0006115081632836887, 9.307734727558602e-05, 3.3027445807466003e-05, -0.0013481202879592942, 0.002110754036604418, -0.0013281036541365875, -0.0011219323257627089, 0.00109591070179319, 9.708067404012734e-05, -0.0006595480844581847, -0.0015542916163331728, -0.0015683032600090675, 0.0004914083603474487, -0.0007115913323972221], [-0.0010078375129732807, 7.005821837947335e-06, 0.00013311061492099935, 0.0014041668626628729, -8.7072357128774e-05, -0.0012360271385521368, 0.001254042108992573, -0.0014962433782473236, 0.0012780620695798208, -1.0, 0.0005954948562255234, 0.0004273551321147874, -0.0008537094325384394, -0.0004333601222615994, -0.0002091738234472847, -0.00038732186446937406, 0.0006715580647518088, -0.0017084196967680142, 0.0009718075720924088, 0.0011619655934081222, -0.0011259356525272501, 0.0011339423060563328, -0.00031926530947217136, -0.0014722234176600755, -0.0002692237249154047, 0.0005334432913751328, -0.0003252702996189834, -0.000513426657552426, 0.0011719739103194754, -0.00021317715021182602, -0.00016914055580187135, 7.105905007060868e-05, -0.0008196811550398381, -0.0011119240088513554, -0.0011339423060563328, 0.0009437842847406195, -0.0004433684391729527, -0.00032126697285444203, 0.0005974965196077941, -0.0012980787034025274], [0.0004974133504942607, 0.0006555447576936434, 0.0012420321286989488, -0.0007776462240121541, 0.00040133350814526873, 0.0007656362437185302, 0.00016513722903733002, -0.0003592985771175847, 0.0016463681319176236, 0.0005954948562255234, -1.0, -0.0002692237249154047, -0.0008336927987157328, -0.0010738924045882129, 0.0004874050335829074, -4.703908948336067e-05, 0.0006795647182808914, 0.0001611339022727887, -0.00011709730786283402, 0.0017384446475020743, -9.708067404012734e-05, 0.00012910728815645803, 0.0012260188216407836, 0.0006295231337241248, -0.00046939006314247137, 0.0004854033702006367, 0.0012160105047294301, 0.0005674715688737341, 0.001584316567067233, 0.0009157609973888301, 0.00017514554594868335, -0.00020116716991820202, -0.00033928194329487806, 0.0008617160860675221, -0.0011259356525272501, -0.0008416994522448154, -0.0007035846788681394, -0.0005534599251978394, 0.0005934931928432527, -0.000741616283131282], [0.0009097560072420181, 0.00103586080032507, 0.0005414499449042154, 0.002152788967632102, -0.0009077543438597474, 0.001350121951341565, 0.0014742250810423462, -0.00035129192358850206, 0.00034128360667714874, 0.0004273551321147874, -0.0002692237249154047, -1.0, 0.0013000803667847982, -0.0006575464210759141, -0.0005734765590205461, -0.0007396146197490114, 0.0011199306623804381, -0.00023519544741680337, 0.0009678042453278675, 0.0003973301813807274, 0.0009678042453278675, 0.0009377792945938075, -0.0021768089282193505, -0.0006995813521035981, 0.0005834848759318994, -0.001067887414441401, -0.0006135098266659595, 0.0005594649153446514, -0.0007536262634249061, 0.0009197643241533715, -0.0004213501419679754, 0.0009397809579760781, 0.0012380288019344075, 0.0006575464210759141, -0.0006295231337241248, 0.00010708899095148068, -0.0007796478873944247, -0.00021718047697636737, 0.0013621319316351888, -0.0002211838037409087], [0.00024920709109269804, 4.303576271881934e-05, -0.0015162600120700303, 0.00018715552624230735, -0.0015562932797154436, 0.0008497061057738981, -8.7072357128774e-05, 0.0001731438825664127, 0.0034758884633130133, -0.0008537094325384394, -0.0008336927987157328, 0.0013000803667847982, -1.0, -0.0010098391763555515, -0.0011139256722336262, -0.0005434516082864861, 0.0006675547379872674, 0.0004934100237297194, -0.0001611339022727887, 0.0008577127593029808, 0.0003713085574112087, -0.0005394482815219447, 0.0012780620695798208, 0.0004173468152034341, -0.0013060853569316102, 0.0006615497478404555, 0.00018715552624230735, 0.00044737176593749405, 0.0005354449547574034, 0.0006155114900482301, 0.0016003298741253983, -4.503742610109001e-05, -0.00037531188417575006, 5.704740639471401e-05, -0.00045738008284884737, 0.0016363598150062701, -0.0002151788135940967, -0.00037731354755802073, -0.0004633850729956594, -0.0002091738234472847], [0.00032126697285444203, -0.00034128360667714874, -0.00030725532917854736, 5.104241624790201e-05, 0.0009297726410647248, -0.0008757277297434168, -0.0009517909382697022, -0.0018205128461751716, 0.00033327695314806603, -0.0004333601222615994, -0.0010738924045882129, -0.0006575464210759141, -0.0010098391763555515, -1.0, 9.908233742239802e-05, -0.0008637177494497928, 0.0006355281238709367, 0.0022468671465988234, -3.3027445807466003e-05, 0.0005454532716687567, 0.00012310229800964603, -0.0008837343832724994, 0.0011019156919400022, -0.0005874882026964407, -0.002022680847784509, -0.0010078375129732807, 0.0015883198938317741, -0.0010378624637073408, 1.9015802131571336e-05, -0.0014061685260451436, 0.0006515414309291021, 0.00011909897124510468, -0.0003793152109402914, 0.0007296063028376581, 0.0010718907412059421, -0.0003292736263835247, 0.0010218491566491754, 0.0010198474932669047, -8.7072357128774e-05, 0.00017514554594868335], [1.0008316911353335e-06, -0.0005414499449042154, -0.00017514554594868335, 0.00021918214035863802, -0.0006555447576936434, -0.0006195148168127714, 0.0016463681319176236, 0.0002652203981508634, 0.0010698890778236714, -0.0002091738234472847, 0.0004874050335829074, -0.0005734765590205461, -0.0011139256722336262, 9.908233742239802e-05, -1.0, -0.000507421667405614, 0.0007075880056326807, 0.0003492902602062314, 0.0006595480844581847, 0.0006335264604886661, -0.0011059190187045435, 0.0004093401616743514, 0.0021467839774852904, -0.00017514554594868335, 0.0007756445606298835, -0.0006675547379872674, 0.0008316911353334621, 0.0008957443635661235, 0.00021117548682955537, -0.0005174299843169674, 0.0006875713718099741, -0.0016063348642722103, -0.00022318546712317937, 0.0003252702996189834, -0.0003733102207934794, -0.0015943248839785861, 0.0014982450416295941, -0.0024470334848258903, 0.0001851538628600367, 0.00205670912528311], [-0.0006975796887213274, 0.0011659689201726634, -0.0010578790975300475, -5.504574301244334e-05, -0.001902581044848269, 0.000603501509754606, 0.002292905404391049, -0.001414175179574226, 0.0020246825111667798, -0.00038732186446937406, -4.703908948336067e-05, -0.0007396146197490114, -0.0005434516082864861, -0.0008637177494497928, -0.000507421667405614, -1.0, -0.0009838175523860329, 8.7072357128774e-05, 0.0011339423060563328, -5.304407963017267e-05, 0.0009577959284165141, -0.0008817327198902288, 0.0005714748956382754, 0.000987820879150574, -0.0009718075720924088, -0.0008937427001838527, -0.000987820879150574, -0.0004273551321147874, 0.002066717442194464, 0.00014512059521462335, 0.0006735597281340794, -0.00030325200241400606, 0.0005874882026964407, -0.0004533767560843061, -0.000603501509754606, 0.0009898225425328448, -0.0005614665787269221, -4.303576271881934e-05, -0.001626351498094917, 0.0007336096296021995], [-0.0008517077691561688, 0.00024720542771042737, -0.0008877377100370408, -0.0005814832125496288, 0.0002812337052090287, 0.00018115053609549535, -0.0008276878085689208, -0.0014281868232501208, 0.0004373634490261407, 0.0006715580647518088, 0.0006795647182808914, 0.0011199306623804381, 0.0006675547379872674, 0.0006355281238709367, 0.0007075880056326807, -0.0009838175523860329, -1.0, -0.0018885694011723743, 0.002112755699986689, 0.00118598555399537, 0.0011439506229676862, 0.0004854033702006367, 0.000513426657552426, 0.0009137593340065595, 0.0004153451518211634, -0.00030725532917854736, 0.0005594649153446514, 0.0002391987741813447, -0.0014702217542778048, 5.9049069776984676e-05, -0.0001731438825664127, -0.00023719711079907404, -0.0006515414309291021, 0.00046939006314247137, 0.0017684695982361342, 0.0005234349744637794, -4.703908948336067e-05, -0.00016513722903733002, 0.00019316051638911935, -0.0004533767560843061], [-0.00118598555399537, 0.001270055416050738, -9.307734727558602e-05, -0.0018245161729397129, 0.0001671388924196007, -0.0009217659875356421, 0.0009437842847406195, 0.0008076711747462141, 0.0009317743044469954, -0.0017084196967680142, 0.0001611339022727887, -0.00023519544741680337, 0.0004934100237297194, 0.0022468671465988234, 0.0003492902602062314, 8.7072357128774e-05, -0.0018885694011723743, -1.0, 0.0008416994522448154, 0.0012720570794330088, -0.00014311893183235267, -0.0003052536657962767, -0.00015312724874370603, -0.0003733102207934794, 0.0008777293931256874, -0.00012910728815645803, -0.0014922400514827822, 0.00012910728815645803, 0.0005174299843169674, -0.0009037510170952062, 0.00013311061492099935, -0.0014361934767792035, 0.00035529525035304336, 0.0008757277297434168, -0.0007836512141589661, -0.0005914915294609821, 0.0010398641270896116, -0.0009718075720924088, -0.0008176794916575674, 0.0013100886836961514], [0.00010909065433375135, -5.704740639471401e-05, -0.0010879040482641076, -0.00021317715021182602, 0.000513426657552426, -0.0005234349744637794, -0.0014081701894274141, 0.0007296063028376581, -0.00011509564448056335, 0.0009718075720924088, -0.00011709730786283402, 0.0009678042453278675, -0.0001611339022727887, -3.3027445807466003e-05, 0.0006595480844581847, 0.0011339423060563328, 0.002112755699986689, 0.0008416994522448154, -1.0, -0.00010308566418693934, -0.0004293567954970581, 0.00024920709109269804, 0.0005014166772588021, 0.00035329358697077273, 0.0008757277297434168, 0.0007336096296021995, 1.9015802131571336e-05, -0.0009898225425328448, 0.00042335180535024605, -0.003055539153036173, -0.0006135098266659595, 0.0004273551321147874, 0.0006615497478404555, -0.00042335180535024605, -4.103409933654867e-05, 0.00011909897124510468, 0.0008537094325384394, 0.00045938174623111805, 0.001482231734571429, -0.00037731354755802073], [0.0006715580647518088, -0.0008557110959207101, 0.0008917410368015821, -0.0013200970006075048, 0.0018405294799978783, -4.904075286563134e-05, -0.0007616329169539888, 3.9032435954278e-05, 0.00017514554594868335, 0.0011619655934081222, 0.0017384446475020743, 0.0003973301813807274, 0.0008577127593029808, 0.0005454532716687567, 0.0006335264604886661, -5.304407963017267e-05, 0.00118598555399537, 0.0012720570794330088, -0.00010308566418693934, -1.0, -0.00020717216006501402, -0.0005174299843169674, -0.0010738924045882129, 0.00014311893183235267, -7.906570359969134e-05, 0.0019566259561695767, -0.0013721402485465423, 0.0012460354554634902, -0.00020717216006501402, -0.0005914915294609821, -4.703908948336067e-05, 0.0009658025819455968, 0.00024320210094588604, -0.00018115053609549535, -0.0006835680450454327, -0.0004193484785857047, -0.0008096728381284848, -0.0009437842847406195, -0.000513426657552426, 0.0004173468152034341], [0.00012110063462737535, 0.0006835680450454327, -0.001047870780618694, -0.0007256029760731168, 0.0007616329169539888, 0.0004493734293197647, 0.00010909065433375135, 0.0004934100237297194, -0.0009838175523860329, -0.0011259356525272501, -9.708067404012734e-05, 0.0009678042453278675, 0.0003713085574112087, 0.00012310229800964603, -0.0011059190187045435, 0.0009577959284165141, 0.0011439506229676862, -0.00014311893183235267, -0.0004293567954970581, -0.00020717216006501402, -1.0, 0.001254042108992573, 0.0005174299843169674, 0.0015262683289813835, 0.00042335180535024605, -0.0007075880056326807, -0.0004453701025552234, 0.000603501509754606, 0.001179980563848558, -0.00014512059521462335, -0.0009537926016519728, -0.002611169882172085, -0.0011999971976712647, -0.00015512891212597667, 0.00032727196300125406, 0.0005474549350510274, -0.0016283531614771874, 0.00043536178564387005, 0.0005654699054914634, -0.0010698890778236714], [-0.0008737260663611461, -0.0003833185377048327, -0.00011309398109829268, -0.00019916550653593137, -4.103409933654867e-05, 0.0009197643241533715, -0.0015863182304495036, 9.107568389331534e-05, 0.0016924063897098488, 0.0011339423060563328, 0.00012910728815645803, 0.0009377792945938075, -0.0005394482815219447, -0.0008837343832724994, 0.0004093401616743514, -0.0008817327198902288, 0.0004854033702006367, -0.0003052536657962767, 0.00024920709109269804, -0.0005174299843169674, 0.001254042108992573, -1.0, 4.703908948336067e-05, -0.0002091738234472847, -9.507901065785668e-05, 0.0007596312535717181, 4.904075286563134e-05, -0.0009397809579760781, 0.0009097560072420181, -0.00015913223889051802, -0.00021918214035863802, -0.0004433684391729527, -0.0005934931928432527, -0.0005854865393141701, 3.703077257200734e-05, -0.0005834848759318994, -0.0002932436855026527, -0.001680396409416225, 0.00012310229800964603, -0.001504250031776406], [0.0009357776312115368, 0.00022518713050545002, -0.000993825869297386, -0.0006555447576936434, 0.0026011615652607317, -0.0007336096296021995, 0.00029524534888492336, -0.0006575464210759141, -0.0005774798857850874, -0.00031926530947217136, 0.0012260188216407836, -0.0021768089282193505, 0.0012780620695798208, 0.0011019156919400022, 0.0021467839774852904, 0.0005714748956382754, 0.000513426657552426, -0.00015312724874370603, 0.0005014166772588021, -0.0010738924045882129, 0.0005174299843169674, 4.703908948336067e-05, -1.0, 0.0014201801697210383, 0.0002211838037409087, 0.0008316911353334621, 0.00018115053609549535, 0.00018915718962457802, -0.0005194316476992381, -0.00034328527005941936, 0.0014982450416295941, 0.0014862350613359702, -0.0006055031731368768, -0.00024920709109269804, -0.0019125893617596222, -0.0005234349744637794, -0.00011709730786283402, -0.0008797310565079581, 0.0005674715688737341, 0.0007656362437185302], [-0.0010138425031200927, 0.00020517049668274337, -0.0010538757707655062, -0.0006395314506354781, -0.000741616283131282, 0.00021918214035863802, 0.0013721402485465423, -0.00016513722903733002, 0.0005474549350510274, -0.0014722234176600755, 0.0006295231337241248, -0.0006995813521035981, 0.0004173468152034341, -0.0005874882026964407, -0.00017514554594868335, 0.000987820879150574, 0.0009137593340065595, -0.0003733102207934794, 0.00035329358697077273, 0.00014311893183235267, 0.0015262683289813835, -0.0002091738234472847, 0.0014201801697210383, -1.0, 0.002154790631014373, 0.0016884030629453076, 0.0008977460269483941, -0.0004874050335829074, 0.001398161872516061, 0.00014512059521462335, 0.0003973301813807274, -7.906570359969134e-05, -0.0014381951401614742, -0.00015312724874370603, -0.0007796478873944247, 0.0015622982698622555, 0.0007075880056326807, -0.0003352786165303367, 0.000999830859444198, 0.0016463681319176236], [-0.00014311893183235267, -0.00040533683490981, -0.00031526198270763006, -0.0011139256722336262, -0.0004273551321147874, -0.0002391987741813447, -0.0008837343832724994, 0.00015713057550824735, -0.0004313584588793287, -0.0002692237249154047, -0.00046939006314247137, 0.0005834848759318994, -0.0013060853569316102, -0.002022680847784509, 0.0007756445606298835, -0.0009718075720924088, 0.0004153451518211634, 0.0008777293931256874, 0.0008757277297434168, -7.906570359969134e-05, 0.00042335180535024605, -9.507901065785668e-05, 0.0002211838037409087, 0.002154790631014373, -1.0, -0.0019205960152887049, -0.00030925699256081804, 0.0010118408397378222, -0.0009297726410647248, -0.0008336927987157328, 0.0004874050335829074, -0.0005014166772588021, 0.0006014998463723354, -2.7022455660654004e-05, -0.0012180121681117009, -0.0018785610842610208, -0.0005234349744637794, -0.0006455364407822901, 0.0006135098266659595, 0.0002752287150622167], [0.0010518741073832355, 0.0012500387822280315, 0.0008757277297434168, 0.0005294399646105914, -0.0010859023848818368, 0.0014281868232501208, 0.0017884862320588408, 0.0014482034570728276, 0.0004153451518211634, 0.0005334432913751328, 0.0004854033702006367, -0.001067887414441401, 0.0006615497478404555, -0.0010078375129732807, -0.0006675547379872674, -0.0008937427001838527, -0.00030725532917854736, -0.00012910728815645803, 0.0007336096296021995, 0.0019566259561695767, -0.0007075880056326807, 0.0007596312535717181, 0.0008316911353334621, 0.0016884030629453076, -0.0019205960152887049, -1.0, -0.000987820879150574, 0.001302082030167069, -0.0008156778282752968, -0.0008677210762143341, 0.0007095896690149515, -0.0010078375129732807, 0.0005634682421091927, 0.0013841502288401662, 0.0017424479742666156, -2.7022455660654004e-05, 0.0012680537526684676, -0.00010708899095148068, -0.0006335264604886661, 0.0015582949430977143], [-0.001440196803543745, -0.00015312724874370603, -0.000579481549167358, 0.0016884030629453076, 0.0004413667757906821, 0.0004453701025552234, 0.0002572137446217807, -0.0001911588530068487, -0.0006115081632836887, -0.0003252702996189834, 0.0012160105047294301, -0.0006135098266659595, 0.00018715552624230735, 0.0015883198938317741, 0.0008316911353334621, -0.000987820879150574, 0.0005594649153446514, -0.0014922400514827822, 1.9015802131571336e-05, -0.0013721402485465423, -0.0004453701025552234, 4.904075286563134e-05, 0.00018115053609549535, 0.0008977460269483941, -0.00030925699256081804, -0.000987820879150574, -1.0, 0.00015112558536143535, -5.304407963017267e-05, -0.00016513722903733002, 0.00015512891212597667, 9.908233742239802e-05, -0.00025521208123951, 0.0004493734293197647, -0.0003613002404998554, 7.105905007060868e-05, 6.505405992379667e-05, 0.00047139172652474205, -0.001083900721499566, 0.0013040836935493394], [-0.00038732186446937406, 0.0017324396573552621, -0.0017444496376488863, -0.0013861518922224367, -0.0006435347774000194, -0.0006795647182808914, -0.00027122538829767536, 9.007485220218e-06, 9.307734727558602e-05, -0.000513426657552426, 0.0005674715688737341, 0.0005594649153446514, 0.00044737176593749405, -0.0010378624637073408, 0.0008957443635661235, -0.0004273551321147874, 0.0002391987741813447, 0.00012910728815645803, -0.0009898225425328448, 0.0012460354554634902, 0.000603501509754606, -0.0009397809579760781, 0.00018915718962457802, -0.0004874050335829074, 0.0010118408397378222, 0.001302082030167069, 0.00015112558536143535, -1.0, -0.0021587939577789143, -0.00039332685461618603, 0.00020717216006501402, -0.0004533767560843061, 0.0002892403587381114, 0.0005534599251978394, -0.0025551233074685062, 0.0028373578443686705, 0.00014111726845008203, 0.00030725532917854736, -0.0004073384982920807, 0.0005474549350510274], [-0.001968635936463201, -0.0006055031731368768, -0.00044737176593749405, 0.0004633850729956594, -0.0010078375129732807, -0.0022728887705683425, 0.001137945632820874, -0.001083900721499566, 3.3027445807466003e-05, 0.0011719739103194754, 0.001584316567067233, -0.0007536262634249061, 0.0005354449547574034, 1.9015802131571336e-05, 0.00021117548682955537, 0.002066717442194464, -0.0014702217542778048, 0.0005174299843169674, 0.00042335180535024605, -0.00020717216006501402, 0.001179980563848558, 0.0009097560072420181, -0.0005194316476992381, 0.001398161872516061, -0.0009297726410647248, -0.0008156778282752968, -5.304407963017267e-05, -0.0021587939577789143, -1.0, -0.0006815663816631621, -0.00010108400080466868, -0.00037731354755802073, -0.00023119212065226202, 0.0012980787034025274, -0.0007376129563667408, 2.7022455660654004e-05, -0.001620346507948105, -0.0014582117739841808, 0.00014912392197916467, 0.00024320210094588604], [-0.00023519544741680337, 0.0002992486756494647, 0.0010258524834137169, -0.00010108400080466868, -0.0006595480844581847, -0.0006755613915163501, -0.0011519572764967687, -0.0006995813521035981, -0.0013481202879592942, -0.00021317715021182602, 0.0009157609973888301, 0.0009197643241533715, 0.0006155114900482301, -0.0014061685260451436, -0.0005174299843169674, 0.00014512059521462335, 5.9049069776984676e-05, -0.0009037510170952062, -0.003055539153036173, -0.0005914915294609821, -0.00014512059521462335, -0.00015913223889051802, -0.00034328527005941936, 0.00014512059521462335, -0.0008336927987157328, -0.0008677210762143341, -0.00016513722903733002, -0.00039332685461618603, -0.0006815663816631621, -1.0, 0.00010308566418693934, -6.505405992379667e-05, -0.001115927335615897, 0.0006095064999014181, -0.0005894898660787114, 0.0002151788135940967, 0.00013711394168554068, -0.0002452037643281567, 0.0003372802799126074, 0.0014762267444246168], [0.0017744745883829462, -0.0011699722469372049, -0.0005034183406410727, -0.0008416994522448154, -3.1025782425195335e-05, -0.0006795647182808914, -0.0006235181435773128, 0.0007095896690149515, 0.002110754036604418, -0.00016914055580187135, 0.00017514554594868335, -0.0004213501419679754, 0.0016003298741253983, 0.0006515414309291021, 0.0006875713718099741, 0.0006735597281340794, -0.0001731438825664127, 0.00013311061492099935, -0.0006135098266659595, -4.703908948336067e-05, -0.0009537926016519728, -0.00021918214035863802, 0.0014982450416295941, 0.0003973301813807274, 0.0004874050335829074, 0.0007095896690149515, 0.00015512891212597667, 0.00020717216006501402, -0.00010108400080466868, 0.00010308566418693934, -1.0, 0.0013321069809011288, 0.0007496229366603647, 0.0017784779151474876, 0.00011909897124510468, -0.0002692237249154047, -0.0008557110959207101, -0.0004533767560843061, 0.0004733933899070127, -6.505405992379667e-05], [0.0010458691172364235, 0.0007476212732780941, 0.00021718047697636737, -0.0014542084472196396, -0.0018205128461751716, 0.0004854033702006367, 0.00010508732756921002, -0.0007836512141589661, -0.0013281036541365875, 7.105905007060868e-05, -0.00020116716991820202, 0.0009397809579760781, -4.503742610109001e-05, 0.00011909897124510468, -0.0016063348642722103, -0.00030325200241400606, -0.00023719711079907404, -0.0014361934767792035, 0.0004273551321147874, 0.0009658025819455968, -0.002611169882172085, -0.0004433684391729527, 0.0014862350613359702, -7.906570359969134e-05, -0.0005014166772588021, -0.0010078375129732807, 9.908233742239802e-05, -0.0004533767560843061, -0.00037731354755802073, -6.505405992379667e-05, 0.0013321069809011288, -1.0, 4.103409933654867e-05, 2.5020792278383335e-05, 0.0011519572764967687, -0.0005854865393141701, -0.0005594649153446514, 0.0014602134373664516, -0.0003913251912339154, -0.00046939006314247137], [0.00031926530947217136, -0.00109591070179319, 0.000267222061533134, -0.002052705798518569, -0.0011099223454690847, -0.0007376129563667408, 0.0015402799726572782, 0.0008797310565079581, -0.0011219323257627089, -0.0008196811550398381, -0.00033928194329487806, 0.0012380288019344075, -0.00037531188417575006, -0.0003793152109402914, -0.00022318546712317937, 0.0005874882026964407, -0.0006515414309291021, 0.00035529525035304336, 0.0006615497478404555, 0.00024320210094588604, -0.0011999971976712647, -0.0005934931928432527, -0.0006055031731368768, -0.0014381951401614742, 0.0006014998463723354, 0.0005634682421091927, -0.00025521208123951, 0.0002892403587381114, -0.00023119212065226202, -0.001115927335615897, 0.0007496229366603647, 4.103409933654867e-05, -1.0, -0.0004413667757906821, 0.0018705544307319381, 0.0004333601222615994, 0.0020406958182249448, -0.0013200970006075048, -1.0008316911353335e-06, -5.9049069776984676e-05], [-0.0005214333110815087, 9.307734727558602e-05, -0.0015342749825104662, -0.0008236844818043795, 0.0019125893617596222, -0.00013311061492099935, 9.507901065785668e-05, 0.0013120903470784221, 0.00109591070179319, -0.0011119240088513554, 0.0008617160860675221, 0.0006575464210759141, 5.704740639471401e-05, 0.0007296063028376581, 0.0003252702996189834, -0.0004533767560843061, 0.00046939006314247137, 0.0008757277297434168, -0.00042335180535024605, -0.00018115053609549535, -0.00015512891212597667, -0.0005854865393141701, -0.00024920709109269804, -0.00015312724874370603, -2.7022455660654004e-05, 0.0013841502288401662, 0.0004493734293197647, 0.0005534599251978394, 0.0012980787034025274, 0.0006095064999014181, 0.0017784779151474876, 2.5020792278383335e-05, -0.0004413667757906821, -1.0, -0.0006875713718099741, 0.002002664213961802, -0.0011299389792917916, 8.907402051104468e-05, -0.0005614665787269221, 0.0015102550219232183], [-0.0008997476903306648, -0.00015312724874370603, 0.0014301884866323915, 0.00023119212065226202, -0.0009477876115051608, 0.0003853202010871034, -0.0005354449547574034, 0.0010018325228264688, 9.708067404012734e-05, -0.0011339423060563328, -0.0011259356525272501, -0.0006295231337241248, -0.00045738008284884737, 0.0010718907412059421, -0.0003733102207934794, -0.000603501509754606, 0.0017684695982361342, -0.0007836512141589661, -4.103409933654867e-05, -0.0006835680450454327, 0.00032727196300125406, 3.703077257200734e-05, -0.0019125893617596222, -0.0007796478873944247, -0.0012180121681117009, 0.0017424479742666156, -0.0003613002404998554, -0.0025551233074685062, -0.0007376129563667408, -0.0005894898660787114, 0.00011909897124510468, 0.0011519572764967687, 0.0018705544307319381, -0.0006875713718099741, -1.0, -0.0006215164801950421, 0.0005854865393141701, -0.0010498724440009648, -0.0018325228264687956, 0.0007356112929844701], [-0.0005714748956382754, 0.0001791488727132247, 0.002455040138354973, -0.0007376129563667408, 0.0024110035439450185, -4.303576271881934e-05, -0.0016643831023580595, 0.00020116716991820202, -0.0006595480844581847, 0.0009437842847406195, -0.0008416994522448154, 0.00010708899095148068, 0.0016363598150062701, -0.0003292736263835247, -0.0015943248839785861, 0.0009898225425328448, 0.0005234349744637794, -0.0005914915294609821, 0.00011909897124510468, -0.0004193484785857047, 0.0005474549350510274, -0.0005834848759318994, -0.0005234349744637794, 0.0015622982698622555, -0.0018785610842610208, -2.7022455660654004e-05, 7.105905007060868e-05, 0.0028373578443686705, 2.7022455660654004e-05, 0.0002151788135940967, -0.0002692237249154047, -0.0005854865393141701, 0.0004333601222615994, 0.002002664213961802, -0.0006215164801950421, -1.0, -0.0014081701894274141, -0.0007296063028376581, -0.0007596312535717181, -0.00019316051638911935], [0.0011399472962031448, -0.000267222061533134, 0.00019916550653593137, -4.703908948336067e-05, -0.0015342749825104662, 0.0003112586559430887, 0.0005714748956382754, 0.0010718907412059421, -0.0015542916163331728, -0.0004433684391729527, -0.0007035846788681394, -0.0007796478873944247, -0.0002151788135940967, 0.0010218491566491754, 0.0014982450416295941, -0.0005614665787269221, -4.703908948336067e-05, 0.0010398641270896116, 0.0008537094325384394, -0.0008096728381284848, -0.0016283531614771874, -0.0002932436855026527, -0.00011709730786283402, 0.0007075880056326807, -0.0005234349744637794, 0.0012680537526684676, 6.505405992379667e-05, 0.00014111726845008203, -0.001620346507948105, 0.00013711394168554068, -0.0008557110959207101, -0.0005594649153446514, 0.0020406958182249448, -0.0011299389792917916, 0.0005854865393141701, -0.0014081701894274141, -1.0, 0.0008256861451866501, -0.0002772303784444874, -0.0012600470991393849], [-0.001896576054701457, -0.0006815663816631621, 0.0008577127593029808, -0.0009137593340065595, 0.0022348571663051995, -0.00039933184476299805, 5.704740639471401e-05, -4.303576271881934e-05, -0.0015683032600090675, -0.00032126697285444203, -0.0005534599251978394, -0.00021718047697636737, -0.00037731354755802073, 0.0010198474932669047, -0.0024470334848258903, -4.303576271881934e-05, -0.00016513722903733002, -0.0009718075720924088, 0.00045938174623111805, -0.0009437842847406195, 0.00043536178564387005, -0.001680396409416225, -0.0008797310565079581, -0.0003352786165303367, -0.0006455364407822901, -0.00010708899095148068, 0.00047139172652474205, 0.00030725532917854736, -0.0014582117739841808, -0.0002452037643281567, -0.0004533767560843061, 0.0014602134373664516, -0.0013200970006075048, 8.907402051104468e-05, -0.0010498724440009648, -0.0007296063028376581, 0.0008256861451866501, -1.0, -0.00127606040619755, 0.0026812281005515583], [0.0007356112929844701, 0.0013381119710479407, 0.00023519544741680337, -0.0005874882026964407, 0.0001671388924196007, 0.0007115913323972221, -0.00018115053609549535, -0.0011539589398790395, 0.0004914083603474487, 0.0005974965196077941, 0.0005934931928432527, 0.0013621319316351888, -0.0004633850729956594, -8.7072357128774e-05, 0.0001851538628600367, -0.001626351498094917, 0.00019316051638911935, -0.0008176794916575674, 0.001482231734571429, -0.000513426657552426, 0.0005654699054914634, 0.00012310229800964603, 0.0005674715688737341, 0.000999830859444198, 0.0006135098266659595, -0.0006335264604886661, -0.001083900721499566, -0.0004073384982920807, 0.00014912392197916467, 0.0003372802799126074, 0.0004733933899070127, -0.0003913251912339154, -1.0008316911353335e-06, -0.0005614665787269221, -0.0018325228264687956, -0.0007596312535717181, -0.0002772303784444874, -0.00127606040619755, -1.0, 0.0009978291960619275], [8.507069374650334e-05, 0.0006715580647518088, 0.0006415331140177487, 0.0010438674538541528, -6.305239654152601e-05, -0.0008316911353334621, -0.0010919073750286488, -0.0002271887938877207, -0.0007115913323972221, -0.0012980787034025274, -0.000741616283131282, -0.0002211838037409087, -0.0002091738234472847, 0.00017514554594868335, 0.00205670912528311, 0.0007336096296021995, -0.0004533767560843061, 0.0013100886836961514, -0.00037731354755802073, 0.0004173468152034341, -0.0010698890778236714, -0.001504250031776406, 0.0007656362437185302, 0.0016463681319176236, 0.0002752287150622167, 0.0015582949430977143, 0.0013040836935493394, 0.0005474549350510274, 0.00024320210094588604, 0.0014762267444246168, -6.505405992379667e-05, -0.00046939006314247137, -5.9049069776984676e-05, 0.0015102550219232183, 0.0007356112929844701, -0.00019316051638911935, -0.0012600470991393849, 0.0026812281005515583, 0.0009978291960619275, -1.0]]}