{"connections": [[-1.0, 3.983311725368471e-05, 0.0007059869575565125, -0.0001499246473518083, 0.00027622965733711005, -3.863211874352337e-05, 0.00016733912574914785, -0.00016173446603506155, 0.0003168634402642357, 0.00017874861159568065, 0.00010748936665944066, 5.204326877365842e-05, 3.763128665172224e-05, -0.0003288734253658492, 0.0007081887881584749, -0.00018515393698320784, 0.0002293907154408175, -0.00013271033537282898, 0.0002986482961934552, 0.00022498705423689254, 0.00016954095635111032, -0.00018435327130976694, -0.00025921551177649095, -0.0003178642723560368, 0.00036590421276249074, -0.00010628836814927931, 0.00024760585951159793, -0.00040994082480174017, -6.665541731395483e-05, 0.00014452015405608221, 0.0004449699480147795, -0.0004695904174730871, -9.187638602734313e-05, 0.000152326644372131, -0.00048019923764617905, -0.0004087398262915788, -0.00037731369860902355, 0.0002301913811142584, -0.00020076691761530536, 3.983311725368471e-05], [3.983311725368471e-05, -1.0, -6.505408596707302e-05, -0.00018355260563632605, 0.0005268380131241113, 0.00021437823406380064, 9.96828763433919e-05, 0.00029384430215280985, -3.262712619271663e-05, -0.0003588983881198829, -0.0004361626256069296, 0.000415145151679106, -0.000486404396615346, 0.0004125429882404231, -0.0005248363489405092, 3.803161948844269e-06, 0.0001953624243195793, 0.0005350448362768806, 8.286889720113302e-05, -0.0001985650870133429, 0.0002568135147561683, 0.0007912578517779682, 0.0002968467984282132, -0.00041914848004631053, 0.0007626340539524561, 0.00024440319681783435, -0.0003933270120778415, -0.0001281065077505438, 0.0006843689843736082, 0.0003210669350498004, 0.00042455297334203655, 0.00041554548451582646, 0.00047299324658521097, 0.00015432830855573323, -1.3010817193414606e-05, 1.841531048914067e-05, -0.0003592987209566033, -0.0003474889022733501, 0.00012870700700562447, -0.0005066212048697287], [0.0007059869575565125, -6.505408596707302e-05, -1.0, 0.00017954927726912155, 0.0009191641931101518, -0.0004145446524240253, 0.00048680472945206643, -6.40532538752719e-05, 0.00038692168669031434, 7.586307255852516e-05, 0.0005446528243581714, 1.4411982121936177e-05, 0.0009920247693932735, -0.00012910733984234493, -0.0001921597616258157, -5.004160459005618e-06, 3.7230953815001795e-05, 0.00010108404127191347, 0.0003346782514982957, 2.1617973182904268e-05, 6.945774717099797e-05, 0.0006303240514163476, 1.0608820173091908e-05, -0.0001605334675249002, 0.00035789755602808174, 0.0005862874393770981, -0.0001499246473518083, -0.00042675480394399905, -0.00019676358924810086, 0.00028984097378560535, -0.00031406111040719253, -0.0003062546200911438, 0.0001823516071261647, -0.00030765578501966537, -0.00019235992804417592, -0.00029544563349969164, -0.00013030833835250626, -0.00017814811234059997, -7.78647367421274e-05, 0.0001419179906173993], [-0.0001499246473518083, -0.00018355260563632605, 0.00017954927726912155, -1.0, -0.00017374445113667504, 3.6630454559921116e-05, 0.000656545852221537, 5.044193742677662e-05, -0.0002848368133265997, 0.00029324380289772915, 0.00027282682822498625, 0.00019736408850318154, -0.00044717177861674194, -0.0005878887707239799, 0.00014692215107640493, -0.00013511233239315166, 3.522928963139954e-05, 0.00011989968459777459, -0.0003859208545985132, 0.00014211815703575953, 0.00016313563096358313, 4.70391083146528e-05, -4.743944115137325e-05, -0.00040233450090405165, -0.00018775610042189077, 0.00010869036516960201, 0.00024039986845062985, 0.00010008320918011234, -0.0003060544536727836, -0.0006561455193848165, -8.206823152769213e-06, 4.003328367204494e-07, -0.0005294401765627943, -0.0004085396598732186, -0.0003344780850799355, -0.0005240356832670682, 6.605491805887415e-06, -0.00014291882270920042, -0.0005490564855620963, -0.0001823516071261647], [0.00027622965733711005, 0.0005268380131241113, 0.0009191641931101518, -0.00017374445113667504, -1.0, -0.00021457840048216088, 0.0006703573350883925, -0.00047219258091177004, -0.00027502865882694875, -8.406989571129437e-05, 0.00036750554410937253, 0.000488205894380588, 0.00039052468222079836, 2.001664183602247e-06, 0.00012790634133218358, 0.00022338572289001075, -7.546273972180471e-05, 4.0833949345485836e-05, -0.0004557789346062316, 3.342779186615752e-05, 0.00015452847497409347, -0.0004635854249222804, 0.0005112250324920139, -0.0002588151789397705, 0.0005926927647646253, -0.00034108357688582286, 0.00035309356198743637, -0.00023479520873654356, 0.0005720756236735221, 0.0007043856262096307, -2.001664183602247e-06, 6.225175611002988e-05, -0.00015452847497409347, -2.1617973182904268e-05, -1.0008320918011235e-05, -6.00499255080674e-07, -0.00023619637366506513, -0.0003096574492032676, 0.00012050018385285526, 0.00012850684058726426], [-3.863211874352337e-05, 0.00021437823406380064, -0.0004145446524240253, 3.6630454559921116e-05, -0.00021457840048216088, -1.0, -0.0006557451865480961, -0.00020857340793135413, -0.00016753929216750807, -5.824842774282539e-05, -0.00012150101594465639, 0.0003382812470287797, -0.0005432516594296498, 0.000531842173583117, 0.0003338775858248548, 0.00044376894950461814, -0.00043836445620889207, -9.467871588438628e-05, -0.00027823132152071233, 0.00022338572289001075, -0.00022438655498181187, 3.262712619271663e-05, -0.00027843148793907255, 0.00027823132152071233, 3.883228516188359e-05, -0.0001711422876979921, 0.0003152621089173539, 0.0002790319871941532, 0.0006747609962923175, 0.0008202819824402008, 0.000199565919105144, -0.0003022512917239393, -4.984143817169595e-05, -0.00019235992804417592, 0.0004930098884212334, 0.00019736408850318154, -0.0006491396947422087, 0.00020016641836022469, 0.00024840652518503886, -0.0006311247170897884], [0.00016733912574914785, 9.96828763433919e-05, 0.00048680472945206643, 0.000656545852221537, 0.0006703573350883925, -0.0006557451865480961, -1.0, -0.00021037490569659616, 0.00020457007956414962, -0.000383919190414911, 2.762296573371101e-05, 0.0005798821139895709, 0.00030365245665246087, -0.00029704696484657343, -0.0004894068928907494, -1.2009985101613482e-05, -3.462879037631887e-05, -0.00039993250388372894, 0.0004361626256069296, 0.00014552098614788335, -0.0003803161948844269, 0.00016773945858586828, 1.321098361177483e-05, 0.0001919595952074555, 0.0005302408422362353, 0.0004119424889853424, -0.00018175110787108402, -0.0008449024518985084, -1.6813979142258873e-05, 0.00013351100104626987, -0.0004167464830259878, -0.0003825180254863894, 0.0006505408596707302, 4.763960756973348e-05, -0.000557663641551586, 0.0002968467984282132, 0.00011729752115909167, 0.0001395159935970766, -0.0007438184106265949, 0.00010688886740435998], [-0.00016173446603506155, 0.00029384430215280985, -6.40532538752719e-05, 5.044193742677662e-05, -0.00047219258091177004, -0.00020857340793135413, -0.00021037490569659616, -1.0, 3.643028814156089e-05, 0.0002626183408886148, 7.005824642607864e-05, 0.00011189302786336561, 0.000377714031445744, -0.0004443694487596988, 0.0002059712444926712, 0.0005560623102047042, 0.0002251872206552528, 0.0001629354645452229, 2.181813960126449e-05, -4.94411053349755e-05, -3.763128665172224e-05, 0.0005268380131241113, -0.00045117510698394644, 2.261880527470539e-05, 0.0002796324864492339, 0.000522034019083466, 0.0002546116841542058, 0.00029324380289772915, -1.6813979142258873e-05, 0.00011429502488368829, 0.00013811482866855503, 0.00047419424509537227, -0.0001669387929124274, 0.00021057507211495638, 1.0008320918011235e-05, -6.665541731395483e-05, -0.00043396079500496713, 0.0001871556011668101, -8.487056138473527e-05, 0.00023419470948146288], [0.0003168634402642357, -3.262712619271663e-05, 0.00038692168669031434, -0.0002848368133265997, -0.00027502865882694875, -0.00016753929216750807, 0.00020457007956414962, 3.643028814156089e-05, -1.0, -4.583810980449145e-05, 0.00014391965480100156, -0.00012690550924038247, -5.8048261324465164e-05, -0.0002684231670210613, 1.2410317938333931e-05, -2.942446349895303e-05, 0.00023059171395097884, -0.00033848141344713993, 0.0007165957777296043, 8.406989571129437e-05, -0.0005010165451556424, -7.145941135460021e-05, 0.00037491170158870083, 0.0002221847243798494, 6.40532538752719e-06, 0.00020877357434971434, 8.427006212965459e-05, 1.6013313468817974e-05, -0.0002796324864492339, -1.200998510161348e-06, 2.381980378486674e-05, 0.0002878393096020031, 0.00039652967477160514, 0.0002676225013476204, -0.00037170903889493725, 0.0002634190065620557, -1.8014977652420222e-06, 0.0005924925983462651, 0.0003681060433644532, -0.0003548950597526784], [0.00017874861159568065, -0.0003588983881198829, 7.586307255852516e-05, 0.00029324380289772915, -8.406989571129437e-05, -5.824842774282539e-05, -0.000383919190414911, 0.0002626183408886148, -4.583810980449145e-05, -1.0, 0.0007936598487982909, 0.00025180935429716265, 0.0003727098709867384, 0.0002928434700610087, -0.0009439848289868197, 8.1067399435891e-05, 8.527089422145571e-05, -0.0005510581497456986, 2.4019970203226963e-05, 0.00041394415316894467, 0.00016994128918783075, -0.0001855542698199283, -0.00046298492566719974, 0.000197764421339902, -0.00012050018385285526, -0.0006447360335382837, -2.6221800805189435e-05, 0.0005652699654492745, 0.0006219170618452181, -0.00017174278695307279, 1.661381272389865e-05, -0.0005976969252236309, 0.00011229336070008605, 0.00045537860176951116, 0.00026121717596009323, 0.0003566965575179204, -0.0002968467984282132, 0.0001501248137701685, 0.00013991632643379706, 0.00024760585951159793], [0.00010748936665944066, -0.0004361626256069296, 0.0005446528243581714, 0.00027282682822498625, 0.00036750554410937253, -0.00012150101594465639, 2.762296573371101e-05, 7.005824642607864e-05, 0.00014391965480100156, 0.0007936598487982909, -1.0, 0.0005076220369615299, 0.0002846366469082395, 0.00018195127428944423, -0.00018014977652420222, -0.00035249306273235566, 0.0008394979586027824, 5.10424366818573e-05, 5.3244267283819766e-05, -0.00039592917551652443, -8.547106063981594e-05, -0.0003072554521829449, 0.000187956266840251, -0.00035469489333431816, 0.0005072217041248093, 0.0006855699828837695, -0.0001134943592102474, 0.0005284393444709932, 0.0003196657701212788, 3.643028814156089e-05, 0.0005606661378269893, 9.007488826210111e-05, 3.222679335599617e-05, 0.0002772304894289112, -0.00017074195486127167, 0.00013251016895446873, -0.00010268537261879527, -6.40532538752719e-05, 9.628004723126807e-05, -0.0004289566345459615], [5.204326877365842e-05, 0.000415145151679106, 1.4411982121936177e-05, 0.00019736408850318154, 0.000488205894380588, 0.0003382812470287797, 0.0005798821139895709, 0.00011189302786336561, -0.00012690550924038247, 0.00025180935429716265, 0.0005076220369615299, -1.0, -0.00034568740450810807, 0.0007806490316048763, -0.0006451363663750042, 0.0003386815798655002, -0.00014071699210723796, 0.00033948224553894107, 0.0004653869226875224, 0.00012310234729153818, -0.00033147558880453206, 0.0004407664532292148, 0.0005068213712880889, 0.00041334365391386396, -0.00037411103591525997, 0.00017654678099371818, -2.642196722354966e-05, 0.00040413599866929366, 0.0002958459663364121, 0.00035249306273235566, 0.0001669387929124274, 0.00043015763305612284, 0.0007390144165859495, 0.0003494905664569523, 0.00010168454052699415, -5.2243435192018647e-05, -0.0002834356483980782, -0.0002820344834695566, 0.00027622965733711005, -0.00012530417789350065], [3.763128665172224e-05, -0.000486404396615346, 0.0009920247693932735, -0.00044717177861674194, 0.00039052468222079836, -0.0005432516594296498, 0.00030365245665246087, 0.000377714031445744, -5.8048261324465164e-05, 0.0003727098709867384, 0.0002846366469082395, -0.00034568740450810807, -1.0, 0.0001661381272389865, 9.027505468046133e-05, -6.605491805887415e-05, 6.945774717099797e-05, 0.0003939275113329222, 0.0007324089247800621, 0.00016793962500422853, 0.00030185095888721886, -0.00038471985608835185, 0.00014411982121936178, -2.822346498879168e-05, 0.0003841193568332712, -0.0005020173772474436, 0.00021497873331888131, 0.0003348784179166559, 0.00016813979142258874, 0.00036530371350741004, 3.6029955304840445e-05, 0.0001727436190448739, 0.00035709689035464087, -1.8014977652420222e-05, -0.00037150887247657704, 0.00039933200462864823, -0.0005532599803476611, -2.7022466478630334e-05, 0.00013251016895446873, 0.0004183478143728696], [-0.0003288734253658492, 0.0004125429882404231, -0.00012910733984234493, -0.0005878887707239799, 2.001664183602247e-06, 0.000531842173583117, -0.00029704696484657343, -0.0004443694487596988, -0.0002684231670210613, 0.0002928434700610087, 0.00018195127428944423, 0.0007806490316048763, 0.0001661381272389865, -1.0, -0.0006437352014464826, -0.00016033330110653998, 0.00012370284654661886, 0.00014031665927051752, -0.0003062546200911438, 0.0002546116841542058, -0.0001182983532508928, -8.667205914997729e-05, 9.547938155782718e-05, 0.0007386140837492291, -9.928254350667145e-05, 0.000974610290995934, -1.62134798871782e-05, 0.00029744729768329387, 1.661381272389865e-05, 5.6046597140862916e-06, -0.00040653799568961637, 9.047522109882156e-05, -7.666373823196606e-05, 0.00015673030557605594, 0.00045137527340230666, 0.00010088387485355324, 1.9015809744221345e-05, 0.00020977440644151548, -0.000377714031445744, 0.00010188470694535436], [0.0007081887881584749, -0.0005248363489405092, -0.0001921597616258157, 0.00014692215107640493, 0.00012790634133218358, 0.0003338775858248548, -0.0004894068928907494, 0.0002059712444926712, 1.2410317938333931e-05, -0.0009439848289868197, -0.00018014977652420222, -0.0006451363663750042, 9.027505468046133e-05, -0.0006437352014464826, -1.0, 5.4445265793981115e-05, 0.0008220834802054428, 0.0007137934478725612, 0.00035849805528316244, 0.00037571236726214176, -0.00031426127682555275, -4.003328367204494e-05, -0.0001589321361780184, 5.824842774282539e-05, 7.105907851787976e-05, -0.00018215144070780448, 9.56795479761874e-05, 5.404493295726067e-06, 0.0004319591308213649, 0.00022758921767557547, -0.00016093380036162066, -0.00013030833835250626, 4.7239274733013025e-05, 0.00020577107807431098, -0.0002790319871941532, 0.00017794794592223976, 1.321098361177483e-05, -0.00020076691761530536, 0.0004595820965550759, 0.00012450351222005975], [-0.00018515393698320784, 3.803161948844269e-06, -5.004160459005618e-06, -0.00013511233239315166, 0.00022338572289001075, 0.00044376894950461814, -1.2009985101613482e-05, 0.0005560623102047042, -2.942446349895303e-05, 8.1067399435891e-05, -0.00035249306273235566, 0.0003386815798655002, -6.605491805887415e-05, -0.00016033330110653998, 5.4445265793981115e-05, -1.0, -0.00013571283164823234, 0.000432959962913166, 0.00035709689035464087, 0.00037711353219066333, -0.00028603781183676106, -2.5821467968468984e-05, -0.0001531273100455719, -4.403661203924943e-06, 0.00013731416299511413, 0.00028243481630627705, -0.0006787643246595219, 9.40782166293056e-05, -0.00046298492566719974, 0.0008607155989489661, 7.185974419132066e-05, -0.00014732248391312536, -0.00022318555647165054, 0.00047979890480945856, 4.0233450090405165e-05, -0.0005996985894072332, -0.00030885678352982667, -0.0003122596126419505, 0.0004401659539741341, 0.00033367741940649456], [0.0002293907154408175, 0.0001953624243195793, 3.7230953815001795e-05, 3.522928963139954e-05, -7.546273972180471e-05, -0.00043836445620889207, -3.462879037631887e-05, 0.0002251872206552528, 0.00023059171395097884, 8.527089422145571e-05, 0.0008394979586027824, -0.00014071699210723796, 6.945774717099797e-05, 0.00012370284654661886, 0.0008220834802054428, -0.00013571283164823234, -1.0, 0.0004964127175333573, 0.0006143107379475295, -9.80815449965101e-06, 2.4019970203226963e-05, 0.0006745608298739573, -0.00014572115256624357, -4.743944115137325e-05, 0.00012670534282202222, -0.0003282729261107685, -0.00034868990078351143, 0.00036530371350741004, 0.0003282729261107685, -9.187638602734313e-05, 0.00041354382033222424, -4.463711129433011e-05, -7.326090911984223e-05, 4.003328367204494e-05, -6.88572479159173e-05, 0.0002724264953882658, -4.7239274733013025e-05, -0.00027202616255154533, -0.0, -0.0004499741084737851], [-0.00013271033537282898, 0.0005350448362768806, 0.00010108404127191347, 0.00011989968459777459, 4.0833949345485836e-05, -9.467871588438628e-05, -0.00039993250388372894, 0.0001629354645452229, -0.00033848141344713993, -0.0005510581497456986, 5.10424366818573e-05, 0.00033948224553894107, 0.0003939275113329222, 0.00014031665927051752, 0.0007137934478725612, 0.000432959962913166, 0.0004964127175333573, -1.0, 8.847355691521931e-05, 0.00036029955304840445, 0.00022238489079820964, 0.00013231000253610852, 0.00011189302786336561, 0.00018615476907500895, 8.927422258866022e-05, -0.00013190966969938808, -0.0002251872206552528, 0.0004435687830862579, 0.0004181476479545094, -5.124260310021752e-05, -7.806490316048763e-06, -0.00038632118743523364, 4.904077249825505e-05, 0.00026121717596009323, 0.00016954095635111032, -1.4812314958656627e-05, -3.0225129172393928e-05, 0.0003118592798052301, -9.187638602734313e-05, 0.000179949610105842], [0.0002986482961934552, 8.286889720113302e-05, 0.0003346782514982957, -0.0003859208545985132, -0.0004557789346062316, -0.00027823132152071233, 0.0004361626256069296, 2.181813960126449e-05, 0.0007165957777296043, 2.4019970203226963e-05, 5.3244267283819766e-05, 0.0004653869226875224, 0.0007324089247800621, -0.0003062546200911438, 0.00035849805528316244, 0.00035709689035464087, 0.0006143107379475295, 8.847355691521931e-05, -1.0, -0.0003060544536727836, -0.00013331083462790965, -0.0002197827273595267, 0.00032787259327404805, 0.0002568135147561683, 0.0005394484974808056, 0.00043836445620889207, -9.40782166293056e-05, 0.0003300744238760105, -0.00034828956794679094, 0.0003272720940189674, -5.604659714086291e-05, -0.0005686727945613983, 6.0450258344787856e-05, 0.00021017473927823592, 0.00013331083462790965, 0.00015753097124949683, -8.567122705817616e-05, 0.0002724264953882658, -0.0003118592798052301, -0.00020457007956414962], [0.00022498705423689254, -0.0001985650870133429, 2.1617973182904268e-05, 0.00014211815703575953, 3.342779186615752e-05, 0.00022338572289001075, 0.00014552098614788335, -4.94411053349755e-05, 8.406989571129437e-05, 0.00041394415316894467, -0.00039592917551652443, 0.00012310234729153818, 0.00016793962500422853, 0.0002546116841542058, 0.00037571236726214176, 0.00037711353219066333, -9.80815449965101e-06, 0.00036029955304840445, -0.0003060544536727836, -1.0, 8.006656734408988e-05, -0.00022658838558377436, 0.00020016641836022469, 0.0003745113687519804, -0.0005850864408669368, 0.000660949513425462, -4.003328367204494e-06, -0.00017634661457535794, -0.0002213840587064085, 0.0002359962072467049, -0.00041714681586270825, 0.0005542608124394622, 9.007488826210111e-05, -0.0002794323200308737, -0.00013811482866855503, -2.822346498879168e-05, 0.0002942446349895303, -0.00017314395188159436, 0.0003078559514380256, 0.0001637361302186638], [0.00016954095635111032, 0.0002568135147561683, 6.945774717099797e-05, 0.00016313563096358313, 0.00015452847497409347, -0.00022438655498181187, -0.0003803161948844269, -3.763128665172224e-05, -0.0005010165451556424, 0.00016994128918783075, -8.547106063981594e-05, -0.00033147558880453206, 0.00030185095888721886, -0.0001182983532508928, -0.00031426127682555275, -0.00028603781183676106, 2.4019970203226963e-05, 0.00022238489079820964, -0.00013331083462790965, 8.006656734408988e-05, -1.0, -0.0001539279757190128, 0.0003460877373448285, -0.00028663831109184177, 0.001179380536978444, -0.00030845645069310624, 0.0003460877373448285, -0.00033507858433501613, 0.00020717224300283255, 0.0002626183408886148, 1.4211815703575954e-05, -0.0003550952261710386, 0.0005258371810323103, 9.988304276175213e-05, -0.00033527875075337635, -0.0006045025834478786, -0.00048019923764617905, -0.00047079141598324847, -0.0003825180254863894, -0.00037571236726214176], [-0.00018435327130976694, 0.0007912578517779682, 0.0006303240514163476, 4.70391083146528e-05, -0.0004635854249222804, 3.262712619271663e-05, 0.00016773945858586828, 0.0005268380131241113, -7.145941135460021e-05, -0.0001855542698199283, -0.0003072554521829449, 0.0004407664532292148, -0.00038471985608835185, -8.667205914997729e-05, -4.003328367204494e-05, -2.5821467968468984e-05, 0.0006745608298739573, 0.00013231000253610852, -0.0002197827273595267, -0.00022658838558377436, -0.0001539279757190128, -1.0, 0.0005918920990911844, 0.0002474056930932377, -0.0002081730750946337, 3.743112023336202e-05, 0.0002496075236952002, -0.0002041697467274292, -0.0006759619948024788, 0.0001369138301583937, -0.0002051705788192303, 0.0006969794687303024, 8.34693964562137e-05, -0.00039052468222079836, 0.00014712231749476514, 0.00019976608552350425, -5.064210384513685e-05, 0.00019896541985006336, -0.0002147785669005211, -8.427006212965459e-05], [-0.00025921551177649095, 0.0002968467984282132, 1.0608820173091908e-05, -4.743944115137325e-05, 0.0005112250324920139, -0.00027843148793907255, 1.321098361177483e-05, -0.00045117510698394644, 0.00037491170158870083, -0.00046298492566719974, 0.000187956266840251, 0.0005068213712880889, 0.00014411982121936178, 9.547938155782718e-05, -0.0001589321361780184, -0.0001531273100455719, -0.00014572115256624357, 0.00011189302786336561, 0.00032787259327404805, 0.00020016641836022469, 0.0003460877373448285, 0.0005918920990911844, -1.0, -0.00034708856943662964, 0.0002758293245003896, 0.0003168634402642357, -0.0002944448014078905, -4.2034947855647186e-05, 0.00048540356452354485, -0.00041914848004631053, 7.94660680890092e-05, -0.00018935743176877256, 0.00014872364884164693, -0.00041374398675058445, 7.78647367421274e-05, -0.00022859004976737659, 0.0006711580007618333, 0.0006193148984065352, -0.00013831499508691527, -2.221847243798494e-05], [-0.0003178642723560368, -0.00041914848004631053, -0.0001605334675249002, -0.00040233450090405165, -0.0002588151789397705, 0.00027823132152071233, 0.0001919595952074555, 2.261880527470539e-05, 0.0002221847243798494, 0.000197764421339902, -0.00035469489333431816, 0.00041334365391386396, -2.822346498879168e-05, 0.0007386140837492291, 5.824842774282539e-05, -4.403661203924943e-06, -4.743944115137325e-05, 0.00018615476907500895, 0.0002568135147561683, 0.0003745113687519804, -0.00028663831109184177, 0.0002474056930932377, -0.00034708856943662964, -1.0, -1.2210151519973705e-05, 0.0004067381621079766, 0.00027062499762302376, 0.000397330340445046, -6.965791358935819e-05, 2.261880527470539e-05, 0.00034148390972254335, 0.00013070867118922673, -0.00032987425745765027, -0.0005804826132446516, 9.367788379258515e-05, 0.00019796458775826222, 0.0004159458173525469, -0.0002327935445529413, 3.562962246812e-05, -0.00019976608552350425], [0.00036590421276249074, 0.0007626340539524561, 0.00035789755602808174, -0.00018775610042189077, 0.0005926927647646253, 3.883228516188359e-05, 0.0005302408422362353, 0.0002796324864492339, 6.40532538752719e-06, -0.00012050018385285526, 0.0005072217041248093, -0.00037411103591525997, 0.0003841193568332712, -9.928254350667145e-05, 7.105907851787976e-05, 0.00013731416299511413, 0.00012670534282202222, 8.927422258866022e-05, 0.0005394484974808056, -0.0005850864408669368, 0.001179380536978444, -0.0002081730750946337, 0.0002758293245003896, -1.2210151519973705e-05, -1.0, 0.0005428513265929294, 0.0006541438552012142, -2.7823132152071232e-05, -6.845691507919685e-05, -0.0004233519748318752, 0.00020937407360479502, -0.00031446144324391296, 0.0006181138998963739, 0.0002562130155010876, -9.80815449965101e-05, -0.0003833186911598303, 0.000253010352807324, 8.74727248234182e-05, 8.286889720113302e-05, 0.000660949513425462], [-0.00010628836814927931, 0.00024440319681783435, 0.0005862874393770981, 0.00010869036516960201, -0.00034108357688582286, -0.0001711422876979921, 0.0004119424889853424, 0.000522034019083466, 0.00020877357434971434, -0.0006447360335382837, 0.0006855699828837695, 0.00017654678099371818, -0.0005020173772474436, 0.000974610290995934, -0.00018215144070780448, 0.00028243481630627705, -0.0003282729261107685, -0.00013190966969938808, 0.00043836445620889207, 0.000660949513425462, -0.00030845645069310624, 3.743112023336202e-05, 0.0003168634402642357, 0.0004067381621079766, 0.0005428513265929294, -1.0, -0.00015272697720885144, 0.00023899870352210828, 3.582978888648022e-05, 0.0004371634576987307, -0.000171942953371433, 0.0006353282118753532, 0.00012030001743449503, 0.0005410498288276873, -0.0004433686166678977, -9.8882210669951e-05, -0.00023479520873654356, -0.000253010352807324, 0.0002147785669005211, -0.0002584148461030501], [0.00024760585951159793, -0.0003933270120778415, -0.0001499246473518083, 0.00024039986845062985, 0.00035309356198743637, 0.0003152621089173539, -0.00018175110787108402, 0.0002546116841542058, 8.427006212965459e-05, -2.6221800805189435e-05, -0.0001134943592102474, -2.642196722354966e-05, 0.00021497873331888131, -1.62134798871782e-05, 9.56795479761874e-05, -0.0006787643246595219, -0.00034868990078351143, -0.0002251872206552528, -9.40782166293056e-05, -4.003328367204494e-06, 0.0003460877373448285, 0.0002496075236952002, -0.0002944448014078905, 0.00027062499762302376, 0.0006541438552012142, -0.00015272697720885144, -1.0, 0.00025821467968468987, 0.0004157456509341867, 0.00024380269756275368, -0.00029204280438756785, -0.0005744776206938448, 7.666373823196606e-05, 2.5421135131748537e-05, -0.00027683015659219076, 9.72808793230692e-05, 0.0003552953925893988, 0.00011929918534269392, 0.00040653799568961637, 0.0005298405093995147], [-0.00040994082480174017, -0.0001281065077505438, -0.00042675480394399905, 0.00010008320918011234, -0.00023479520873654356, 0.0002790319871941532, -0.0008449024518985084, 0.00029324380289772915, 1.6013313468817974e-05, 0.0005652699654492745, 0.0005284393444709932, 0.00040413599866929366, 0.0003348784179166559, 0.00029744729768329387, 5.404493295726067e-06, 9.40782166293056e-05, 0.00036530371350741004, 0.0004435687830862579, 0.0003300744238760105, -0.00017634661457535794, -0.00033507858433501613, -0.0002041697467274292, -4.2034947855647186e-05, 0.000397330340445046, -2.7823132152071232e-05, 0.00023899870352210828, 0.00025821467968468987, -1.0, 0.000355495559007759, 0.00041734698228106847, -6.80565822424764e-05, -2.822346498879168e-05, 9.688054648634875e-05, 0.0004295571338010422, -0.000245003696072915, 0.0005650697990309143, -0.00040753882778141745, 0.00016673862649406717, 0.00011609652264893033, -0.0004407664532292148], [-6.665541731395483e-05, 0.0006843689843736082, -0.00019676358924810086, -0.0003060544536727836, 0.0005720756236735221, 0.0006747609962923175, -1.6813979142258873e-05, -1.6813979142258873e-05, -0.0002796324864492339, 0.0006219170618452181, 0.0003196657701212788, 0.0002958459663364121, 0.00016813979142258874, 1.661381272389865e-05, 0.0004319591308213649, -0.00046298492566719974, 0.0003282729261107685, 0.0004181476479545094, -0.00034828956794679094, -0.0002213840587064085, 0.00020717224300283255, -0.0006759619948024788, 0.00048540356452354485, -6.965791358935819e-05, -6.845691507919685e-05, 3.582978888648022e-05, 0.0004157456509341867, 0.000355495559007759, -1.0, 1.4011649285215728e-05, 8.26687307827728e-05, -0.00010328587187387594, 0.00017634661457535794, -0.0002003665847785849, 0.00020637157732939166, 0.00010929086442468268, 0.0005870881050505391, 0.00024260169905259232, 0.00038652135385359385, 0.00034568740450810807], [0.00014452015405608221, 0.0003210669350498004, 0.00028984097378560535, -0.0006561455193848165, 0.0007043856262096307, 0.0008202819824402008, 0.00013351100104626987, 0.00011429502488368829, -1.200998510161348e-06, -0.00017174278695307279, 3.643028814156089e-05, 0.00035249306273235566, 0.00036530371350741004, 5.6046597140862916e-06, 0.00022758921767557547, 0.0008607155989489661, -9.187638602734313e-05, -5.124260310021752e-05, 0.0003272720940189674, 0.0002359962072467049, 0.0002626183408886148, 0.0001369138301583937, -0.00041914848004631053, 2.261880527470539e-05, -0.0004233519748318752, 0.0004371634576987307, 0.00024380269756275368, 0.00041734698228106847, 1.4011649285215728e-05, -1.0, -0.00029544563349969164, 0.0009189640266917916, 0.0008575129362552025, 8.527089422145571e-05, -0.00020737240942119277, 0.0004773969077891359, -4.803994040645393e-05, 0.00019996625194186447, 0.0003138609439888323, 0.00015092547944360943], [0.0004449699480147795, 0.00042455297334203655, -0.00031406111040719253, -8.206823152769213e-06, -2.001664183602247e-06, 0.000199565919105144, -0.0004167464830259878, 0.00013811482866855503, 2.381980378486674e-05, 1.661381272389865e-05, 0.0005606661378269893, 0.0001669387929124274, 3.6029955304840445e-05, -0.00040653799568961637, -0.00016093380036162066, 7.185974419132066e-05, 0.00041354382033222424, -7.806490316048763e-06, -5.604659714086291e-05, -0.00041714681586270825, 1.4211815703575954e-05, -0.0002051705788192303, 7.94660680890092e-05, 0.00034148390972254335, 0.00020937407360479502, -0.000171942953371433, -0.00029204280438756785, -6.80565822424764e-05, 8.26687307827728e-05, -0.00029544563349969164, -1.0, -0.0009828171141487033, 0.0005494568183988167, -0.0008392977921844221, 0.00040733866136305724, -0.00029544563349969164, 0.00013030833835250626, -0.0002221847243798494, -5.7447762069384485e-05, 0.0005058205391962878], [-0.0004695904174730871, 0.00041554548451582646, -0.0003062546200911438, 4.003328367204494e-07, 6.225175611002988e-05, -0.0003022512917239393, -0.0003825180254863894, 0.00047419424509537227, 0.0002878393096020031, -0.0005976969252236309, 9.007488826210111e-05, 0.00043015763305612284, 0.0001727436190448739, 9.047522109882156e-05, -0.00013030833835250626, -0.00014732248391312536, -4.463711129433011e-05, -0.00038632118743523364, -0.0005686727945613983, 0.0005542608124394622, -0.0003550952261710386, 0.0006969794687303024, -0.00018935743176877256, 0.00013070867118922673, -0.00031446144324391296, 0.0006353282118753532, -0.0005744776206938448, -2.822346498879168e-05, -0.00010328587187387594, 0.0009189640266917916, -0.0009828171141487033, -1.0, -0.00029064163945904627, 0.0006409328715894395, -0.00023899870352210828, 0.00037891502995590534, -0.0003326765873146934, 6.605491805887415e-06, 0.00044957377563706465, 7.766457032376718e-05], [-9.187638602734313e-05, 0.00047299324658521097, 0.0001823516071261647, -0.0005294401765627943, -0.00015452847497409347, -4.984143817169595e-05, 0.0006505408596707302, -0.0001669387929124274, 0.00039652967477160514, 0.00011229336070008605, 3.222679335599617e-05, 0.0007390144165859495, 0.00035709689035464087, -7.666373823196606e-05, 4.7239274733013025e-05, -0.00022318555647165054, -7.326090911984223e-05, 4.904077249825505e-05, 6.0450258344787856e-05, 9.007488826210111e-05, 0.0005258371810323103, 8.34693964562137e-05, 0.00014872364884164693, -0.00032987425745765027, 0.0006181138998963739, 0.00012030001743449503, 7.666373823196606e-05, 9.688054648634875e-05, 0.00017634661457535794, 0.0008575129362552025, 0.0005494568183988167, -0.00029064163945904627, -1.0, 0.00016994128918783075, -0.00013070867118922673, 0.0004515754398206669, 4.223511427400741e-05, -6.805658224247639e-06, 5.404493295726067e-06, 0.00011669702190401099], [0.000152326644372131, 0.00015432830855573323, -0.00030765578501966537, -0.0004085396598732186, -2.1617973182904268e-05, -0.00019235992804417592, 4.763960756973348e-05, 0.00021057507211495638, 0.0002676225013476204, 0.00045537860176951116, 0.0002772304894289112, 0.0003494905664569523, -1.8014977652420222e-05, 0.00015673030557605594, 0.00020577107807431098, 0.00047979890480945856, 4.003328367204494e-05, 0.00026121717596009323, 0.00021017473927823592, -0.0002794323200308737, 9.988304276175213e-05, -0.00039052468222079836, -0.00041374398675058445, -0.0005804826132446516, 0.0002562130155010876, 0.0005410498288276873, 2.5421135131748537e-05, 0.0004295571338010422, -0.0002003665847785849, 8.527089422145571e-05, -0.0008392977921844221, 0.0006409328715894395, 0.00016994128918783075, -1.0, -0.00024280186547095256, 0.0002774306558472714, -0.00015512897422917412, -7.606323897688538e-06, 7.906573525228876e-05, -0.000429356967382682], [-0.00048019923764617905, -1.3010817193414606e-05, -0.00019235992804417592, -0.0003344780850799355, -1.0008320918011235e-05, 0.0004930098884212334, -0.000557663641551586, 1.0008320918011235e-05, -0.00037170903889493725, 0.00026121717596009323, -0.00017074195486127167, 0.00010168454052699415, -0.00037150887247657704, 0.00045137527340230666, -0.0002790319871941532, 4.0233450090405165e-05, -6.88572479159173e-05, 0.00016954095635111032, 0.00013331083462790965, -0.00013811482866855503, -0.00033527875075337635, 0.00014712231749476514, 7.78647367421274e-05, 9.367788379258515e-05, -9.80815449965101e-05, -0.0004433686166678977, -0.00027683015659219076, -0.000245003696072915, 0.00020637157732939166, -0.00020737240942119277, 0.00040733866136305724, -0.00023899870352210828, -0.00013070867118922673, -0.00024280186547095256, -1.0, 0.0002041697467274292, 0.0002828351491429975, -0.0001921597616258157, 0.0002391988699404685, -0.00014952431451508786], [-0.0004087398262915788, 1.841531048914067e-05, -0.00029544563349969164, -0.0005240356832670682, -6.00499255080674e-07, 0.00019736408850318154, 0.0002968467984282132, -6.665541731395483e-05, 0.0002634190065620557, 0.0003566965575179204, 0.00013251016895446873, -5.2243435192018647e-05, 0.00039933200462864823, 0.00010088387485355324, 0.00017794794592223976, -0.0005996985894072332, 0.0002724264953882658, -1.4812314958656627e-05, 0.00015753097124949683, -2.822346498879168e-05, -0.0006045025834478786, 0.00019976608552350425, -0.00022859004976737659, 0.00019796458775826222, -0.0003833186911598303, -9.8882210669951e-05, 9.72808793230692e-05, 0.0005650697990309143, 0.00010929086442468268, 0.0004773969077891359, -0.00029544563349969164, 0.00037891502995590534, 0.0004515754398206669, 0.0002774306558472714, 0.0002041697467274292, -1.0, -0.00011649685548565077, -1.4612148540296403e-05, -0.0003534938948241568, 0.0002586150125214103], [-0.00037731369860902355, -0.0003592987209566033, -0.00013030833835250626, 6.605491805887415e-06, -0.00023619637366506513, -0.0006491396947422087, 0.00011729752115909167, -0.00043396079500496713, -1.8014977652420222e-06, -0.0002968467984282132, -0.00010268537261879527, -0.0002834356483980782, -0.0005532599803476611, 1.9015809744221345e-05, 1.321098361177483e-05, -0.00030885678352982667, -4.7239274733013025e-05, -3.0225129172393928e-05, -8.567122705817616e-05, 0.0002942446349895303, -0.00048019923764617905, -5.064210384513685e-05, 0.0006711580007618333, 0.0004159458173525469, 0.000253010352807324, -0.00023479520873654356, 0.0003552953925893988, -0.00040753882778141745, 0.0005870881050505391, -4.803994040645393e-05, 0.00013030833835250626, -0.0003326765873146934, 4.223511427400741e-05, -0.00015512897422917412, 0.0002828351491429975, -0.00011649685548565077, -1.0, 8.647189273161707e-05, -3.623012172320067e-05, 0.00015112564586196965], [0.0002301913811142584, -0.0003474889022733501, -0.00017814811234059997, -0.00014291882270920042, -0.0003096574492032676, 0.00020016641836022469, 0.0001395159935970766, 0.0001871556011668101, 0.0005924925983462651, 0.0001501248137701685, -6.40532538752719e-05, -0.0002820344834695566, -2.7022466478630334e-05, 0.00020977440644151548, -0.00020076691761530536, -0.0003122596126419505, -0.00027202616255154533, 0.0003118592798052301, 0.0002724264953882658, -0.00017314395188159436, -0.00047079141598324847, 0.00019896541985006336, 0.0006193148984065352, -0.0002327935445529413, 8.74727248234182e-05, -0.000253010352807324, 0.00011929918534269392, 0.00016673862649406717, 0.00024260169905259232, 0.00019996625194186447, -0.0002221847243798494, 6.605491805887415e-06, -6.805658224247639e-06, -7.606323897688538e-06, -0.0001921597616258157, -1.4612148540296403e-05, 8.647189273161707e-05, -1.0, -0.0002041697467274292, 0.00032987425745765027], [-0.00020076691761530536, 0.00012870700700562447, -7.78647367421274e-05, -0.0005490564855620963, 0.00012050018385285526, 0.00024840652518503886, -0.0007438184106265949, -8.487056138473527e-05, 0.0003681060433644532, 0.00013991632643379706, 9.628004723126807e-05, 0.00027622965733711005, 0.00013251016895446873, -0.000377714031445744, 0.0004595820965550759, 0.0004401659539741341, -0.0, -9.187638602734313e-05, -0.0003118592798052301, 0.0003078559514380256, -0.0003825180254863894, -0.0002147785669005211, -0.00013831499508691527, 3.562962246812e-05, 8.286889720113302e-05, 0.0002147785669005211, 0.00040653799568961637, 0.00011609652264893033, 0.00038652135385359385, 0.0003138609439888323, -5.7447762069384485e-05, 0.00044957377563706465, 5.404493295726067e-06, 7.906573525228876e-05, 0.0002391988699404685, -0.0003534938948241568, -3.623012172320067e-05, -0.0002041697467274292, -1.0, 3.502912321303932e-05], [3.983311725368471e-05, -0.0005066212048697287, 0.0001419179906173993, -0.0001823516071261647, 0.00012850684058726426, -0.0006311247170897884, 0.00010688886740435998, 0.00023419470948146288, -0.0003548950597526784, 0.00024760585951159793, -0.0004289566345459615, -0.00012530417789350065, 0.0004183478143728696, 0.00010188470694535436, 0.00012450351222005975, 0.00033367741940649456, -0.0004499741084737851, 0.000179949610105842, -0.00020457007956414962, 0.0001637361302186638, -0.00037571236726214176, -8.427006212965459e-05, -2.221847243798494e-05, -0.00019976608552350425, 0.000660949513425462, -0.0002584148461030501, 0.0005298405093995147, -0.0004407664532292148, 0.00034568740450810807, 0.00015092547944360943, 0.0005058205391962878, 7.766457032376718e-05, 0.00011669702190401099, -0.000429356967382682, -0.00014952431451508786, 0.0002586150125214103, 0.00015112564586196965, 0.00032987425745765027, 3.502912321303932e-05, -1.0]]}