{"connections": [[-1.0, -0.00024319187839205134, 0.0008776924993820124, 0.00014911765382887097, 0.002256780599893316, 0.00024919661613012666, 0.001328047829737663, 0.0006154856181527225, 0.0014521457429912202, 0.0013500652014439393, -0.0014961804864037727, -0.001450144163745195, 0.0006715298370414257, -0.0007515930068824302, -0.0010198046258497954, 0.00028522504255857874, 0.0006094808804146471, -0.0006495124653351494, -0.0006034761426765718, -0.0010698441070004234, -0.00127600676934101, 0.001187937282515905, -0.00027321556708242805, -0.0004433498029945627, 0.00025920451236025223, 0.0008096388050171585, -0.0003652882123995833, -0.0007275740559301288, 0.0010318141013259462, -0.0012259672881903823, 0.0025490111698129826, -0.0010678425277543982, -0.0013140367750154873, 0.0006895440502556517, -0.0005234129728355672, 0.0005394256068037682, 0.001027810942833896, -0.0004573608577167385, -0.0002111666104556495, 0.0006174871973987476], [-0.00024319187839205134, -1.0, 0.00047737665017698967, 0.00015312081232092122, -0.00015712397081297144, -0.0008636814446598367, 0.0007876214333108823, -0.0024789558962021035, -0.0002652092500983276, 0.0004853829671610901, 0.00027721872557447824, -0.0005374240275577431, -7.305764247991666e-05, 0.0017824063185853639, -0.00036728979164560836, 0.00040531979732008557, -0.00013110344061464496, -0.0005734524539861951, 0.00040531979732008557, 0.00020316029347154906, 0.0005414271860497933, -3.702921605146461e-05, -0.0018264410619979164, -3.903079529748972e-05, -0.0008856988163661128, 0.00044935454073263804, -0.0004733734916849394, -0.0011919404410079553, 3.502763680543949e-05, 0.0012479846598966585, -0.0007495914276364051, -0.00026721082934435267, -0.0008416640729535604, 0.0010658409485083732, 0.000905714608826364, 0.0012199625504523068, 0.0010158014673577452, 0.0028132196302882973, 0.0009457461937468662, 0.001169923069301679], [0.0008776924993820124, 0.00047737665017698967, -1.0, 0.0006535156238271997, 0.0007435866898983298, 0.0021066621564414323, 0.0007235708974380787, -0.00044535138224058784, 0.000535422448311718, 0.0012900178240631858, -0.0007315772144221791, 0.0012639972938648593, 0.0017523826298949871, -0.0014041078410866174, -0.0005914666672004211, 0.00036128505390753304, -0.001664313143069882, 0.0009357382975167407, -0.0001631287085510468, -3.702921605146461e-05, 6.104816700376598e-05, -0.0019225168658071217, 0.0002872266218046038, -0.001063839369262348, 0.00013110344061464496, -0.0013240446712456128, 3.502763680543949e-05, 0.00014911765382887097, 0.0011038709541828502, 0.0016563068260857818, 0.0006034761426765718, -9.50750141861929e-05, -0.00022117450668577508, 0.00039331032184393487, 0.0015382136505703, -0.00026120609160627735, -0.00028922820105062893, 0.0011559120145795032, 8.506711795606734e-05, 0.0009697651446991676], [0.00014911765382887097, 0.00015312081232092122, 0.0006535156238271997, -1.0, -0.002923306488819679, -0.0010958646371987497, 0.00033126136521715633, -0.0007255724766841037, 0.00041532769355021113, 0.0006695282577954006, 0.0023548579829485465, 0.001556227863784526, -0.000677534574779501, 0.0008016324880330581, -0.0005514350822799188, 0.0018384505374740671, 0.0002972345180347294, 0.0009717667239451927, 0.0008016324880330581, 0.0005033971803753161, 0.00030123767652677963, 2.3018161329288808e-05, 0.00017513818402719745, -0.0001230971236305445, 0.0019725563469577497, 0.0006455093068430992, -0.00043334190676443715, -0.00026721082934435267, -0.0017223589412046103, 0.00015912555005899654, -0.00020115871422552394, 0.0007255724766841037, 0.0003833024256138093, -0.000483381387915065, 0.0011899388617619302, -0.0019865674016799253, -9.707659343221802e-05, -8.506711795606734e-05, 0.0005454303445418435, -0.00022717924442385042], [0.002256780599893316, -0.00015712397081297144, 0.0007435866898983298, -0.002923306488819679, -1.0, 0.001131893063627202, -0.00040732137656611064, -0.00017513818402719745, 0.0010858567409686242, 0.0008556751276757362, 0.0007716087993426814, -0.0016242815581493798, 0.000237187140653976, 0.002452935366003777, -0.00011709238589246915, 0.0016483005091016813, -0.0006134840389066974, -0.0003592834746615079, 0.0008116403842631836, -0.0020606258337828548, -0.001466156797713396, -0.00011509080664644404, 6.104816700376598e-05, 0.0009077161880723891, -9.107185569414268e-05, -0.0012499862391426835, -0.0008076372257711334, -6.104816700376598e-05, -7.505922172594177e-05, -0.00022717924442385042, 0.0003412692614472819, -0.001113878850412976, 0.0005254145520815923, -0.0016863305147761583, 5.904658775774086e-05, 0.0003412692614472819, -1.9015002837238582e-05, 0.0019745579262037747, 0.00020316029347154906, -0.00010508291041631847], [0.00024919661613012666, -0.0008636814446598367, 0.0021066621564414323, -0.0010958646371987497, 0.001131893063627202, -1.0, -0.0005574398200179942, 0.0018084268487836904, 5.504342926569063e-05, -0.0012279688674364073, -0.000483381387915065, 0.00037529610862970886, -0.0005454303445418435, 0.0012539893976347338, -0.0008756909201359873, 0.00011709238589246915, -0.0014041078410866174, -0.0005374240275577431, 0.0009497493522389165, 0.0007676056408506311, 0.0005854619294623458, 0.00025920451236025223, -0.00020916503120962438, 0.00017313660478117236, -0.00048137980866903987, 0.0007015535257318024, -0.0009817746201753184, -0.00027521714632845317, -0.0007175661597000033, 0.00014711607458284587, -0.00020516187271757416, 4.503553303556506e-05, 0.00018714765950334815, -0.0005154066558514668, 0.0013820904693803411, -0.000625493514382848, 0.0007876214333108823, 0.0027411627774313932, -0.00043534348601046227, 0.00023318398216192577], [0.001328047829737663, 0.0007876214333108823, 0.0007235708974380787, 0.00033126136521715633, -0.00040732137656611064, -0.0005574398200179942, -1.0, 0.001486172590173647, 0.0017864094770774141, -3.702921605146461e-05, -0.0009617588277150672, 0.0012139578127142315, 0.00033726610295523165, 0.0023208311357661195, -0.00024519345763807646, -0.000325256627479081, 0.0009837761994213434, 0.001241979922158583, -0.0006575187823192499, 0.0009697651446991676, 0.0006515140445811745, -0.0002952329387887043, -0.00024719503688410153, 0.000871687761643937, 0.00010908606890836871, 3.102447831338926e-05, 0.0006575187823192499, 0.0009877793579133936, 0.00010508291041631847, 0.0004173292727962362, 0.0009937840956514691, -0.0005574398200179942, 0.00026120609160627735, 7.9062380217992e-05, -0.001241979922158583, 0.0006735314162874508, 0.0005134050766054417, -0.0006875424710096266, -5.7045008511715746e-05, -0.0016342894543795055], [0.0006154856181527225, -0.0024789558962021035, -0.00044535138224058784, -0.0007255724766841037, -0.00017513818402719745, 0.0018084268487836904, 0.001486172590173647, -1.0, 0.0007095598427159028, 0.001888490018624695, -0.002803211734058172, 8.106395946401711e-05, -0.0006555172030732248, 0.0008276530182313845, 0.0008596782861677864, 0.0008196467012472841, 0.0018244394827518912, 0.00048137980866903987, -0.0025029748471544046, -0.000659520361565275, 0.001924518445053147, 0.0006975503672397522, 0.00046136401620878873, -0.001834447378982017, 0.0007575977446205056, -6.104816700376598e-05, 0.0014021062618405921, 0.0012479846598966585, -0.0010518298937861974, -0.0013240446712456128, 0.0002932313595426792, 0.0009077161880723891, -0.0005674477162481197, -0.0011659199108096287, 0.001239978342912558, -0.0010838551617225992, -0.0013360541467217636, 0.0007095598427159028, -0.0003412692614472819, 0.0020326037243385033], [0.0014521457429912202, -0.0002652092500983276, 0.000535422448311718, 0.00041532769355021113, 0.0010858567409686242, 5.504342926569063e-05, 0.0017864094770774141, 0.0007095598427159028, -1.0, -0.0017303652581887108, -0.0005454303445418435, -0.0005634445577560695, -0.00037929926712175905, 0.001115880429659001, 0.0001631287085510468, -0.00027321556708242805, 0.0009677635654531425, -0.0008236498597393344, -0.0013180399335075373, 0.0003412692614472819, 0.0020606258337828548, 5.7045008511715746e-05, -0.0009477477729928914, -0.00026120609160627735, -0.0003392676822012568, -0.0003412692614472819, -0.0001631287085510468, -0.0012619957146188343, -0.0016402941921175808, -0.00033126136521715633, 0.00042133243128828645, -0.0005094019181133914, -0.0006355014106129736, -0.00013310501986067008, -0.00022918082366987552, 0.0010498283145401722, -0.00026721082934435267, -0.0011919404410079553, -0.00018914923874937325, -0.0004973924426372408], [0.0013500652014439393, 0.0004853829671610901, 0.0012900178240631858, 0.0006695282577954006, 0.0008556751276757362, -0.0012279688674364073, -3.702921605146461e-05, 0.001888490018624695, -0.0017303652581887108, -1.0, -1.1008685853138126e-05, -0.0001931523972414235, 0.00048738454640711524, -0.0015602310222765762, 0.0010938630579527247, 0.0005694492954941449, 0.002386883250884948, 0.00030724241426485495, -0.0007676056408506311, -0.0007856198540648571, -0.0006795361540255262, 0.0013400573052138136, -7.706080097196688e-05, 0.0007535945861284553, -0.000817645122001259, 0.0002812218840665285, -6.50513254958162e-05, -0.00018314450101129793, 0.0013080320372774118, 0.0002391887199000011, -0.0006575187823192499, 0.0008336577559694599, 5.904658775774086e-05, -0.00037929926712175905, -0.0005154066558514668, -0.00016112712930502166, -0.0007575977446205056, 0.0011799309655318045, 0.0015622326015226012, -0.0023888848301309735], [-0.0014961804864037727, 0.00027721872557447824, -0.0007315772144221791, 0.0023548579829485465, 0.0007716087993426814, -0.000483381387915065, -0.0009617588277150672, -0.002803211734058172, -0.0005454303445418435, -1.1008685853138126e-05, -1.0, -0.00030924399351088007, 0.0010878583202146494, 0.002683116979296665, -0.000835659335215485, 0.0003292597859711312, 0.0011619167523175785, 0.0005074003388673663, 0.0003132471520029303, -0.00018914923874937325, -0.0008756909201359873, -0.00018514608025732302, 0.0023928879886230235, -0.0014601520599753204, 0.0003552803161694577, 0.0011659199108096287, -0.0013860936278723914, -9.907817267824314e-05, -0.00011709238589246915, -0.0012179609712062818, 0.00144814258449917, -0.0010238077843418457, -0.001682327356284108, 0.00047737665017698967, -0.0007676056408506311, -0.0003172503104949805, 0.0011278899051351517, -0.0011579135938255282, 0.00016112712930502166, -0.0009997888333895444], [-0.001450144163745195, -0.0005374240275577431, 0.0012639972938648593, 0.001556227863784526, -0.0016242815581493798, 0.00037529610862970886, 0.0012139578127142315, 8.106395946401711e-05, -0.0005634445577560695, -0.0001931523972414235, -0.00030924399351088007, -1.0, -0.0008516719691836859, -0.0010898598994606744, 0.001348063622197914, 0.0007435866898983298, -0.0004573608577167385, 0.0007095598427159028, 6.304974624979109e-05, -0.0014161173165627681, 0.001572240497752727, -0.0003352645237092066, -7.005527361087898e-06, -4.903869152761529e-05, -0.0008877003956121379, 0.0016723194600539826, -0.00031524873124895545, 0.001131893063627202, 0.00016112712930502166, -0.00041532769355021113, 0.001274005190094985, 0.0020005784564021013, 0.001834447378982017, -0.000853673548429711, 0.00127600676934101, -0.002436922732035576, 0.00030924399351088007, -0.0028092164717962473, -0.0016903336732682086, -0.002510981164138505], [0.0006715298370414257, -7.305764247991666e-05, 0.0017523826298949871, -0.000677534574779501, 0.000237187140653976, -0.0005454303445418435, 0.00033726610295523165, -0.0006555172030732248, -0.00037929926712175905, 0.00048738454640711524, 0.0010878583202146494, -0.0008516719691836859, -1.0, -0.0003652882123995833, 0.0006395045691050239, 0.00031925188974100564, -0.0006975503672397522, -0.0011038709541828502, -0.0015862515524749027, -0.0014241236335468684, 0.0016923352525142338, -0.0008156435427552339, -0.00040732137656611064, 9.907817267824314e-05, -0.0002952329387887043, -0.0004013166388280353, 0.00039331032184393487, 0.0006314982521209234, -0.0020526195167987543, 0.0002251776651778253, 0.0018584663299343182, -0.0016543052468397565, 6.104816700376598e-05, 0.0006395045691050239, -0.0019225168658071217, 0.0005934682464464462, -0.001348063622197914, 0.0001691334462891221, -0.0018824852808866195, -0.0007616009031125558], [-0.0007515930068824302, 0.0017824063185853639, -0.0014041078410866174, 0.0008016324880330581, 0.002452935366003777, 0.0012539893976347338, 0.0023208311357661195, 0.0008276530182313845, 0.001115880429659001, -0.0015602310222765762, 0.002683116979296665, -0.0010898598994606744, -0.0003652882123995833, -1.0, -0.0010678425277543982, 0.0013060304580313868, 0.0008937051333502133, 0.0015081899618799232, -0.0006395045691050239, 0.00036728979164560836, -0.0006515140445811745, -0.0007936261710489576, -0.0015061883826338982, -0.00017113502553514723, -0.0004733734916849394, -0.00045135611997866316, -0.0005814587709702956, 0.00027721872557447824, 0.0007595993238665307, -0.0020586242545368298, 0.0011439025391033525, -0.001348063622197914, 0.0007836182748188321, -0.0008997098710882887, -0.00024319187839205134, 0.001680325777038083, -0.000625493514382848, 0.0009517509314849416, -0.00036728979164560836, -0.000607479301168622], [-0.0010198046258497954, -0.00036728979164560836, -0.0005914666672004211, -0.0005514350822799188, -0.00011709238589246915, -0.0008756909201359873, -0.00024519345763807646, 0.0008596782861677864, 0.0001631287085510468, 0.0010938630579527247, -0.000835659335215485, 0.001348063622197914, 0.0006395045691050239, -0.0010678425277543982, -1.0, -0.00020316029347154906, -0.000659520361565275, -2.1016582083263697e-05, -0.0010358172598179964, -0.0013340525674757383, -0.0012279688674364073, 0.0011959435995000055, 0.0006114824596606723, 0.0008576767069217613, 0.0008476688106916357, -0.0007275740559301288, 0.00011108764815439382, 0.00024119029914602621, 0.0005474319237878686, 0.0008877003956121379, 0.00027521714632845317, -0.001664313143069882, 0.0013840920486263661, -0.0006755329955334759, 0.00043334190676443715, 0.001536212071324275, -0.0007776135370807567, -0.0012299704466824325, 0.0016142736619192543, -0.001255990976880759], [0.00028522504255857874, 0.00040531979732008557, 0.00036128505390753304, 0.0018384505374740671, 0.0016483005091016813, 0.00011709238589246915, -0.000325256627479081, 0.0008196467012472841, -0.00027321556708242805, 0.0005694492954941449, 0.0003292597859711312, 0.0007435866898983298, 0.00031925188974100564, 0.0013060304580313868, -0.00020316029347154906, -1.0, -0.0012279688674364073, -0.00024919661613012666, -0.0007235708974380787, 0.0006515140445811745, -0.0001951539764874486, 0.0015161962788640237, 0.0010838551617225992, 0.0011619167523175785, 0.000431340327518412, -0.0005634445577560695, 0.00047937822942301474, 0.000817645122001259, -0.0005494335030338937, 0.0016162752411652795, -0.0020065831941401767, -0.0010318141013259462, -0.0006294966728748983, 0.0006575187823192499, 0.001802422111045615, -0.0004253355897803367, -0.001117882008905026, -2.902289906736415e-05, 0.0012259672881903823, -0.00040331821807406044], [0.0006094808804146471, -0.00013110344061464496, -0.001664313143069882, 0.0002972345180347294, -0.0006134840389066974, -0.0014041078410866174, 0.0009837761994213434, 0.0018244394827518912, 0.0009677635654531425, 0.002386883250884948, 0.0011619167523175785, -0.0004573608577167385, -0.0006975503672397522, 0.0008937051333502133, -0.000659520361565275, -0.0012279688674364073, -1.0, 0.00022717924442385042, -0.0002712139878364029, 1.1008685853138126e-05, 0.0017864094770774141, -0.0011659199108096287, 0.0007555961653744805, 0.0007055566842238526, 0.0006314982521209234, 0.0011419009598573275, 0.0008436656521995855, -0.0009477477729928914, 0.00047937822942301474, -0.000553436661525944, 0.0006755329955334759, -0.0014161173165627681, 0.0009517509314849416, 0.0018824852808866195, -0.0003472739991853572, 0.0008476688106916357, 0.001167921490055654, 0.0017764015808472886, 0.0005013956011292911, 0.0015181978581100487], [-0.0006495124653351494, -0.0005734524539861951, 0.0009357382975167407, 0.0009717667239451927, -0.0003592834746615079, -0.0005374240275577431, 0.001241979922158583, 0.00048137980866903987, -0.0008236498597393344, 0.00030724241426485495, 0.0005074003388673663, 0.0007095598427159028, -0.0011038709541828502, 0.0015081899618799232, -2.1016582083263697e-05, -0.00024919661613012666, 0.00022717924442385042, -1.0, 0.0005114034973594166, -0.0005074003388673663, 0.00021516976894769973, -0.0014561489014832704, 0.0005694492954941449, -0.001554226284538501, -0.0021206732111636083, 0.0014521457429912202, -0.000799630908787033, 0.0001511192330748961, -0.0002391887199000011, -0.0020045816148941513, -3.502763680543949e-05, -0.0005654461370020946, -0.0008196467012472841, 0.0013200415127535626, -0.0003813008463677842, 0.00011308922740041893, 0.0010898598994606744, 0.0006695282577954006, 0.0016002626071970785, 0.0014961804864037727], [-0.0006034761426765718, 0.00040531979732008557, -0.0001631287085510468, 0.0008016324880330581, 0.0008116403842631836, 0.0009497493522389165, -0.0006575187823192499, -0.0025029748471544046, -0.0013180399335075373, -0.0007676056408506311, 0.0003132471520029303, 6.304974624979109e-05, -0.0015862515524749027, -0.0006395045691050239, -0.0010358172598179964, -0.0007235708974380787, -0.0002712139878364029, 0.0005114034973594166, -1.0, -0.0010498283145401722, -0.0007355803729142293, -0.000921727242794565, -0.0002972345180347294, -0.0009517509314849416, 0.001536212071324275, -0.0008276530182313845, 0.0021246763696556583, 0.0008056356465251083, 0.0006715298370414257, 5.10402707736404e-05, 0.0004233340105343116, -0.0008756909201359873, -0.001097866216444775, 0.0005454303445418435, 0.000905714608826364, 0.00014311291609079565, 0.0006314982521209234, -0.0008416640729535604, -9.50750141861929e-05, -0.0008796940786280375], [-0.0010698441070004234, 0.00020316029347154906, -3.702921605146461e-05, 0.0005033971803753161, -0.0020606258337828548, 0.0007676056408506311, 0.0009697651446991676, -0.000659520361565275, 0.0003412692614472819, -0.0007856198540648571, -0.00018914923874937325, -0.0014161173165627681, -0.0014241236335468684, 0.00036728979164560836, -0.0013340525674757383, 0.0006515140445811745, 1.1008685853138126e-05, -0.0005074003388673663, -0.0010498283145401722, -1.0, 0.0022167490149728134, 0.00016513028779707189, -0.0011238867466431015, 0.0011919404410079553, -0.0007035551049778276, -0.0007455882691443549, 8.506711795606734e-05, 3.903079529748972e-05, 0.002262785337631391, 0.0007936261710489576, 0.0002531997746221769, 0.00019115081799539837, -0.0009677635654531425, 4.303395378953995e-05, 9.107185569414268e-05, -0.0006395045691050239, -0.002432919573543526, -0.0006835393125175763, 0.001348063622197914, -0.00259504749247156], [-0.00127600676934101, 0.0005414271860497933, 6.104816700376598e-05, 0.00030123767652677963, -0.001466156797713396, 0.0005854619294623458, 0.0006515140445811745, 0.001924518445053147, 0.0020606258337828548, -0.0006795361540255262, -0.0008756909201359873, 0.001572240497752727, 0.0016923352525142338, -0.0006515140445811745, -0.0012279688674364073, -0.0001951539764874486, 0.0017864094770774141, 0.00021516976894769973, -0.0007355803729142293, 0.0022167490149728134, -1.0, -0.00043734506525648734, 0.0012199625504523068, -0.0020005784564021013, -0.0003652882123995833, 0.0009857777786673686, 0.000763602482358581, -0.0014361331090230192, 0.0018404521167200922, -0.0007575977446205056, 0.0010358172598179964, 7.305764247991666e-05, -0.0008336577559694599, 0.0002572029331142271, -0.00030724241426485495, -0.0003813008463677842, -0.0006735314162874508, -0.0012179609712062818, -0.0006875424710096266, -0.0014641552184673707], [0.001187937282515905, -3.702921605146461e-05, -0.0019225168658071217, 2.3018161329288808e-05, -0.00011509080664644404, 0.00025920451236025223, -0.0002952329387887043, 0.0006975503672397522, 5.7045008511715746e-05, 0.0013400573052138136, -0.00018514608025732302, -0.0003352645237092066, -0.0008156435427552339, -0.0007936261710489576, 0.0011959435995000055, 0.0015161962788640237, -0.0011659199108096287, -0.0014561489014832704, -0.000921727242794565, 0.00016513028779707189, -0.00043734506525648734, -1.0, -0.0002511981953761518, 0.0011479056975954027, -0.0002632076708523025, 0.0009597572484690421, -0.0006274950936288732, 0.0003112455727569052, 0.0007055566842238526, 0.0006054777219225969, -6.304974624979109e-05, 0.0002391887199000011, 1.7013423591213468e-05, 0.00011509080664644404, 0.0007916245918029325, 0.0002572029331142271, -0.00029122978029665406, 0.000853673548429711, -0.00042133243128828645, -0.0014821694316815967], [-0.00027321556708242805, -0.0018264410619979164, 0.0002872266218046038, 0.00017513818402719745, 6.104816700376598e-05, -0.00020916503120962438, -0.00024719503688410153, 0.00046136401620878873, -0.0009477477729928914, -7.706080097196688e-05, 0.0023928879886230235, -7.005527361087898e-06, -0.00040732137656611064, -0.0015061883826338982, 0.0006114824596606723, 0.0010838551617225992, 0.0007555961653744805, 0.0005694492954941449, -0.0002972345180347294, -0.0011238867466431015, 0.0012199625504523068, -0.0002511981953761518, -1.0, -0.0010298125220799211, 0.0019985768771560762, 0.0007595993238665307, -0.0016843289355301333, 0.0006755329955334759, -0.00011509080664644404, -0.000763602482358581, -0.000659520361565275, -0.0024068990433451995, 0.0023948895678690485, -1.301026509916324e-05, 0.0016042657656891288, -0.0007956277502949827, 0.0009017114503343138, -0.0006635235200573252, 0.00017914134251924768, -0.00042133243128828645], [-0.0004433498029945627, -3.903079529748972e-05, -0.001063839369262348, -0.0001230971236305445, 0.0009077161880723891, 0.00017313660478117236, 0.000871687761643937, -0.001834447378982017, -0.00026120609160627735, 0.0007535945861284553, -0.0014601520599753204, -4.903869152761529e-05, 9.907817267824314e-05, -0.00017113502553514723, 0.0008576767069217613, 0.0011619167523175785, 0.0007055566842238526, -0.001554226284538501, -0.0009517509314849416, 0.0011919404410079553, -0.0020005784564021013, 0.0011479056975954027, -0.0010298125220799211, -1.0, 3.903079529748972e-05, 0.0006054777219225969, 6.304974624979109e-05, 0.00039731348033598507, 0.00014311291609079565, 0.0009437446145008412, -0.0002812218840665285, -0.0008997098710882887, 5.904658775774086e-05, 0.0003692913708916335, -0.0004953908633912157, 0.0004993940218832659, 0.00034327084069330703, 0.0005434287652958184, -0.0008036340672790832, -0.00285725437370085], [0.00025920451236025223, -0.0008856988163661128, 0.00013110344061464496, 0.0019725563469577497, -9.107185569414268e-05, -0.00048137980866903987, 0.00010908606890836871, 0.0007575977446205056, -0.0003392676822012568, -0.000817645122001259, 0.0003552803161694577, -0.0008877003956121379, -0.0002952329387887043, -0.0004733734916849394, 0.0008476688106916357, 0.000431340327518412, 0.0006314982521209234, -0.0021206732111636083, 0.001536212071324275, -0.0007035551049778276, -0.0003652882123995833, -0.0002632076708523025, 0.0019985768771560762, 3.903079529748972e-05, -1.0, 0.001944534237513398, -0.0006515140445811745, 0.0008877003956121379, 0.001414115737316743, -0.0008676846031518868, 0.00048137980866903987, 0.0008997098710882887, -3.002368869037671e-06, -9.007106607113012e-06, 0.0006995519464857773, 0.00032125346898703077, 0.00021316818970167463, 0.00030123767652677963, 0.00037929926712175905, -0.0017583873676330626], [0.0008096388050171585, 0.00044935454073263804, -0.0013240446712456128, 0.0006455093068430992, -0.0012499862391426835, 0.0007015535257318024, 3.102447831338926e-05, -6.104816700376598e-05, -0.0003412692614472819, 0.0002812218840665285, 0.0011659199108096287, 0.0016723194600539826, -0.0004013166388280353, -0.00045135611997866316, -0.0007275740559301288, -0.0005634445577560695, 0.0011419009598573275, 0.0014521457429912202, -0.0008276530182313845, -0.0007455882691443549, 0.0009857777786673686, 0.0009597572484690421, 0.0007595993238665307, 0.0006054777219225969, 0.001944534237513398, -1.0, 0.0009517509314849416, -0.0013240446712456128, 0.0009837761994213434, 0.00021516976894769973, 0.0004913877048991654, 0.0013260462504916378, -0.000957755669223017, 0.00011709238589246915, 0.0013220430919995876, 0.0016402941921175808, 0.0009077161880723891, 0.0001391097575987454, 0.0013820904693803411, -0.0010358172598179964], [-0.0003652882123995833, -0.0004733734916849394, 3.502763680543949e-05, -0.00043334190676443715, -0.0008076372257711334, -0.0009817746201753184, 0.0006575187823192499, 0.0014021062618405921, -0.0001631287085510468, -6.50513254958162e-05, -0.0013860936278723914, -0.00031524873124895545, 0.00039331032184393487, -0.0005814587709702956, 0.00011108764815439382, 0.00047937822942301474, 0.0008436656521995855, -0.000799630908787033, 0.0021246763696556583, 8.506711795606734e-05, 0.000763602482358581, -0.0006274950936288732, -0.0016843289355301333, 6.304974624979109e-05, -0.0006515140445811745, 0.0009517509314849416, -1.0, 0.001716354203466535, -0.0010358172598179964, -0.0012960225618012613, 0.0007095598427159028, -0.0019345263412832725, -0.0020766384677510558, -0.000957755669223017, 0.001836448958228042, 0.002474952737710053, 0.0009497493522389165, 0.002979350707708382, -0.0006174871973987476, -0.0004253355897803367], [-0.0007275740559301288, -0.0011919404410079553, 0.00014911765382887097, -0.00026721082934435267, -6.104816700376598e-05, -0.00027521714632845317, 0.0009877793579133936, 0.0012479846598966585, -0.0012619957146188343, -0.00018314450101129793, -9.907817267824314e-05, 0.001131893063627202, 0.0006314982521209234, 0.00027721872557447824, 0.00024119029914602621, 0.000817645122001259, -0.0009477477729928914, 0.0001511192330748961, 0.0008056356465251083, 3.903079529748972e-05, -0.0014361331090230192, 0.0003112455727569052, 0.0006755329955334759, 0.00039731348033598507, 0.0008877003956121379, -0.0013240446712456128, 0.001716354203466535, -1.0, 0.00031925188974100564, -2.1016582083263697e-05, -0.0008696861823979119, -0.0007916245918029325, -4.503553303556506e-05, 0.00020916503120962438, 0.0004573608577167385, 0.000799630908787033, 0.0009437446145008412, 0.001131893063627202, 0.0008816956578740627, 5.304185001966552e-05], [0.0010318141013259462, 3.502763680543949e-05, 0.0011038709541828502, -0.0017223589412046103, -7.505922172594177e-05, -0.0007175661597000033, 0.00010508291041631847, -0.0010518298937861974, -0.0016402941921175808, 0.0013080320372774118, -0.00011709238589246915, 0.00016112712930502166, -0.0020526195167987543, 0.0007595993238665307, 0.0005474319237878686, -0.0005494335030338937, 0.00047937822942301474, -0.0002391887199000011, 0.0006715298370414257, 0.002262785337631391, 0.0018404521167200922, 0.0007055566842238526, -0.00011509080664644404, 0.00014311291609079565, 0.001414115737316743, 0.0009837761994213434, -0.0010358172598179964, 0.00031925188974100564, -1.0, 0.0008897019748581631, 0.000625493514382848, -0.0011899388617619302, -0.0015282057543401745, 0.0010758488447384987, 0.0016122720826732293, 0.0011419009598573275, 0.00010508291041631847, 0.001221964129698332, 0.000167131867043097, -0.0002812218840665285], [-0.0012259672881903823, 0.0012479846598966585, 0.0016563068260857818, 0.00015912555005899654, -0.00022717924442385042, 0.00014711607458284587, 0.0004173292727962362, -0.0013240446712456128, -0.00033126136521715633, 0.0002391887199000011, -0.0012179609712062818, -0.00041532769355021113, 0.0002251776651778253, -0.0020586242545368298, 0.0008877003956121379, 0.0016162752411652795, -0.000553436661525944, -0.0020045816148941513, 5.10402707736404e-05, 0.0007936261710489576, -0.0007575977446205056, 0.0006054777219225969, -0.000763602482358581, 0.0009437446145008412, -0.0008676846031518868, 0.00021516976894769973, -0.0012960225618012613, -2.1016582083263697e-05, 0.0008897019748581631, -1.0, -0.001696338411006284, -0.002839240160486624, -0.0009717667239451927, 0.0011599151730715535, -0.00028522504255857874, 0.00016513028779707189, -0.00022717924442385042, -0.001732366837434736, -0.0007616009031125558, -0.0016422957713636058], [0.0025490111698129826, -0.0007495914276364051, 0.0006034761426765718, -0.00020115871422552394, 0.0003412692614472819, -0.00020516187271757416, 0.0009937840956514691, 0.0002932313595426792, 0.00042133243128828645, -0.0006575187823192499, 0.00144814258449917, 0.001274005190094985, 0.0018584663299343182, 0.0011439025391033525, 0.00027521714632845317, -0.0020065831941401767, 0.0006755329955334759, -3.502763680543949e-05, 0.0004233340105343116, 0.0002531997746221769, 0.0010358172598179964, -6.304974624979109e-05, -0.000659520361565275, -0.0002812218840665285, 0.00048137980866903987, 0.0004913877048991654, 0.0007095598427159028, -0.0008696861823979119, 0.000625493514382848, -0.001696338411006284, -1.0, -0.0013780873108882909, 0.0013020272995393366, 0.0014441394260071197, -0.0007095598427159028, 0.00040531979732008557, -0.0007916245918029325, -0.00057145087474017, 0.0002712139878364029, 0.0015081899618799232], [-0.0010678425277543982, -0.00026721082934435267, -9.50750141861929e-05, 0.0007255724766841037, -0.001113878850412976, 4.503553303556506e-05, -0.0005574398200179942, 0.0009077161880723891, -0.0005094019181133914, 0.0008336577559694599, -0.0010238077843418457, 0.0020005784564021013, -0.0016543052468397565, -0.001348063622197914, -0.001664313143069882, -0.0010318141013259462, -0.0014161173165627681, -0.0005654461370020946, -0.0008756909201359873, 0.00019115081799539837, 7.305764247991666e-05, 0.0002391887199000011, -0.0024068990433451995, -0.0008997098710882887, 0.0008997098710882887, 0.0013260462504916378, -0.0019345263412832725, -0.0007916245918029325, -0.0011899388617619302, -0.002839240160486624, -0.0013780873108882909, -1.0, 0.0006635235200573252, -0.00018714765950334815, -0.0005914666672004211, -0.00047737665017698967, 0.001259994135372809, 0.00039531190108996, 0.00046136401620878873, 0.000553436661525944], [-0.0013140367750154873, -0.0008416640729535604, -0.00022117450668577508, 0.0003833024256138093, 0.0005254145520815923, 0.00018714765950334815, 0.00026120609160627735, -0.0005674477162481197, -0.0006355014106129736, 5.904658775774086e-05, -0.001682327356284108, 0.001834447378982017, 6.104816700376598e-05, 0.0007836182748188321, 0.0013840920486263661, -0.0006294966728748983, 0.0009517509314849416, -0.0008196467012472841, -0.001097866216444775, -0.0009677635654531425, -0.0008336577559694599, 1.7013423591213468e-05, 0.0023948895678690485, 5.904658775774086e-05, -3.002368869037671e-06, -0.000957755669223017, -0.0020766384677510558, -4.503553303556506e-05, -0.0015282057543401745, -0.0009717667239451927, 0.0013020272995393366, 0.0006635235200573252, -1.0, -0.0002972345180347294, -0.0010338156805719714, 0.00027721872557447824, -0.0013560699391820146, -0.00039531190108996, 0.0008196467012472841, 0.00024319187839205134], [0.0006895440502556517, 0.0010658409485083732, 0.00039331032184393487, -0.000483381387915065, -0.0016863305147761583, -0.0005154066558514668, 7.9062380217992e-05, -0.0011659199108096287, -0.00013310501986067008, -0.00037929926712175905, 0.00047737665017698967, -0.000853673548429711, 0.0006395045691050239, -0.0008997098710882887, -0.0006755329955334759, 0.0006575187823192499, 0.0018824852808866195, 0.0013200415127535626, 0.0005454303445418435, 4.303395378953995e-05, 0.0002572029331142271, 0.00011509080664644404, -1.301026509916324e-05, 0.0003692913708916335, -9.007106607113012e-06, 0.00011709238589246915, -0.000957755669223017, 0.00020916503120962438, 0.0010758488447384987, 0.0011599151730715535, 0.0014441394260071197, -0.00018714765950334815, -0.0002972345180347294, -1.0, 0.0005094019181133914, 0.0012880162448171608, -0.00016112712930502166, 0.0023568595621945715, 0.00028922820105062893, -3.903079529748972e-05], [-0.0005234129728355672, 0.000905714608826364, 0.0015382136505703, 0.0011899388617619302, 5.904658775774086e-05, 0.0013820904693803411, -0.001241979922158583, 0.001239978342912558, -0.00022918082366987552, -0.0005154066558514668, -0.0007676056408506311, 0.00127600676934101, -0.0019225168658071217, -0.00024319187839205134, 0.00043334190676443715, 0.001802422111045615, -0.0003472739991853572, -0.0003813008463677842, 0.000905714608826364, 9.107185569414268e-05, -0.00030724241426485495, 0.0007916245918029325, 0.0016042657656891288, -0.0004953908633912157, 0.0006995519464857773, 0.0013220430919995876, 0.001836448958228042, 0.0004573608577167385, 0.0016122720826732293, -0.00028522504255857874, -0.0007095598427159028, -0.0005914666672004211, -0.0010338156805719714, 0.0005094019181133914, -1.0, -0.0011258883258891265, -0.0017463778921569118, 0.0015602310222765762, 0.00028522504255857874, -0.00033126136521715633], [0.0005394256068037682, 0.0012199625504523068, -0.00026120609160627735, -0.0019865674016799253, 0.0003412692614472819, -0.000625493514382848, 0.0006735314162874508, -0.0010838551617225992, 0.0010498283145401722, -0.00016112712930502166, -0.0003172503104949805, -0.002436922732035576, 0.0005934682464464462, 0.001680325777038083, 0.001536212071324275, -0.0004253355897803367, 0.0008476688106916357, 0.00011308922740041893, 0.00014311291609079565, -0.0006395045691050239, -0.0003813008463677842, 0.0002572029331142271, -0.0007956277502949827, 0.0004993940218832659, 0.00032125346898703077, 0.0016402941921175808, 0.002474952737710053, 0.000799630908787033, 0.0011419009598573275, 0.00016513028779707189, 0.00040531979732008557, -0.00047737665017698967, 0.00027721872557447824, 0.0012880162448171608, -0.0011258883258891265, -1.0, -0.0007355803729142293, -0.00023518556140795087, -0.00012109554438451939, -0.00030123767652677963], [0.001027810942833896, 0.0010158014673577452, -0.00028922820105062893, -9.707659343221802e-05, -1.9015002837238582e-05, 0.0007876214333108823, 0.0005134050766054417, -0.0013360541467217636, -0.00026721082934435267, -0.0007575977446205056, 0.0011278899051351517, 0.00030924399351088007, -0.001348063622197914, -0.000625493514382848, -0.0007776135370807567, -0.001117882008905026, 0.001167921490055654, 0.0010898598994606744, 0.0006314982521209234, -0.002432919573543526, -0.0006735314162874508, -0.00029122978029665406, 0.0009017114503343138, 0.00034327084069330703, 0.00021316818970167463, 0.0009077161880723891, 0.0009497493522389165, 0.0009437446145008412, 0.00010508291041631847, -0.00022717924442385042, -0.0007916245918029325, 0.001259994135372809, -0.0013560699391820146, -0.00016112712930502166, -0.0017463778921569118, -0.0007355803729142293, -1.0, 0.00038530400485983443, 0.0017643921053711379, -0.00037329452938368373], [-0.0004573608577167385, 0.0028132196302882973, 0.0011559120145795032, -8.506711795606734e-05, 0.0019745579262037747, 0.0027411627774313932, -0.0006875424710096266, 0.0007095598427159028, -0.0011919404410079553, 0.0011799309655318045, -0.0011579135938255282, -0.0028092164717962473, 0.0001691334462891221, 0.0009517509314849416, -0.0012299704466824325, -2.902289906736415e-05, 0.0017764015808472886, 0.0006695282577954006, -0.0008416640729535604, -0.0006835393125175763, -0.0012179609712062818, 0.000853673548429711, -0.0006635235200573252, 0.0005434287652958184, 0.00030123767652677963, 0.0001391097575987454, 0.002979350707708382, 0.001131893063627202, 0.001221964129698332, -0.001732366837434736, -0.00057145087474017, 0.00039531190108996, -0.00039531190108996, 0.0023568595621945715, 0.0015602310222765762, -0.00023518556140795087, 0.00038530400485983443, -1.0, -0.0023428485074723955, -2.1016582083263697e-05], [-0.0002111666104556495, 0.0009457461937468662, 8.506711795606734e-05, 0.0005454303445418435, 0.00020316029347154906, -0.00043534348601046227, -5.7045008511715746e-05, -0.0003412692614472819, -0.00018914923874937325, 0.0015622326015226012, 0.00016112712930502166, -0.0016903336732682086, -0.0018824852808866195, -0.00036728979164560836, 0.0016142736619192543, 0.0012259672881903823, 0.0005013956011292911, 0.0016002626071970785, -9.50750141861929e-05, 0.001348063622197914, -0.0006875424710096266, -0.00042133243128828645, 0.00017914134251924768, -0.0008036340672790832, 0.00037929926712175905, 0.0013820904693803411, -0.0006174871973987476, 0.0008816956578740627, 0.000167131867043097, -0.0007616009031125558, 0.0002712139878364029, 0.00046136401620878873, 0.0008196467012472841, 0.00028922820105062893, 0.00028522504255857874, -0.00012109554438451939, 0.0017643921053711379, -0.0023428485074723955, -1.0, 0.0002531997746221769], [0.0006174871973987476, 0.001169923069301679, 0.0009697651446991676, -0.00022717924442385042, -0.00010508291041631847, 0.00023318398216192577, -0.0016342894543795055, 0.0020326037243385033, -0.0004973924426372408, -0.0023888848301309735, -0.0009997888333895444, -0.002510981164138505, -0.0007616009031125558, -0.000607479301168622, -0.001255990976880759, -0.00040331821807406044, 0.0015181978581100487, 0.0014961804864037727, -0.0008796940786280375, -0.00259504749247156, -0.0014641552184673707, -0.0014821694316815967, -0.00042133243128828645, -0.00285725437370085, -0.0017583873676330626, -0.0010358172598179964, -0.0004253355897803367, 5.304185001966552e-05, -0.0002812218840665285, -0.0016422957713636058, 0.0015081899618799232, 0.000553436661525944, 0.00024319187839205134, -3.903079529748972e-05, -0.00033126136521715633, -0.00030123767652677963, -0.00037329452938368373, -2.1016582083263697e-05, 0.0002531997746221769, -1.0]]}