{"connections": [[-1.0, 0.00022538693592465592, 0.0004001318693724575, -0.00022078311751766916, 0.00033567841167464295, 0.00028243425096775263, 0.0007754431525507255, -0.00012670508920098328, -0.00035689600955032103, 0.00048320076671591416, 0.0001088903136261215, -0.0009079530562648661, 2.8423574512700832e-05, 3.963287150362511e-05, -0.00026722163362292685, -9.027487398047942e-05, 0.00018115024601404406, -0.0003665039783996847, -0.00025881466087973365, 0.0006935752513134393, 0.0001080896495553412, 0.0003757116152136582, -0.0004705903076011244, 2.602158230035992e-05, 0.0008503052431686841, -0.00015332716955442844, 0.0006111068520230679, -0.00033647907574542327, 0.0006547430438805945, -0.0002263877660131313, 0.00040913934016873594, 6.465362371550964e-05, -0.00030285118477265045, 0.00016373580247457242, -0.00014231803858119925, -0.0002095738205267449, 0.00010869014760842642, 5.644681699001151e-05, -0.00015252650548364813, -0.0004960113918483991], [0.00022538693592465592, -1.0, -0.0001561294938021595, 0.0003843187539745465, -4.203486371596602e-05, 0.00026421914335750073, 0.00023799739503944573, -0.0005764781309618197, 2.7222578406530375e-05, 0.00040973983822182117, -0.0004217497992835258, 0.00018795589061567665, -9.507885840516124e-05, 0.0001647366325630478, 0.0005020163723792513, 0.00012850658336023899, 0.0003927257267177397, -0.0007009813939681572, 0.00025541183857891734, -4.4036523892916784e-05, -0.0003817165957445105, -0.00018135041203173912, -4.003320353901526e-07, 0.0002568130007027829, -0.0005166284916709919, -0.00015152567539517277, 0.00023859789309253095, -0.0006008983851206191, -0.00028944006158708035, -0.00021858129132302332, 0.0001891568867218471, 7.76644148656896e-05, -3.5229219114333425e-05, 0.00011269346796232796, -0.0003166626399936107, 6.205146548547365e-05, 0.0001241029309709473, -0.00017074161309390008, 0.00022398577380079037, 0.00031966513025903686], [0.0004001318693724575, -0.0001561294938021595, -1.0, -0.0005710736484840527, -0.00010108383893601353, 0.0002688229617644875, 0.0005260362945026606, -0.0003204657943298172, -0.0003444857164532263, -0.0002566128346850878, 0.0003619001599926979, -0.000194161037164224, -3.88322074328448e-05, -0.00024780552990650445, -0.00013711372212112726, 0.00017114194512929024, 8.827321380352865e-05, 0.0002484060279595897, 0.0002524093483134912, 0.00021397747291603656, 7.726408283029945e-05, 0.00010989114371459689, 9.187620212204002e-05, 0.0003450862145063115, 0.0004655861571587475, -0.0005568618612277023, -0.00014231803858119925, -7.866524495416499e-05, 0.00025120835220732076, -0.0003508910290194687, -0.00020817265840287935, -0.00023999905521639647, -0.0005730753086610035, -0.00010248500105987906, -0.00012390276495325222, 0.00027482794229533974, 0.0001451203628289303, -0.0005292389507857817, 0.00018775572459798156, -0.00052483529839649], [-0.00022078311751766916, 0.0003843187539745465, -0.0005710736484840527, -1.0, 9.007470796278433e-06, 0.0005122248392817003, 0.000689772096977233, 0.0005262364605203556, 0.0003837182559214613, -2.321925805262885e-05, 0.0005184299858302476, 0.000265019807428281, -0.0003038520148611258, -0.00010728898548456089, -0.00020236784388972214, 9.107553805125972e-05, 0.00030445251291421103, 0.0003773129433552188, 0.0001122931359269378, -0.00027002395787065794, -0.0006209149868901267, 0.00012190110477630147, 0.00041334282654033257, 7.246009840561762e-05, -0.0004219499653012208, 0.00014572086088201556, 0.0002636186453044155, 0.0004890055812290714, -0.0001791485858370933, 0.0003945272208769954, -0.0006105063539699827, 0.00023279307857937374, -0.00012790608530715376, -0.00034989019893099337, 0.0006335254460049165, -3.663038123819896e-05, -0.00022078311751766916, -0.0001833520722086899, -0.0005860860998111834, -0.00025140851822501585], [0.00033567841167464295, -4.203486371596602e-05, -0.00010108383893601353, 9.007470796278433e-06, -1.0, -0.0002095738205267449, 0.00035429385132028504, 4.3035693804441406e-05, -7.546258867104376e-05, 0.00014892351716513678, -8.44700594673222e-05, -0.0003118586555689289, 0.00015012451327130723, 8.006640707803052e-05, 0.00017074161309390008, -3.062540070734667e-05, 0.00018795589061567665, 0.000367304642470465, -0.00031606214194052545, 0.0001451203628289303, 0.00019135871291649294, 0.0005926915783951209, 4.383635787522171e-05, 0.0001589318180498906, 0.00047279213379577024, 0.00024620420176494387, -0.0008561100576818413, 0.00015753065592602505, -0.00022318510973001008, -0.00022158378158844945, -0.0010148417097140367, 0.00023279307857937374, 0.00046978964353034406, -0.00022818926017238698, 0.00027002395787065794, 0.00041854714300040456, 0.0006715569893669809, -0.0004491725437077512, 0.00010368599716604951, -0.0004948103957422286], [0.00028243425096775263, 0.00026421914335750073, 0.0002688229617644875, 0.0005122248392817003, -0.0002095738205267449, -1.0, -0.0002017673458366369, 0.0003801152676029499, -0.00037451061910748776, 0.00010648832141378059, 2.001660176950763e-06, -9.28770322105154e-05, 0.0006281209635271494, 0.0002958453741533228, -8.507055752040743e-05, -4.9841338406073996e-05, -0.00032446911468371866, 0.00014912368318283184, 0.0003641019861873438, 0.00011869844849318024, -2.4019922123409157e-06, 0.0004966118899014843, 0.0005554606991038367, -0.0001461211929174057, 0.0005528585408738008, 0.00025861449486203856, -0.0005182298198125525, 0.0006407314226419392, 0.00039332622477082494, 0.00046138267078715085, -7.966607504264036e-05, -0.0002460040357472488, 6.665528389246041e-05, 0.00028343508105622804, -2.982473663656637e-05, 0.00031045749344506333, 5.664698300770659e-05, -5.884880920235243e-05, 0.0002610164870743795, 5.084216849454938e-05], [0.0007754431525507255, 0.00023799739503944573, 0.0005260362945026606, 0.000689772096977233, 0.00035429385132028504, -0.0002017673458366369, -1.0, -0.0007742421564445551, 0.0004495728757431414, 2.4620420176494385e-05, 0.00043536108848679097, 0.00014712202300588107, 0.0002111751486683055, 0.00012670508920098328, -7.125910229944716e-05, -0.000359498167780357, -0.0002205829514999741, -0.0002830347490208379, -0.00029464437804715233, 8.006640707803052e-07, 0.0004517747019377872, 3.683054725589404e-05, 7.085877026405701e-05, -0.0005762779649441246, 0.00025721333273817307, 0.0003372797398162036, -0.0005204316460071984, -0.0003586975037095767, 0.00011129230583846242, 0.0005232339702549295, 0.0004265537837082076, -0.0006781624679509185, 0.0002618171511451598, 0.00020837282442057441, 0.0002001660176950763, -0.0003667041444173798, -0.00039072406654078895, -0.00046418499503488194, -0.000569472320342492, -6.945760814019148e-05], [-0.00012670508920098328, -0.0005764781309618197, -0.0003204657943298172, 0.0005262364605203556, 4.3035693804441406e-05, 0.0003801152676029499, -0.0007742421564445551, -1.0, -0.00018115024601404406, -1.401162123865534e-05, -6.045013734391304e-05, 0.0010264513387403511, -2.2018261946458392e-05, 0.0002193819553938036, 6.785627999863087e-05, 6.0650303361608115e-05, 7.906557698955514e-05, -1.2210127079399655e-05, 0.00036850563857663545, 0.0005990968909613633, 0.0004611825047694558, 0.00044817171361927584, 0.0002472050318534192, 0.0010024314166169421, -0.00016493679858074287, -0.00010848998159073136, 0.00034408538441783616, -2.1417763893373163e-05, 0.0001891568867218471, -0.00022558710194235098, -0.0001933603730934437, -0.00017754725769553268, -0.0005546600350330564, 0.00011689695433392456, 0.00016753895681077886, -0.00015312700353673338, -0.00022919009026086236, -0.0003979300431778117, -0.00024260121344643246, 3.402822300816297e-05], [-0.00035689600955032103, 2.7222578406530375e-05, -0.0003444857164532263, 0.0003837182559214613, -7.546258867104376e-05, -0.00037451061910748776, 0.0004495728757431414, -0.00018115024601404406, -1.0, 0.00012009961061704578, -5.0041504423769075e-05, -7.966607504264036e-05, -1.5212617344825799e-05, -9.407802831668586e-05, 8.547088955579757e-05, 0.0005470537263606435, 5.804814513157212e-06, 0.0005450520661836927, 0.0003424840562762755, 0.00011789778442239993, 0.00044797154760158075, 0.00015272667150134322, 0.0001535273355721235, 0.0003450862145063115, 0.00023779722902175063, 3.402822300816297e-05, -0.0004389640768053023, -2.381975610571408e-05, 0.0008777279875929096, 0.00027763026654307083, 0.00044797154760158075, -0.00017954891787248345, -0.00017434460141241146, -0.0002846360771623985, 0.0002988478644187489, 0.0005442514021129125, -6.58546198216801e-05, 0.00045918084459250504, -0.0003975297111424215, -0.000579680787244941], [0.00048320076671591416, 0.00040973983822182117, -0.0002566128346850878, -2.321925805262885e-05, 0.00014892351716513678, 0.00010648832141378059, 2.4620420176494385e-05, -1.401162123865534e-05, 0.00012009961061704578, -1.0, 0.00019356053911113877, -4.864034229990354e-05, 0.0002347947387563245, 7.986624106033544e-05, 0.00016853978689925425, -1.3210957167875035e-05, 0.0001012840049537086, 0.0005124250052993953, 0.00024059955326948172, -0.00027262611610069393, -0.0002636186453044155, 0.00022418593981848544, 0.00044637021946002017, 4.503735398139217e-05, 0.0006939755833488295, 0.000558663355386958, 0.0003619001599926979, 0.0003586975037095767, 0.00011249330194463288, 0.0002734267801714742, 0.0003336767514976922, 0.00044236689910611863, -0.00024059955326948172, 0.0004633843309641016, -0.0005788801231741607, 0.00042675394972590267, -0.00013771422017421248, 0.0007248011500738713, -1.1809795044009502e-05, 7.225993238792254e-05], [0.0001088903136261215, -0.0004217497992835258, 0.0003619001599926979, 0.0005184299858302476, -8.44700594673222e-05, 2.001660176950763e-06, 0.00043536108848679097, -6.045013734391304e-05, -5.0041504423769075e-05, 0.00019356053911113877, -1.0, -0.0009141582028134134, 0.0006387297624649885, -0.00018515356636794556, 0.000994424775909139, -0.0003022506867195652, -0.0007334082888347596, 0.0003887224063638382, -0.0002742274442422545, 0.00028903972955169016, 8.386956141423696e-05, -9.607968849363663e-05, -8.527072353810251e-05, 5.74476470784869e-05, -0.0001663379607046084, 2.0216767787202706e-05, 0.00019976568565968614, -0.00032306795255985317, -0.00019776402548273537, 0.00011089197380307227, -0.00023919839114561618, 0.0001933603730934437, -7.486209061795853e-05, 0.0005070205228216283, 0.00035189185910794414, 0.00025861449486203856, -0.00021017431857983012, -0.00029764686831257846, -0.00015512866371368412, -0.00010308549911296429], [-0.0009079530562648661, 0.00018795589061567665, -0.000194161037164224, 0.000265019807428281, -0.0003118586555689289, -9.28770322105154e-05, 0.00014712202300588107, 0.0010264513387403511, -7.966607504264036e-05, -4.864034229990354e-05, -0.0009141582028134134, -1.0, 0.0003596983337980521, 0.0008801299798052505, 0.0003106576594627584, 0.00021898162335841348, -0.00025461117450813707, 0.00017454476743010652, -7.205976637022747e-06, 0.00023179224849089836, 0.00030285118477265045, -0.00035789683963879644, -0.000388322074328448, 0.00035489434937337026, -0.00012029977663474086, 0.000514226499458651, 0.00031906463220595163, -0.00024620420176494387, 0.00013571255999726174, 0.00040753801202717536, -0.00042375145946047654, -0.000608504693793032, 0.00021978228742919377, 0.0001715422771646804, -0.00014291853663428447, 0.0003378802378692888, -0.0003807157656560351, 0.00017874825380170313, 0.00021077481663291534, -0.0003100571614096732], [2.8423574512700832e-05, -9.507885840516124e-05, -3.88322074328448e-05, -0.0003038520148611258, 0.00015012451327130723, 0.0006281209635271494, 0.0002111751486683055, -2.2018261946458392e-05, -1.5212617344825799e-05, 0.0002347947387563245, 0.0006387297624649885, 0.0003596983337980521, -1.0, -7.105893628175209e-05, 5.564615291923121e-05, 0.0002958453741533228, 0.0001561294938021595, 0.0001773470916778376, 0.0002982473663656637, -0.0005068203568039331, -0.00027562860636612006, -0.0001164966222985344, 2.2818926017238696e-05, 0.00011029147574998705, 0.00023239274654398358, 1.2610459114789807e-05, -0.00041154133238107684, 0.00023419424070323926, -0.00020456967008436797, -0.00037110779680667145, 0.00020757216034979412, -0.0004803984424681831, 0.0001301079115017996, -0.0002195821214114987, -5.044183645915923e-05, -0.00029504471008254246, -0.00020577066619053842, 0.00013631305805034697, 0.0001715422771646804, -0.00029404387999406705], [3.963287150362511e-05, 0.0001647366325630478, -0.00024780552990650445, -0.00010728898548456089, 8.006640707803052e-05, 0.0002958453741533228, 0.00012670508920098328, 0.0002193819553938036, -9.407802831668586e-05, 7.986624106033544e-05, -0.00018515356636794556, 0.0008801299798052505, -7.105893628175209e-05, -1.0, -0.00017014111504081486, 0.0003859200821161071, -0.00010688865344917075, 0.0004111410003456867, -6.685544991015549e-05, -0.0004819997706097437, 0.0003901235684877037, -0.00010168433698909876, -4.2835527786746327e-05, -0.0002736269461891693, -0.00020396917203128274, -0.000267621965658317, -0.0005912904162712554, 0.00032466928070141375, 0.0007610311992766801, 4.6038184069867545e-05, 5.7047315043096744e-05, -0.00011089197380307227, 8.006640707803052e-05, 0.00015072501132439245, -5.124250052993953e-05, -1.241029309709473e-05, -0.00021497830300451194, -0.00034568671255939674, 8.907387787430895e-05, 0.00019636286335886986], [-0.00026722163362292685, 0.0005020163723792513, -0.00013711372212112726, -0.00020236784388972214, 0.00017074161309390008, -8.507055752040743e-05, -7.125910229944716e-05, 6.785627999863087e-05, 8.547088955579757e-05, 0.00016853978689925425, 0.000994424775909139, 0.0003106576594627584, 5.564615291923121e-05, -0.00017014111504081486, -1.0, -0.0003312747592853513, 0.00024440270760568814, 0.0002764292704369004, -0.00019235954300496832, -0.0006391300945003786, 8.086707114881083e-05, -6.205146548547365e-06, 5.5445986901536135e-05, 1.241029309709473e-05, 0.0006445345769781457, 3.3227558937382664e-05, 0.0004501733737962266, -1.8014941592556868e-06, 0.00033047409521457096, -3.823170937975957e-05, -0.0005924914123774258, 6.825661203402102e-05, -0.0001427183706165894, -0.000217780627252243, -0.00016193430831531672, 0.00013190940566105527, 0.00014391936672275985, -0.0002313919164555082, -0.0003843187539745465, 0.0002025680099074172], [-9.027487398047942e-05, 0.00012850658336023899, 0.00017114194512929024, 9.107553805125972e-05, -3.062540070734667e-05, -4.9841338406073996e-05, -0.000359498167780357, 6.0650303361608115e-05, 0.0005470537263606435, -1.3210957167875035e-05, -0.0003022506867195652, 0.00021898162335841348, 0.0002958453741533228, 0.0003859200821161071, -0.0003312747592853513, -1.0, -0.0005582630233515678, 0.0003208661263652073, 0.00013871505026268787, 0.0008076698813996329, 0.0002770297684899856, -0.0003837182559214613, 5.3844658759975526e-05, 0.0002962457061887129, 4.003320353901526e-07, 5.044183645915923e-05, -0.0001603329801737561, 0.00014431969875815001, 0.00026562030548136627, 0.00035729634158571116, 3.0425234689651597e-05, -0.0005102231791047494, -8.146756920189605e-05, 0.0004856027589282551, 7.906557698955514e-05, 0.00025321001238427153, -4.6238350087562625e-05, -4.884050831759862e-05, 5.6847149025401665e-05, 0.00010648832141378059], [0.00018115024601404406, 0.0003927257267177397, 8.827321380352865e-05, 0.00030445251291421103, 0.00018795589061567665, -0.00032446911468371866, -0.0002205829514999741, 7.906557698955514e-05, 5.804814513157212e-06, 0.0001012840049537086, -0.0007334082888347596, -0.00025461117450813707, 0.0001561294938021595, -0.00010688865344917075, 0.00024440270760568814, -0.0005582630233515678, -1.0, 3.9032373450539876e-05, 0.000645535407066621, 0.0003048528449496012, -0.00014451986477584508, -0.0002932432159232868, -1.1409463008619348e-05, -0.0001453205288466254, -0.0005104233451224446, 0.00033908123397545926, 0.0008040668930811215, -0.0007536250566219623, 0.00012470342902403254, -0.0002263877660131313, -1.5212617344825799e-05, -0.00022838942619008204, -0.00023599573486249496, 0.0001401162123865534, -0.00010428649521913475, 0.00035009036494868846, 0.0004273544477789879, 0.0003446858824709214, -0.0003947273868946905, 0.0003943270548593003], [-0.0003665039783996847, -0.0007009813939681572, 0.0002484060279595897, 0.0003773129433552188, 0.000367304642470465, 0.00014912368318283184, -0.0002830347490208379, -1.2210127079399655e-05, 0.0005450520661836927, 0.0005124250052993953, 0.0003887224063638382, 0.00017454476743010652, 0.0001773470916778376, 0.0004111410003456867, 0.0002764292704369004, 0.0003208661263652073, 3.9032373450539876e-05, -1.0, -0.000173143605306241, 0.0002135771408806464, -0.0002193819553938036, 0.0004629839989287115, 0.0003781136074259991, 0.0005656691660062856, -0.0004551775242386035, 0.00013451156389109126, 0.000267621965658317, -0.0005598643514931284, 0.0007900552718424662, 0.0002764292704369004, -4.003320353901526e-07, -9.427819433438094e-05, 6.50539557508998e-05, -0.00018095007999634896, -0.0001579309879614152, 7.866524495416499e-05, -0.0001823512421202145, 0.00025020752211884535, -0.0002770297684899856, 0.0001933603730934437], [-0.00025881466087973365, 0.00025541183857891734, 0.0002524093483134912, 0.0001122931359269378, -0.00031606214194052545, 0.0003641019861873438, -0.00029464437804715233, 0.00036850563857663545, 0.0003424840562762755, 0.00024059955326948172, -0.0002742274442422545, -7.205976637022747e-06, 0.0002982473663656637, -6.685544991015549e-05, -0.00019235954300496832, 0.00013871505026268787, 0.000645535407066621, -0.000173143605306241, -1.0, 0.0002127764768098661, 0.0003178636360997812, -0.000390924232558484, -0.00022959042229625252, 7.00581061932767e-05, -4.363619185752663e-05, -0.0003362789097277282, 0.000191558878934188, -0.00019275987504035848, 0.0003132598176927944, -0.00044456872530076444, 0.00018975738477493233, -0.00012029977663474086, -0.0002988478644187489, -0.0003258702768075842, 7.666358477721422e-05, 9.507885840516124e-05, -0.00010068350690062338, -0.00025541183857891734, -0.0002261875999954362, -0.00034748820671865247], [0.0006935752513134393, -4.4036523892916784e-05, 0.00021397747291603656, -0.00027002395787065794, 0.0001451203628289303, 0.00011869844849318024, 8.006640707803052e-07, 0.0005990968909613633, 0.00011789778442239993, -0.00027262611610069393, 0.00028903972955169016, 0.00023179224849089836, -0.0005068203568039331, -0.0004819997706097437, -0.0006391300945003786, 0.0008076698813996329, 0.0003048528449496012, 0.0002135771408806464, 0.0002127764768098661, -1.0, 0.0001393155483157731, 0.000244002375570298, 6.465362371550964e-05, -0.00013050824353718975, 0.00023699656495097034, 5.204316460071984e-05, -0.00017754725769553268, 0.0006515403875974734, 5.06420024768543e-05, 0.00035489434937337026, 0.00046398482901718684, 0.0003785139394613893, -0.0004509740378670069, 0.00022818926017238698, -6.825661203402102e-05, -2.6622080353445147e-05, -0.0009053508980348301, 0.00030505301096729625, -0.0002001660176950763, 0.00031906463220595163], [0.0001080896495553412, -0.0003817165957445105, 7.726408283029945e-05, -0.0006209149868901267, 0.00019135871291649294, -2.4019922123409157e-06, 0.0004517747019377872, 0.0004611825047694558, 0.00044797154760158075, -0.0002636186453044155, 8.386956141423696e-05, 0.00030285118477265045, -0.00027562860636612006, 0.0003901235684877037, 8.086707114881083e-05, 0.0002770297684899856, -0.00014451986477584508, -0.0002193819553938036, 0.0003178636360997812, 0.0001393155483157731, -1.0, 0.00020577066619053842, 0.0007314066286578087, -9.387786229899078e-05, 0.0006803642941455644, -0.00012670508920098328, -5.3644492742280446e-05, -8.487039150271235e-05, -0.0002169799631814627, 4.4036523892916784e-05, -0.00021998245344688884, -0.00018295174017329973, 0.0001537275015898186, 0.0003032515168080406, -0.00035229219114333427, -5.6847149025401665e-05, 0.0003346775815861676, -0.0005910902502535603, -7.746424884799453e-05, -0.00013351073380261588], [0.0003757116152136582, -0.00018135041203173912, 0.00010989114371459689, 0.00012190110477630147, 0.0005926915783951209, 0.0004966118899014843, 3.683054725589404e-05, 0.00044817171361927584, 0.00015272667150134322, 0.00022418593981848544, -9.607968849363663e-05, -0.00035789683963879644, -0.0001164966222985344, -0.00010168433698909876, -6.205146548547365e-06, -0.0003837182559214613, -0.0002932432159232868, 0.0004629839989287115, -0.000390924232558484, 0.000244002375570298, 0.00020577066619053842, -1.0, 9.467852636977108e-05, 0.00026381881132211054, -2.001660176950763e-05, 9.487869238746616e-05, 1.9816435751812554e-05, -0.0003953278849477757, -0.000466987319282613, 0.0005422497419359616, 0.00036550314831120933, -0.00033327641946230205, -0.0003404823960993248, 0.00034148322618780016, -0.0008216815026382882, 0.0002500073561011503, -0.0005502563826437647, -0.00015092517734208752, -6.645511787476533e-05, -0.00014732218902357617], [-0.0004705903076011244, -4.003320353901526e-07, 9.187620212204002e-05, 0.00041334282654033257, 4.383635787522171e-05, 0.0005554606991038367, 7.085877026405701e-05, 0.0002472050318534192, 0.0001535273355721235, 0.00044637021946002017, -8.527072353810251e-05, -0.000388322074328448, 2.2818926017238696e-05, -4.2835527786746327e-05, 5.5445986901536135e-05, 5.3844658759975526e-05, -1.1409463008619348e-05, 0.0003781136074259991, -0.00022959042229625252, 6.465362371550964e-05, 0.0007314066286578087, 9.467852636977108e-05, -1.0, -0.00010408632920143967, 0.00010368599716604951, -0.0001697407830054247, 0.00013030807751949466, -0.00047499395999041604, 0.0005538593709622761, 0.0002720256180476087, 0.00011809795044009501, 0.00012510376105942267, -9.027487398047942e-05, -0.0003314749253030463, -0.0002347947387563245, 0.00033647907574542327, 7.306059645870284e-05, 6.125080141469334e-05, 0.0004595811766278952, 0.0002550115065435272], [2.602158230035992e-05, 0.0002568130007027829, 0.0003450862145063115, 7.246009840561762e-05, 0.0001589318180498906, -0.0001461211929174057, -0.0005762779649441246, 0.0010024314166169421, 0.0003450862145063115, 4.503735398139217e-05, 5.74476470784869e-05, 0.00035489434937337026, 0.00011029147574998705, -0.0002736269461891693, 1.241029309709473e-05, 0.0002962457061887129, -0.0001453205288466254, 0.0005656691660062856, 7.00581061932767e-05, -0.00013050824353718975, -9.387786229899078e-05, 0.00026381881132211054, -0.00010408632920143967, -1.0, 0.0003701069667181961, 0.00016153397627992658, -0.00014492019681123524, 0.0004864034229990354, 0.0002009666817658566, 0.00025140851822501585, -0.0005486550545022042, -0.00010008300884753815, 0.0004299566060090239, 0.0003176634700820861, -0.000270224123888353, 0.00014972418123591707, 3.202656283121221e-05, 0.0003176634700820861, 0.0005318411090158178, 0.0005930919104305111], [0.0008503052431686841, -0.0005166284916709919, 0.0004655861571587475, -0.0004219499653012208, 0.00047279213379577024, 0.0005528585408738008, 0.00025721333273817307, -0.00016493679858074287, 0.00023779722902175063, 0.0006939755833488295, -0.0001663379607046084, -0.00012029977663474086, 0.00023239274654398358, -0.00020396917203128274, 0.0006445345769781457, 4.003320353901526e-07, -0.0005104233451224446, -0.0004551775242386035, -4.363619185752663e-05, 0.00023699656495097034, 0.0006803642941455644, -2.001660176950763e-05, 0.00010368599716604951, 0.0003701069667181961, -1.0, 0.000766035349719057, 0.0007482205741441951, -2.8423574512700832e-05, 8.126740318420097e-05, -0.00017694675964244745, 0.0004874042530875108, -0.00020497000211975813, -5.3644492742280446e-05, -5.464532283075583e-05, 4.884050831759862e-05, 0.0010308549911296429, 0.00012770591928945867, -0.0003861202481338022, -0.00014872335114744168, -0.00029524487610023756], [-0.00015332716955442844, -0.00015152567539517277, -0.0005568618612277023, 0.00014572086088201556, 0.00024620420176494387, 0.00025861449486203856, 0.0003372797398162036, -0.00010848998159073136, 3.402822300816297e-05, 0.000558663355386958, 2.0216767787202706e-05, 0.000514226499458651, 1.2610459114789807e-05, -0.000267621965658317, 3.3227558937382664e-05, 5.044183645915923e-05, 0.00033908123397545926, 0.00013451156389109126, -0.0003362789097277282, 5.204316460071984e-05, -0.00012670508920098328, 9.487869238746616e-05, -0.0001697407830054247, 0.00016153397627992658, 0.000766035349719057, -1.0, 0.0002498071900834552, 0.0005136260014055658, -2.0817265840287935e-05, 0.00011369429805080333, -0.00018515356636794556, 0.0004391642428229974, -0.0007246009840561762, 0.0005662696640593709, -0.00018695506052720127, -7.846507893646991e-05, 6.16511334500835e-05, -9.7080518582112e-05, -0.0003612996619396127, -0.0006391300945003786], [0.0006111068520230679, 0.00023859789309253095, -0.00014231803858119925, 0.0002636186453044155, -0.0008561100576818413, -0.0005182298198125525, -0.0005204316460071984, 0.00034408538441783616, -0.0004389640768053023, 0.0003619001599926979, 0.00019976568565968614, 0.00031906463220595163, -0.00041154133238107684, -0.0005912904162712554, 0.0004501733737962266, -0.0001603329801737561, 0.0008040668930811215, 0.000267621965658317, 0.000191558878934188, -0.00017754725769553268, -5.3644492742280446e-05, 1.9816435751812554e-05, 0.00013030807751949466, -0.00014492019681123524, 0.0007482205741441951, 0.0002498071900834552, -1.0, 9.407802831668587e-06, 0.00028003225875541173, 6.305229557394903e-05, 0.0007137920191006421, -0.0004053361858325295, -0.0005610653475992989, 0.00022738859610160666, 0.0006615486884822272, -0.000154728331678294, -0.0005726749766256133, -0.0003210662923829024, -3.5229219114333425e-05, -0.00041514432069958825], [-0.00033647907574542327, -0.0006008983851206191, -7.866524495416499e-05, 0.0004890055812290714, 0.00015753065592602505, 0.0006407314226419392, -0.0003586975037095767, -2.1417763893373163e-05, -2.381975610571408e-05, 0.0003586975037095767, -0.00032306795255985317, -0.00024620420176494387, 0.00023419424070323926, 0.00032466928070141375, -1.8014941592556868e-06, 0.00014431969875815001, -0.0007536250566219623, -0.0005598643514931284, -0.00019275987504035848, 0.0006515403875974734, -8.487039150271235e-05, -0.0003953278849477757, -0.00047499395999041604, 0.0004864034229990354, -2.8423574512700832e-05, 0.0005136260014055658, 9.407802831668587e-06, -1.0, 0.0002371967309686654, 0.0006711566573315909, 0.0002041693380489778, -0.0008633160343188641, -0.0003588976697272718, 3.482888707894327e-05, -0.00012870674937793405, -0.0003308744272499611, -0.0006211151529078217, 3.88322074328448e-05, -9.768101663519724e-05, 0.00020136701380124675], [0.0006547430438805945, -0.00028944006158708035, 0.00025120835220732076, -0.0001791485858370933, -0.00022318510973001008, 0.00039332622477082494, 0.00011129230583846242, 0.0001891568867218471, 0.0008777279875929096, 0.00011249330194463288, -0.00019776402548273537, 0.00013571255999726174, -0.00020456967008436797, 0.0007610311992766801, 0.00033047409521457096, 0.00026562030548136627, 0.00012470342902403254, 0.0007900552718424662, 0.0003132598176927944, 5.06420024768543e-05, -0.0002169799631814627, -0.000466987319282613, 0.0005538593709622761, 0.0002009666817658566, 8.126740318420097e-05, -2.0817265840287935e-05, 0.00028003225875541173, 0.0002371967309686654, -1.0, 0.0001038861631837446, 0.00025300984636657644, 0.00033888106795776417, -0.00011389446406849841, -1.2009961061704578e-05, -0.0005858859337934884, 0.00027562860636612006, 0.0002540106764550518, 0.0001317092396433602, 0.00018175074406712928, 0.00044276723114150876], [-0.0002263877660131313, -0.00021858129132302332, -0.0003508910290194687, 0.0003945272208769954, -0.00022158378158844945, 0.00046138267078715085, 0.0005232339702549295, -0.00022558710194235098, 0.00027763026654307083, 0.0002734267801714742, 0.00011089197380307227, 0.00040753801202717536, -0.00037110779680667145, 4.6038184069867545e-05, -3.823170937975957e-05, 0.00035729634158571116, -0.0002263877660131313, 0.0002764292704369004, -0.00044456872530076444, 0.00035489434937337026, 4.4036523892916784e-05, 0.0005422497419359616, 0.0002720256180476087, 0.00025140851822501585, -0.00017694675964244745, 0.00011369429805080333, 6.305229557394903e-05, 0.0006711566573315909, 0.0001038861631837446, -1.0, 0.000375111117160573, 0.0004525753660085675, -0.000120700108670131, 0.0003967290470716412, 0.00026121665309207455, -0.00035449401733798013, 0.00014632135893510078, 0.0003378802378692888, 0.00024260121344643246, 0.0008230826647621537], [0.00040913934016873594, 0.0001891568867218471, -0.00020817265840287935, -0.0006105063539699827, -0.0010148417097140367, -7.966607504264036e-05, 0.0004265537837082076, -0.0001933603730934437, 0.00044797154760158075, 0.0003336767514976922, -0.00023919839114561618, -0.00042375145946047654, 0.00020757216034979412, 5.7047315043096744e-05, -0.0005924914123774258, 3.0425234689651597e-05, -1.5212617344825799e-05, -4.003320353901526e-07, 0.00018975738477493233, 0.00046398482901718684, -0.00021998245344688884, 0.00036550314831120933, 0.00011809795044009501, -0.0005486550545022042, 0.0004874042530875108, -0.00018515356636794556, 0.0007137920191006421, 0.0002041693380489778, 0.00025300984636657644, 0.000375111117160573, -1.0, 0.0003370795737985085, 0.0007201973316668845, -0.00014832301911205152, 0.0005268369585734408, -4.64385161052577e-05, 0.0006313236198102706, 3.0024902654261446e-06, -0.00025361034441966166, 7.826491291877483e-05], [6.465362371550964e-05, 7.76644148656896e-05, -0.00023999905521639647, 0.00023279307857937374, 0.00023279307857937374, -0.0002460040357472488, -0.0006781624679509185, -0.00017754725769553268, -0.00017954891787248345, 0.00044236689910611863, 0.0001933603730934437, -0.000608504693793032, -0.0004803984424681831, -0.00011089197380307227, 6.825661203402102e-05, -0.0005102231791047494, -0.00022838942619008204, -9.427819433438094e-05, -0.00012029977663474086, 0.0003785139394613893, -0.00018295174017329973, -0.00033327641946230205, 0.00012510376105942267, -0.00010008300884753815, -0.00020497000211975813, 0.0004391642428229974, -0.0004053361858325295, -0.0008633160343188641, 0.00033888106795776417, 0.0004525753660085675, 0.0003370795737985085, -1.0, 0.0007704390021083487, -0.00019616269734117476, 0.000367304642470465, 0.0002956452081356277, -0.00032206712247137776, -0.0002766294364545954, -0.00019736369344734524, 0.0004743934619373308], [-0.00030285118477265045, -3.5229219114333425e-05, -0.0005730753086610035, -0.00012790608530715376, 0.00046978964353034406, 6.665528389246041e-05, 0.0002618171511451598, -0.0005546600350330564, -0.00017434460141241146, -0.00024059955326948172, -7.486209061795853e-05, 0.00021978228742919377, 0.0001301079115017996, 8.006640707803052e-05, -0.0001427183706165894, -8.146756920189605e-05, -0.00023599573486249496, 6.50539557508998e-05, -0.0002988478644187489, -0.0004509740378670069, 0.0001537275015898186, -0.0003404823960993248, -9.027487398047942e-05, 0.0004299566060090239, -5.3644492742280446e-05, -0.0007246009840561762, -0.0005610653475992989, -0.0003588976697272718, -0.00011389446406849841, -0.000120700108670131, 0.0007201973316668845, 0.0007704390021083487, -1.0, 0.00017614609557166713, 0.0011987942799758118, -1.5012451327130723e-05, -0.00028643757132165417, -0.0001461211929174057, 0.0004607821727340656, 0.0003326759214092168], [0.00016373580247457242, 0.00011269346796232796, -0.00010248500105987906, -0.00034989019893099337, -0.00022818926017238698, 0.00028343508105622804, 0.00020837282442057441, 0.00011689695433392456, -0.0002846360771623985, 0.0004633843309641016, 0.0005070205228216283, 0.0001715422771646804, -0.0002195821214114987, 0.00015072501132439245, -0.000217780627252243, 0.0004856027589282551, 0.0001401162123865534, -0.00018095007999634896, -0.0003258702768075842, 0.00022818926017238698, 0.0003032515168080406, 0.00034148322618780016, -0.0003314749253030463, 0.0003176634700820861, -5.464532283075583e-05, 0.0005662696640593709, 0.00022738859610160666, 3.482888707894327e-05, -1.2009961061704578e-05, 0.0003967290470716412, -0.00014832301911205152, -0.00019616269734117476, 0.00017614609557166713, -1.0, 9.047503999817448e-05, 0.000241400217340262, -0.000417145980876539, 0.0011695700413923307, 1.401162123865534e-06, -0.0004389640768053023], [-0.00014231803858119925, -0.0003166626399936107, -0.00012390276495325222, 0.0006335254460049165, 0.00027002395787065794, -2.982473663656637e-05, 0.0002001660176950763, 0.00016753895681077886, 0.0002988478644187489, -0.0005788801231741607, 0.00035189185910794414, -0.00014291853663428447, -5.044183645915923e-05, -5.124250052993953e-05, -0.00016193430831531672, 7.906557698955514e-05, -0.00010428649521913475, -0.0001579309879614152, 7.666358477721422e-05, -6.825661203402102e-05, -0.00035229219114333427, -0.0008216815026382882, -0.0002347947387563245, -0.000270224123888353, 4.884050831759862e-05, -0.00018695506052720127, 0.0006615486884822272, -0.00012870674937793405, -0.0005858859337934884, 0.00026121665309207455, 0.0005268369585734408, 0.000367304642470465, 0.0011987942799758118, 9.047503999817448e-05, -1.0, -0.00025881466087973365, 0.0011219305291809026, 0.00013130890760797005, -0.0002494068580480651, 0.00027222578406530375], [-0.0002095738205267449, 6.205146548547365e-05, 0.00027482794229533974, -3.663038123819896e-05, 0.00041854714300040456, 0.00031045749344506333, -0.0003667041444173798, -0.00015312700353673338, 0.0005442514021129125, 0.00042675394972590267, 0.00025861449486203856, 0.0003378802378692888, -0.00029504471008254246, -1.241029309709473e-05, 0.00013190940566105527, 0.00025321001238427153, 0.00035009036494868846, 7.866524495416499e-05, 9.507885840516124e-05, -2.6622080353445147e-05, -5.6847149025401665e-05, 0.0002500073561011503, 0.00033647907574542327, 0.00014972418123591707, 0.0010308549911296429, -7.846507893646991e-05, -0.000154728331678294, -0.0003308744272499611, 0.00027562860636612006, -0.00035449401733798013, -4.64385161052577e-05, 0.0002956452081356277, -1.5012451327130723e-05, 0.000241400217340262, -0.00025881466087973365, -1.0, -0.0007836499592762238, -0.00011249330194463288, -0.0006413319206950244, 0.0001917590449518831], [0.00010869014760842642, 0.0001241029309709473, 0.0001451203628289303, -0.00022078311751766916, 0.0006715569893669809, 5.664698300770659e-05, -0.00039072406654078895, -0.00022919009026086236, -6.58546198216801e-05, -0.00013771422017421248, -0.00021017431857983012, -0.0003807157656560351, -0.00020577066619053842, -0.00021497830300451194, 0.00014391936672275985, -4.6238350087562625e-05, 0.0004273544477789879, -0.0001823512421202145, -0.00010068350690062338, -0.0009053508980348301, 0.0003346775815861676, -0.0005502563826437647, 7.306059645870284e-05, 3.202656283121221e-05, 0.00012770591928945867, 6.16511334500835e-05, -0.0005726749766256133, -0.0006211151529078217, 0.0002540106764550518, 0.00014632135893510078, 0.0006313236198102706, -0.00032206712247137776, -0.00028643757132165417, -0.000417145980876539, 0.0011219305291809026, -0.0007836499592762238, -1.0, -0.0007778451447630664, 4.323585982213648e-05, -0.0004027340276024935], [5.644681699001151e-05, -0.00017074161309390008, -0.0005292389507857817, -0.0001833520722086899, -0.0004491725437077512, -5.884880920235243e-05, -0.00046418499503488194, -0.0003979300431778117, 0.00045918084459250504, 0.0007248011500738713, -0.00029764686831257846, 0.00017874825380170313, 0.00013631305805034697, -0.00034568671255939674, -0.0002313919164555082, -4.884050831759862e-05, 0.0003446858824709214, 0.00025020752211884535, -0.00025541183857891734, 0.00030505301096729625, -0.0005910902502535603, -0.00015092517734208752, 6.125080141469334e-05, 0.0003176634700820861, -0.0003861202481338022, -9.7080518582112e-05, -0.0003210662923829024, 3.88322074328448e-05, 0.0001317092396433602, 0.0003378802378692888, 3.0024902654261446e-06, -0.0002766294364545954, -0.0001461211929174057, 0.0011695700413923307, 0.00013130890760797005, -0.00011249330194463288, -0.0007778451447630664, -1.0, 0.0002844359111447034, 0.0006819656222871249], [-0.00015252650548364813, 0.00022398577380079037, 0.00018775572459798156, -0.0005860860998111834, 0.00010368599716604951, 0.0002610164870743795, -0.000569472320342492, -0.00024260121344643246, -0.0003975297111424215, -1.1809795044009502e-05, -0.00015512866371368412, 0.00021077481663291534, 0.0001715422771646804, 8.907387787430895e-05, -0.0003843187539745465, 5.6847149025401665e-05, -0.0003947273868946905, -0.0002770297684899856, -0.0002261875999954362, -0.0002001660176950763, -7.746424884799453e-05, -6.645511787476533e-05, 0.0004595811766278952, 0.0005318411090158178, -0.00014872335114744168, -0.0003612996619396127, -3.5229219114333425e-05, -9.768101663519724e-05, 0.00018175074406712928, 0.00024260121344643246, -0.00025361034441966166, -0.00019736369344734524, 0.0004607821727340656, 1.401162123865534e-06, -0.0002494068580480651, -0.0006413319206950244, 4.323585982213648e-05, 0.0002844359111447034, -1.0, 6.105063539699827e-05], [-0.0004960113918483991, 0.00031966513025903686, -0.00052483529839649, -0.00025140851822501585, -0.0004948103957422286, 5.084216849454938e-05, -6.945760814019148e-05, 3.402822300816297e-05, -0.000579680787244941, 7.225993238792254e-05, -0.00010308549911296429, -0.0003100571614096732, -0.00029404387999406705, 0.00019636286335886986, 0.0002025680099074172, 0.00010648832141378059, 0.0003943270548593003, 0.0001933603730934437, -0.00034748820671865247, 0.00031906463220595163, -0.00013351073380261588, -0.00014732218902357617, 0.0002550115065435272, 0.0005930919104305111, -0.00029524487610023756, -0.0006391300945003786, -0.00041514432069958825, 0.00020136701380124675, 0.00044276723114150876, 0.0008230826647621537, 7.826491291877483e-05, 0.0004743934619373308, 0.0003326759214092168, -0.0004389640768053023, 0.00027222578406530375, 0.0001917590449518831, -0.0004027340276024935, 0.0006819656222871249, 6.105063539699827e-05, -1.0]]}