{"connections": [[-9991706.0, 2252.0, 3998.0, -2206.0, 3354.0, 2822.0, 7748.0, -1266.0, -3566.0, 4828.0, 1088.0, -9072.0, 284.0, 396.0, -2670.0, -902.0, 1810.0, -3662.0, -2586.0, 6930.0, 1080.0, 3754.0, -4702.0, 260.0, 8496.0, -1532.0, 6106.0, -3362.0, 6542.0, -2262.0, 4088.0, 646.0, -3026.0, 1636.0, -1422.0, -2094.0, 1086.0, 564.0, -1524.0, -4956.0], [2252.0, -9991706.0, -1560.0, 3840.0, -420.0, 2640.0, 2378.0, -5760.0, 272.0, 4094.0, -4214.0, 1878.0, -950.0, 1646.0, 5016.0, 1284.0, 3924.0, -7004.0, 2552.0, -440.0, -3814.0, -1812.0, -4.0, 2566.0, -5162.0, -1514.0, 2384.0, -6004.0, -2892.0, -2184.0, 1890.0, 776.0, -352.0, 1126.0, -3164.0, 620.0, 1240.0, -1706.0, 2238.0, 3194.0], [3998.0, -1560.0, -9991706.0, -5706.0, -1010.0, 2686.0, 5256.0, -3202.0, -3442.0, -2564.0, 3616.0, -1940.0, -388.0, -2476.0, -1370.0, 1710.0, 882.0, 2482.0, 2522.0, 2138.0, 772.0, 1098.0, 918.0, 3448.0, 4652.0, -5564.0, -1422.0, -786.0, 2510.0, -3506.0, -2080.0, -2398.0, -5726.0, -1024.0, -1238.0, 2746.0, 1450.0, -5288.0, 1876.0, -5244.0], [-2206.0, 3840.0, -5706.0, -9991706.0, 90.0, 5118.0, 6892.0, 5258.0, 3834.0, -232.0, 5180.0, 2648.0, -3036.0, -1072.0, -2022.0, 910.0, 3042.0, 3770.0, 1122.0, -2698.0, -6204.0, 1218.0, 4130.0, 724.0, -4216.0, 1456.0, 2634.0, 4886.0, -1790.0, 3942.0, -6100.0, 2326.0, -1278.0, -3496.0, 6330.0, -366.0, -2206.0, -1832.0, -5856.0, -2512.0], [3354.0, -420.0, -1010.0, 90.0, -9991706.0, -2094.0, 3540.0, 430.0, -754.0, 1488.0, -844.0, -3116.0, 1500.0, 800.0, 1706.0, -306.0, 1878.0, 3670.0, -3158.0, 1450.0, 1912.0, 5922.0, 438.0, 1588.0, 4724.0, 2460.0, -8554.0, 1574.0, -2230.0, -2214.0, -10140.0, 2326.0, 4694.0, -2280.0, 2698.0, 4182.0, 6710.0, -4488.0, 1036.0, -4944.0], [2822.0, 2640.0, 2686.0, 5118.0, -2094.0, -9991706.0, -2016.0, 3798.0, -3742.0, 1064.0, 20.0, -928.0, 6276.0, 2956.0, -850.0, -498.0, -3242.0, 1490.0, 3638.0, 1186.0, -24.0, 4962.0, 5550.0, -1460.0, 5524.0, 2584.0, -5178.0, 6402.0, 3930.0, 4610.0, -796.0, -2458.0, 666.0, 2832.0, -298.0, 3102.0, 566.0, -588.0, 2608.0, 508.0], [7748.0, 2378.0, 5256.0, 6892.0, 3540.0, -2016.0, -9991706.0, -7736.0, 4492.0, 246.0, 4350.0, 1470.0, 2110.0, 1266.0, -712.0, -3592.0, -2204.0, -2828.0, -2944.0, 8.0, 4514.0, 368.0, 708.0, -5758.0, 2570.0, 3370.0, -5200.0, -3584.0, 1112.0, 5228.0, 4262.0, -6776.0, 2616.0, 2082.0, 2000.0, -3664.0, -3904.0, -4638.0, -5690.0, -694.0], [-1266.0, -5760.0, -3202.0, 5258.0, 430.0, 3798.0, -7736.0, -9991706.0, -1810.0, -140.0, -604.0, 10256.0, -220.0, 2192.0, 678.0, 606.0, 790.0, -122.0, 3682.0, 5986.0, 4608.0, 4478.0, 2470.0, 10016.0, -1648.0, -1084.0, 3438.0, -214.0, 1890.0, -2254.0, -1932.0, -1774.0, -5542.0, 1168.0, 1674.0, -1530.0, -2290.0, -3976.0, -2424.0, 340.0], [-3566.0, 272.0, -3442.0, 3834.0, -754.0, -3742.0, 4492.0, -1810.0, -9991706.0, 1200.0, -500.0, -796.0, -152.0, -940.0, 854.0, 5466.0, 58.0, 5446.0, 3422.0, 1178.0, 4476.0, 1526.0, 1534.0, 3448.0, 2376.0, 340.0, -4386.0, -238.0, 8770.0, 2774.0, 4476.0, -1794.0, -1742.0, -2844.0, 2986.0, 5438.0, -658.0, 4588.0, -3972.0, -5792.0], [4828.0, 4094.0, -2564.0, -232.0, 1488.0, 1064.0, 246.0, -140.0, 1200.0, -9991706.0, 1934.0, -486.0, 2346.0, 798.0, 1684.0, -132.0, 1012.0, 5120.0, 2404.0, -2724.0, -2634.0, 2240.0, 4460.0, 450.0, 6934.0, 5582.0, 3616.0, 3584.0, 1124.0, 2732.0, 3334.0, 4420.0, -2404.0, 4630.0, -5784.0, 4264.0, -1376.0, 7242.0, -118.0, 722.0], [1088.0, -4214.0, 3616.0, 5180.0, -844.0, 20.0, 4350.0, -604.0, -500.0, 1934.0, -9991706.0, -9134.0, 6382.0, -1850.0, 9936.0, -3020.0, -7328.0, 3884.0, -2740.0, 2888.0, 838.0, -960.0, -852.0, 574.0, -1662.0, 202.0, 1996.0, -3228.0, -1976.0, 1108.0, -2390.0, 1932.0, -748.0, 5066.0, 3516.0, 2584.0, -2100.0, -2974.0, -1550.0, -1030.0], [-9072.0, 1878.0, -1940.0, 2648.0, -3116.0, -928.0, 1470.0, 10256.0, -796.0, -486.0, -9134.0, -9991706.0, 3594.0, 8794.0, 3104.0, 2188.0, -2544.0, 1744.0, -72.0, 2316.0, 3026.0, -3576.0, -3880.0, 3546.0, -1202.0, 5138.0, 3188.0, -2460.0, 1356.0, 4072.0, -4234.0, -6080.0, 2196.0, 1714.0, -1428.0, 3376.0, -3804.0, 1786.0, 2106.0, -3098.0], [284.0, -950.0, -388.0, -3036.0, 1500.0, 6276.0, 2110.0, -220.0, -152.0, 2346.0, 6382.0, 3594.0, -9991706.0, -710.0, 556.0, 2956.0, 1560.0, 1772.0, 2980.0, -5064.0, -2754.0, -1164.0, 228.0, 1102.0, 2322.0, 126.0, -4112.0, 2340.0, -2044.0, -3708.0, 2074.0, -4800.0, 1300.0, -2194.0, -504.0, -2948.0, -2056.0, 1362.0, 1714.0, -2938.0], [396.0, 1646.0, -2476.0, -1072.0, 800.0, 2956.0, 1266.0, 2192.0, -940.0, 798.0, -1850.0, 8794.0, -710.0, -9991706.0, -1700.0, 3856.0, -1068.0, 4108.0, -668.0, -4816.0, 3898.0, -1016.0, -428.0, -2734.0, -2038.0, -2674.0, -5908.0, 3244.0, 7604.0, 460.0, 570.0, -1108.0, 800.0, 1506.0, -512.0, -124.0, -2148.0, -3454.0, 890.0, 1962.0], [-2670.0, 5016.0, -1370.0, -2022.0, 1706.0, -850.0, -712.0, 678.0, 854.0, 1684.0, 9936.0, 3104.0, 556.0, -1700.0, -9991706.0, -3310.0, 2442.0, 2762.0, -1922.0, -6386.0, 808.0, -62.0, 554.0, 124.0, 6440.0, 332.0, 4498.0, -18.0, 3302.0, -382.0, -5920.0, 682.0, -1426.0, -2176.0, -1618.0, 1318.0, 1438.0, -2312.0, -3840.0, 2024.0], [-902.0, 1284.0, 1710.0, 910.0, -306.0, -498.0, -3592.0, 606.0, 5466.0, -132.0, -3020.0, 2188.0, 2956.0, 3856.0, -3310.0, -9991706.0, -5578.0, 3206.0, 1386.0, 8070.0, 2768.0, -3834.0, 538.0, 2960.0, 4.0, 504.0, -1602.0, 1442.0, 2654.0, 3570.0, 304.0, -5098.0, -814.0, 4852.0, 790.0, 2530.0, -462.0, -488.0, 568.0, 1064.0], [1810.0, 3924.0, 882.0, 3042.0, 1878.0, -3242.0, -2204.0, 790.0, 58.0, 1012.0, -7328.0, -2544.0, 1560.0, -1068.0, 2442.0, -5578.0, -9991706.0, 390.0, 6450.0, 3046.0, -1444.0, -2930.0, -114.0, -1452.0, -5100.0, 3388.0, 8034.0, -7530.0, 1246.0, -2262.0, -152.0, -2282.0, -2358.0, 1400.0, -1042.0, 3498.0, 4270.0, 3444.0, -3944.0, 3940.0], [-3662.0, -7004.0, 2482.0, 3770.0, 3670.0, 1490.0, -2828.0, -122.0, 5446.0, 5120.0, 3884.0, 1744.0, 1772.0, 4108.0, 2762.0, 3206.0, 390.0, -9991706.0, -1730.0, 2134.0, -2192.0, 4626.0, 3778.0, 5652.0, -4548.0, 1344.0, 2674.0, -5594.0, 7894.0, 2762.0, -4.0, -942.0, 650.0, -1808.0, -1578.0, 786.0, -1822.0, 2500.0, -2768.0, 1932.0], [-2586.0, 2552.0, 2522.0, 1122.0, -3158.0, 3638.0, -2944.0, 3682.0, 3422.0, 2404.0, -2740.0, -72.0, 2980.0, -668.0, -1922.0, 1386.0, 6450.0, -1730.0, -9991706.0, 2126.0, 3176.0, -3906.0, -2294.0, 700.0, -436.0, -3360.0, 1914.0, -1926.0, 3130.0, -4442.0, 1896.0, -1202.0, -2986.0, -3256.0, 766.0, 950.0, -1006.0, -2552.0, -2260.0, -3472.0], [6930.0, -440.0, 2138.0, -2698.0, 1450.0, 1186.0, 8.0, 5986.0, 1178.0, -2724.0, 2888.0, 2316.0, -5064.0, -4816.0, -6386.0, 8070.0, 3046.0, 2134.0, 2126.0, -9991706.0, 1392.0, 2438.0, 646.0, -1304.0, 2368.0, 520.0, -1774.0, 6510.0, 506.0, 3546.0, 4636.0, 3782.0, -4506.0, 2280.0, -682.0, -266.0, -9046.0, 3048.0, -2000.0, 3188.0], [1080.0, -3814.0, 772.0, -6204.0, 1912.0, -24.0, 4514.0, 4608.0, 4476.0, -2634.0, 838.0, 3026.0, -2754.0, 3898.0, 808.0, 2768.0, -1444.0, -2192.0, 3176.0, 1392.0, -9991706.0, 2056.0, 7308.0, -938.0, 6798.0, -1266.0, -536.0, -848.0, -2168.0, 440.0, -2198.0, -1828.0, 1536.0, 3030.0, -3520.0, -568.0, 3344.0, -5906.0, -774.0, -1334.0], [3754.0, -1812.0, 1098.0, 1218.0, 5922.0, 4962.0, 368.0, 4478.0, 1526.0, 2240.0, -960.0, -3576.0, -1164.0, -1016.0, -62.0, -3834.0, -2930.0, 4626.0, -3906.0, 2438.0, 2056.0, -9991706.0, 946.0, 2636.0, -200.0, 948.0, 198.0, -3950.0, -4666.0, 5418.0, 3652.0, -3330.0, -3402.0, 3412.0, -8210.0, 2498.0, -5498.0, -1508.0, -664.0, -1472.0], [-4702.0, -4.0, 918.0, 4130.0, 438.0, 5550.0, 708.0, 2470.0, 1534.0, 4460.0, -852.0, -3880.0, 228.0, -428.0, 554.0, 538.0, -114.0, 3778.0, -2294.0, 646.0, 7308.0, 946.0, -9991706.0, -1040.0, 1036.0, -1696.0, 1302.0, -4746.0, 5534.0, 2718.0, 1180.0, 1250.0, -902.0, -3312.0, -2346.0, 3362.0, 730.0, 612.0, 4592.0, 2548.0], [260.0, 2566.0, 3448.0, 724.0, 1588.0, -1460.0, -5758.0, 10016.0, 3448.0, 450.0, 574.0, 3546.0, 1102.0, -2734.0, 124.0, 2960.0, -1452.0, 5652.0, 700.0, -1304.0, -938.0, 2636.0, -1040.0, -9991706.0, 3698.0, 1614.0, -1448.0, 4860.0, 2008.0, 2512.0, -5482.0, -1000.0, 4296.0, 3174.0, -2700.0, 1496.0, 320.0, 3174.0, 5314.0, 5926.0], [8496.0, -5162.0, 4652.0, -4216.0, 4724.0, 5524.0, 2570.0, -1648.0, 2376.0, 6934.0, -1662.0, -1202.0, 2322.0, -2038.0, 6440.0, 4.0, -5100.0, -4548.0, -436.0, 2368.0, 6798.0, -200.0, 1036.0, 3698.0, -9991706.0, 7654.0, 7476.0, -284.0, 812.0, -1768.0, 4870.0, -2048.0, -536.0, -546.0, 488.0, 10300.0, 1276.0, -3858.0, -1486.0, -2950.0], [-1532.0, -1514.0, -5564.0, 1456.0, 2460.0, 2584.0, 3370.0, -1084.0, 340.0, 5582.0, 202.0, 5138.0, 126.0, -2674.0, 332.0, 504.0, 3388.0, 1344.0, -3360.0, 520.0, -1266.0, 948.0, -1696.0, 1614.0, 7654.0, -9991706.0, 2496.0, 5132.0, -208.0, 1136.0, -1850.0, 4388.0, -7240.0, 5658.0, -1868.0, -784.0, 616.0, -970.0, -3610.0, -6386.0], [6106.0, 2384.0, -1422.0, 2634.0, -8554.0, -5178.0, -5200.0, 3438.0, -4386.0, 3616.0, 1996.0, 3188.0, -4112.0, -5908.0, 4498.0, -1602.0, 8034.0, 2674.0, 1914.0, -1774.0, -536.0, 198.0, 1302.0, -1448.0, 7476.0, 2496.0, -9991706.0, 94.0, 2798.0, 630.0, 7132.0, -4050.0, -5606.0, 2272.0, 6610.0, -1546.0, -5722.0, -3208.0, -352.0, -4148.0], [-3362.0, -6004.0, -786.0, 4886.0, 1574.0, 6402.0, -3584.0, -214.0, -238.0, 3584.0, -3228.0, -2460.0, 2340.0, 3244.0, -18.0, 1442.0, -7530.0, -5594.0, -1926.0, 6510.0, -848.0, -3950.0, -4746.0, 4860.0, -284.0, 5132.0, 94.0, -9991706.0, 2370.0, 6706.0, 2040.0, -8626.0, -3586.0, 348.0, -1286.0, -3306.0, -6206.0, 388.0, -976.0, 2012.0], [6542.0, -2892.0, 2510.0, -1790.0, -2230.0, 3930.0, 1112.0, 1890.0, 8770.0, 1124.0, -1976.0, 1356.0, -2044.0, 7604.0, 3302.0, 2654.0, 1246.0, 7894.0, 3130.0, 506.0, -2168.0, -4666.0, 5534.0, 2008.0, 812.0, -208.0, 2798.0, 2370.0, -9991706.0, 1038.0, 2528.0, 3386.0, -1138.0, -120.0, -5854.0, 2754.0, 2538.0, 1316.0, 1816.0, 4424.0], [-2262.0, -2184.0, -3506.0, 3942.0, -2214.0, 4610.0, 5228.0, -2254.0, 2774.0, 2732.0, 1108.0, 4072.0, -3708.0, 460.0, -382.0, 3570.0, -2262.0, 2762.0, -4442.0, 3546.0, 440.0, 5418.0, 2718.0, 2512.0, -1768.0, 1136.0, 630.0, 6706.0, 1038.0, -9991706.0, 3748.0, 4522.0, -1206.0, 3964.0, 2610.0, -3542.0, 1462.0, 3376.0, 2424.0, 8224.0], [4088.0, 1890.0, -2080.0, -6100.0, -10140.0, -796.0, 4262.0, -1932.0, 4476.0, 3334.0, -2390.0, -4234.0, 2074.0, 570.0, -5920.0, 304.0, -152.0, -4.0, 1896.0, 4636.0, -2198.0, 3652.0, 1180.0, -5482.0, 4870.0, -1850.0, 7132.0, 2040.0, 2528.0, 3748.0, -9991706.0, 3368.0, 7196.0, -1482.0, 5264.0, -464.0, 6308.0, 30.0, -2534.0, 782.0], [646.0, 776.0, -2398.0, 2326.0, 2326.0, -2458.0, -6776.0, -1774.0, -1794.0, 4420.0, 1932.0, -6080.0, -4800.0, -1108.0, 682.0, -5098.0, -2282.0, -942.0, -1202.0, 3782.0, -1828.0, -3330.0, 1250.0, -1000.0, -2048.0, 4388.0, -4050.0, -8626.0, 3386.0, 4522.0, 3368.0, -9991706.0, 7698.0, -1960.0, 3670.0, 2954.0, -3218.0, -2764.0, -1972.0, 4740.0], [-3026.0, -352.0, -5726.0, -1278.0, 4694.0, 666.0, 2616.0, -5542.0, -1742.0, -2404.0, -748.0, 2196.0, 1300.0, 800.0, -1426.0, -814.0, -2358.0, 650.0, -2986.0, -4506.0, 1536.0, -3402.0, -902.0, 4296.0, -536.0, -7240.0, -5606.0, -3586.0, -1138.0, -1206.0, 7196.0, 7698.0, -9991706.0, 1760.0, 11978.0, -150.0, -2862.0, -1460.0, 4604.0, 3324.0], [1636.0, 1126.0, -1024.0, -3496.0, -2280.0, 2832.0, 2082.0, 1168.0, -2844.0, 4630.0, 5066.0, 1714.0, -2194.0, 1506.0, -2176.0, 4852.0, 1400.0, -1808.0, -3256.0, 2280.0, 3030.0, 3412.0, -3312.0, 3174.0, -546.0, 5658.0, 2272.0, 348.0, -120.0, 3964.0, -1482.0, -1960.0, 1760.0, -9991706.0, 904.0, 2412.0, -4168.0, 11686.0, 14.0, -4386.0], [-1422.0, -3164.0, -1238.0, 6330.0, 2698.0, -298.0, 2000.0, 1674.0, 2986.0, -5784.0, 3516.0, -1428.0, -504.0, -512.0, -1618.0, 790.0, -1042.0, -1578.0, 766.0, -682.0, -3520.0, -8210.0, -2346.0, -2700.0, 488.0, -1868.0, 6610.0, -1286.0, -5854.0, 2610.0, 5264.0, 3670.0, 11978.0, 904.0, -9991706.0, -2586.0, 11210.0, 1312.0, -2492.0, 2720.0], [-2094.0, 620.0, 2746.0, -366.0, 4182.0, 3102.0, -3664.0, -1530.0, 5438.0, 4264.0, 2584.0, 3376.0, -2948.0, -124.0, 1318.0, 2530.0, 3498.0, 786.0, 950.0, -266.0, -568.0, 2498.0, 3362.0, 1496.0, 10300.0, -784.0, -1546.0, -3306.0, 2754.0, -3542.0, -464.0, 2954.0, -150.0, 2412.0, -2586.0, -9991706.0, -7830.0, -1124.0, -6408.0, 1916.0], [1086.0, 1240.0, 1450.0, -2206.0, 6710.0, 566.0, -3904.0, -2290.0, -658.0, -1376.0, -2100.0, -3804.0, -2056.0, -2148.0, 1438.0, -462.0, 4270.0, -1822.0, -1006.0, -9046.0, 3344.0, -5498.0, 730.0, 320.0, 1276.0, 616.0, -5722.0, -6206.0, 2538.0, 1462.0, 6308.0, -3218.0, -2862.0, -4168.0, 11210.0, -7830.0, -9991706.0, -7772.0, 432.0, -4024.0], [564.0, -1706.0, -5288.0, -1832.0, -4488.0, -588.0, -4638.0, -3976.0, 4588.0, 7242.0, -2974.0, 1786.0, 1362.0, -3454.0, -2312.0, -488.0, 3444.0, 2500.0, -2552.0, 3048.0, -5906.0, -1508.0, 612.0, 3174.0, -3858.0, -970.0, -3208.0, 388.0, 1316.0, 3376.0, 30.0, -2764.0, -1460.0, 11686.0, 1312.0, -1124.0, -7772.0, -9991706.0, 2842.0, 6814.0], [-1524.0, 2238.0, 1876.0, -5856.0, 1036.0, 2608.0, -5690.0, -2424.0, -3972.0, -118.0, -1550.0, 2106.0, 1714.0, 890.0, -3840.0, 568.0, -3944.0, -2768.0, -2260.0, -2000.0, -774.0, -664.0, 4592.0, 5314.0, -1486.0, -3610.0, -352.0, -976.0, 1816.0, 2424.0, -2534.0, -1972.0, 4604.0, 14.0, -2492.0, -6408.0, 432.0, 2842.0, -9991706.0, 610.0], [-4956.0, 3194.0, -5244.0, -2512.0, -4944.0, 508.0, -694.0, 340.0, -5792.0, 722.0, -1030.0, -3098.0, -2938.0, 1962.0, 2024.0, 1064.0, 3940.0, 1932.0, -3472.0, 3188.0, -1334.0, -1472.0, 2548.0, 5926.0, -2950.0, -6386.0, -4148.0, 2012.0, 4424.0, 8224.0, 782.0, 4740.0, 3324.0, -4386.0, 2720.0, 1916.0, -4024.0, 6814.0, 610.0, -9991706.0]]}