{"connections": [[-999165.0, -1735.0, -725.0, -945.0, -1441.0, 177.0, -1029.0, 11.0, -761.0, 1217.0, -1261.0, 141.0, -425.0, -841.0, 285.0, 273.0, 263.0, -185.0, 5.0, -2169.0, 781.0, 685.0, 113.0, 1945.0, -345.0, -1537.0, 1211.0, -27.0, -347.0, -535.0, 487.0, 739.0, 73.0, -611.0, -825.0, 87.0, -159.0, -53.0, 149.0, -895.0], [-1735.0, -999165.0, 221.0, 1357.0, 1081.0, 115.0, 769.0, -151.0, -431.0, -1457.0, 681.0, 627.0, 329.0, 1801.0, 255.0, 551.0, -547.0, 1821.0, 2391.0, 1545.0, 627.0, 1287.0, -925.0, -1601.0, 181.0, -275.0, -1359.0, 1547.0, 943.0, -901.0, 1177.0, -579.0, 963.0, 1507.0, 193.0, 961.0, -757.0, 261.0, -1105.0, -581.0], [-725.0, 221.0, -999165.0, 167.0, -129.0, -47.0, 259.0, 383.0, -865.0, 1.0, 2059.0, 881.0, -1453.0, 2211.0, -459.0, -679.0, 71.0, 1183.0, 325.0, -1321.0, -475.0, -567.0, 13.0, -159.0, -685.0, 1955.0, 1231.0, 473.0, 1325.0, 13.0, 1403.0, 207.0, -463.0, -235.0, -1505.0, 1511.0, -211.0, -2025.0, -1179.0, -803.0], [-945.0, 1357.0, 167.0, -999165.0, 503.0, -979.0, -681.0, 775.0, 855.0, 1285.0, -537.0, -1775.0, 1011.0, 2051.0, -823.0, 985.0, -1261.0, 939.0, 17.0, 143.0, 1149.0, 549.0, -2431.0, -1135.0, 959.0, -797.0, -25.0, 293.0, -523.0, -79.0, 1027.0, 263.0, -1075.0, 225.0, 531.0, 135.0, 1013.0, 1711.0, 1213.0, -131.0], [-1441.0, 1081.0, -129.0, 503.0, -999165.0, -535.0, 991.0, -3185.0, -745.0, 1949.0, -693.0, -431.0, 295.0, 443.0, -167.0, 361.0, 347.0, -1641.0, 173.0, 2127.0, -991.0, -2531.0, -763.0, 2097.0, -41.0, 611.0, -453.0, 1989.0, -1715.0, 741.0, 815.0, -1009.0, -219.0, -547.0, 371.0, -1113.0, -435.0, -2553.0, -831.0, 705.0], [177.0, 115.0, -47.0, -979.0, -535.0, -999165.0, -1147.0, 157.0, 1301.0, 1007.0, -1559.0, -501.0, -1071.0, 265.0, -813.0, -625.0, 1493.0, -455.0, -1357.0, -595.0, -693.0, 807.0, -57.0, -441.0, 105.0, 225.0, -667.0, -1709.0, -657.0, 911.0, -1451.0, -919.0, -805.0, 379.0, -835.0, 993.0, -1397.0, -915.0, 519.0, -105.0], [-1029.0, 769.0, 259.0, -681.0, 991.0, -1147.0, -999165.0, 623.0, 1355.0, 377.0, 739.0, 97.0, 187.0, -1581.0, -331.0, 381.0, 635.0, 1451.0, 2277.0, 415.0, -611.0, -863.0, 97.0, -939.0, 1479.0, 135.0, -757.0, -615.0, 1745.0, -559.0, -1.0, 2015.0, -1175.0, 645.0, 279.0, -77.0, 89.0, 1583.0, -247.0, 1029.0], [11.0, -151.0, 383.0, 775.0, -3185.0, 157.0, 623.0, -999165.0, 1551.0, -1443.0, -1625.0, -767.0, -1733.0, 91.0, 829.0, 841.0, 443.0, 55.0, 565.0, 355.0, -747.0, 181.0, 481.0, 1141.0, -949.0, -577.0, -469.0, -175.0, 733.0, -1263.0, -165.0, -933.0, -1519.0, 1229.0, -421.0, -173.0, 357.0, 1295.0, -471.0, 461.0], [-761.0, -431.0, -865.0, 855.0, -745.0, 1301.0, 1355.0, 1551.0, -999165.0, -191.0, -381.0, -403.0, -741.0, 947.0, 321.0, 97.0, 1163.0, -257.0, 401.0, -597.0, 129.0, 233.0, -867.0, -155.0, -721.0, -1797.0, 407.0, -687.0, 2037.0, -1347.0, -361.0, 1263.0, 265.0, 89.0, -105.0, 859.0, -639.0, -713.0, -287.0, 1769.0], [1217.0, -1457.0, 1.0, 1285.0, 1949.0, 1007.0, 377.0, -1443.0, -191.0, -999165.0, 493.0, -781.0, -227.0, 1209.0, 1871.0, 1007.0, 1025.0, -199.0, -1049.0, -1195.0, -865.0, 303.0, -37.0, 343.0, 525.0, -159.0, -227.0, 491.0, 471.0, 187.0, 589.0, -2339.0, 1307.0, 1639.0, 905.0, -79.0, -1057.0, 73.0, 511.0, 2131.0], [-1261.0, 681.0, 2059.0, -537.0, -693.0, -1559.0, 739.0, -1625.0, -381.0, 493.0, -999165.0, -695.0, 531.0, 1683.0, -187.0, -247.0, -2009.0, 135.0, 2093.0, -1149.0, 3109.0, -859.0, 901.0, 389.0, -1593.0, 123.0, 7.0, -1099.0, 169.0, -631.0, 907.0, -873.0, 2509.0, 881.0, -409.0, 219.0, 1097.0, -1029.0, 641.0, 149.0], [141.0, 627.0, 881.0, -1775.0, -431.0, -501.0, 97.0, -767.0, -403.0, -781.0, -695.0, -999165.0, -931.0, -671.0, -729.0, -405.0, 113.0, 85.0, -389.0, 253.0, -945.0, 863.0, 343.0, -1425.0, -71.0, -287.0, -195.0, -81.0, -1521.0, -49.0, 925.0, 69.0, -417.0, -209.0, -1551.0, 329.0, 11.0, 1189.0, 855.0, 599.0], [-425.0, 329.0, -1453.0, 1011.0, 295.0, -1071.0, 187.0, -1733.0, -741.0, -227.0, 531.0, -931.0, -999165.0, -1669.0, 309.0, 1193.0, 71.0, -381.0, 929.0, 1111.0, 529.0, -763.0, 141.0, 1441.0, 675.0, -1141.0, -1265.0, -2039.0, 513.0, 401.0, 719.0, -197.0, -927.0, -999.0, 1035.0, -69.0, -851.0, -1029.0, -379.0, -435.0], [-841.0, 1801.0, 2211.0, 2051.0, 443.0, 265.0, -1581.0, 91.0, 947.0, 1209.0, 1683.0, -671.0, -1669.0, -999165.0, -2139.0, 605.0, 515.0, 1655.0, -2331.0, 1615.0, -239.0, -2067.0, -407.0, 381.0, -265.0, -377.0, -649.0, -1543.0, -743.0, 1353.0, 2231.0, 319.0, 2285.0, -659.0, -697.0, -1577.0, -723.0, -869.0, 425.0, 701.0], [285.0, 255.0, -459.0, -823.0, -167.0, -813.0, -331.0, 829.0, 321.0, 1871.0, -187.0, -729.0, 309.0, -2139.0, -999165.0, 23.0, 1681.0, -459.0, -1453.0, 1409.0, -1041.0, 467.0, 515.0, -253.0, -227.0, 709.0, 221.0, 1815.0, -313.0, 1243.0, 1629.0, 417.0, 1383.0, 883.0, -1187.0, 249.0, 651.0, -2219.0, -229.0, -1097.0], [273.0, 551.0, -679.0, 985.0, 361.0, -625.0, 381.0, 841.0, 97.0, 1007.0, -247.0, -405.0, 1193.0, 605.0, 23.0, -999165.0, -379.0, 1697.0, -29.0, 1377.0, 351.0, 459.0, 1655.0, -493.0, 581.0, 45.0, -67.0, 1195.0, 1223.0, 203.0, 949.0, 1169.0, 807.0, -413.0, -203.0, 837.0, 403.0, -1259.0, -421.0, 955.0], [263.0, -547.0, 71.0, -1261.0, 347.0, 1493.0, 635.0, 443.0, 1163.0, 1025.0, -2009.0, 113.0, 71.0, 515.0, 1681.0, -379.0, -999165.0, -2973.0, -379.0, 159.0, 25.0, -263.0, -691.0, 1357.0, 947.0, 287.0, -433.0, -1507.0, -627.0, 141.0, 999.0, -53.0, 2729.0, -395.0, -941.0, 1275.0, -1575.0, -193.0, 101.0, 1613.0], [-185.0, 1821.0, 1183.0, 939.0, -1641.0, -455.0, 1451.0, 55.0, -257.0, -199.0, 135.0, 85.0, -381.0, 1655.0, -459.0, 1697.0, -2973.0, -999165.0, 413.0, -161.0, -675.0, -571.0, -899.0, -439.0, -1053.0, -745.0, -901.0, 337.0, -311.0, -127.0, -117.0, 279.0, -47.0, -247.0, 715.0, 891.0, -1543.0, -53.0, 265.0, 653.0], [5.0, 2391.0, 325.0, 17.0, 173.0, -1357.0, 2277.0, 565.0, 401.0, -1049.0, 2093.0, -389.0, 929.0, -2331.0, -1453.0, -29.0, -379.0, 413.0, -999165.0, -1263.0, 571.0, 555.0, 363.0, 751.0, 241.0, -1847.0, -303.0, 659.0, -1073.0, -725.0, -195.0, -563.0, -129.0, 11.0, -835.0, -443.0, 687.0, 905.0, -153.0, 1111.0], [-2169.0, 1545.0, -1321.0, 143.0, 2127.0, -595.0, 415.0, 355.0, -597.0, -1195.0, -1149.0, 253.0, 1111.0, 1615.0, 1409.0, 1377.0, 159.0, -161.0, -1263.0, -999165.0, 893.0, 69.0, 897.0, -291.0, -1089.0, 111.0, -1089.0, 985.0, -1027.0, -359.0, -5.0, 903.0, 1509.0, 1297.0, -89.0, -401.0, 521.0, -753.0, 117.0, -2111.0], [781.0, 627.0, -475.0, 1149.0, -991.0, -693.0, -611.0, -747.0, 129.0, -865.0, 3109.0, -945.0, 529.0, -239.0, -1041.0, 351.0, 25.0, -675.0, 571.0, 893.0, -999165.0, 895.0, 611.0, 395.0, 1513.0, -475.0, -131.0, 639.0, 1067.0, -1605.0, -1311.0, 497.0, 1311.0, -841.0, -311.0, -115.0, -537.0, 597.0, 839.0, -553.0], [685.0, 1287.0, -567.0, 549.0, -2531.0, 807.0, -863.0, 181.0, 233.0, 303.0, -859.0, 863.0, -763.0, -2067.0, 467.0, 459.0, -263.0, -571.0, 555.0, 69.0, 895.0, -999165.0, -757.0, 299.0, 273.0, 1069.0, -783.0, 879.0, 471.0, 531.0, 1669.0, -755.0, 1683.0, -1713.0, -187.0, 525.0, 755.0, -1719.0, 499.0, -165.0], [113.0, -925.0, 13.0, -2431.0, -763.0, -57.0, 97.0, 481.0, -867.0, -37.0, 901.0, 343.0, 141.0, -407.0, 515.0, 1655.0, -691.0, -899.0, 363.0, 897.0, 611.0, -757.0, -999165.0, 695.0, 733.0, -347.0, 1153.0, 1039.0, 67.0, 267.0, -895.0, 1117.0, -1117.0, 1267.0, 209.0, 617.0, -629.0, -2211.0, 847.0, 919.0], [1945.0, -1601.0, -159.0, -1135.0, 2097.0, -441.0, -939.0, 1141.0, -155.0, 343.0, 389.0, -1425.0, 1441.0, 381.0, -253.0, -493.0, 1357.0, -439.0, 751.0, -291.0, 395.0, 299.0, 695.0, -999165.0, 1565.0, -539.0, -199.0, 555.0, 987.0, 1343.0, -399.0, -1127.0, 1431.0, -113.0, 937.0, 145.0, 899.0, 417.0, -685.0, -773.0], [-345.0, 181.0, -685.0, 959.0, -41.0, 105.0, 1479.0, -949.0, -721.0, 525.0, -1593.0, -71.0, 675.0, -265.0, -227.0, 581.0, 947.0, -1053.0, 241.0, -1089.0, 1513.0, 273.0, 733.0, 1565.0, -999165.0, 883.0, -1469.0, 329.0, -531.0, 853.0, -797.0, 523.0, 1769.0, 85.0, 435.0, 451.0, 1525.0, -393.0, -67.0, 293.0], [-1537.0, -275.0, 1955.0, -797.0, 611.0, 225.0, 135.0, -577.0, -1797.0, -159.0, 123.0, -287.0, -1141.0, -377.0, 709.0, 45.0, 287.0, -745.0, -1847.0, 111.0, -475.0, 1069.0, -347.0, -539.0, 883.0, -999165.0, -33.0, 1421.0, 129.0, 273.0, -729.0, -561.0, -1091.0, 797.0, -1469.0, 423.0, -191.0, 1063.0, -1027.0, -655.0], [1211.0, -1359.0, 1231.0, -25.0, -453.0, -667.0, -757.0, -469.0, 407.0, -227.0, 7.0, -195.0, -1265.0, -649.0, 221.0, -67.0, -433.0, -901.0, -303.0, -1089.0, -131.0, -783.0, 1153.0, -199.0, -1469.0, -33.0, -999165.0, -2167.0, 1501.0, -1979.0, 939.0, -453.0, 485.0, -1191.0, -573.0, 615.0, -639.0, -1329.0, 341.0, -1611.0], [-27.0, 1547.0, 473.0, 293.0, 1989.0, -1709.0, -615.0, -175.0, -687.0, 491.0, -1099.0, -81.0, -2039.0, -1543.0, 1815.0, 1195.0, -1507.0, 337.0, 659.0, 985.0, 639.0, 879.0, 1039.0, 555.0, 329.0, 1421.0, -2167.0, -999165.0, -197.0, -981.0, 1189.0, 921.0, 119.0, 2119.0, -1023.0, -1607.0, -349.0, -955.0, -361.0, -501.0], [-347.0, 943.0, 1325.0, -523.0, -1715.0, -657.0, 1745.0, 733.0, 2037.0, 471.0, 169.0, -1521.0, 513.0, -743.0, -313.0, 1223.0, -627.0, -311.0, -1073.0, -1027.0, 1067.0, 471.0, 67.0, 987.0, -531.0, 129.0, 1501.0, -197.0, -999165.0, 463.0, 1033.0, -507.0, 119.0, 1403.0, 2281.0, -215.0, 367.0, 141.0, -2149.0, 1263.0], [-535.0, -901.0, 13.0, -79.0, 741.0, 911.0, -559.0, -1263.0, -1347.0, 187.0, -631.0, -49.0, 401.0, 1353.0, 1243.0, 203.0, 141.0, -127.0, -725.0, -359.0, -1605.0, 531.0, 267.0, 1343.0, 853.0, 273.0, -1979.0, -981.0, 463.0, -999165.0, -319.0, -747.0, -1313.0, 1335.0, 577.0, -687.0, -781.0, -195.0, 1599.0, -709.0], [487.0, 1177.0, 1403.0, 1027.0, 815.0, -1451.0, -1.0, -165.0, -361.0, 589.0, 907.0, 925.0, 719.0, 2231.0, 1629.0, 949.0, 999.0, -117.0, -195.0, -5.0, -1311.0, 1669.0, -895.0, -399.0, -797.0, -729.0, 939.0, 1189.0, 1033.0, -319.0, -999165.0, -169.0, 201.0, -363.0, 1963.0, -1133.0, 457.0, 19.0, -931.0, -1555.0], [739.0, -579.0, 207.0, 263.0, -1009.0, -919.0, 2015.0, -933.0, 1263.0, -2339.0, -873.0, 69.0, -197.0, 319.0, 417.0, 1169.0, -53.0, 279.0, -563.0, 903.0, 497.0, -755.0, 1117.0, -1127.0, 523.0, -561.0, -453.0, 921.0, -507.0, -747.0, -169.0, -999165.0, -979.0, -1299.0, -545.0, -1201.0, -683.0, -993.0, -1319.0, -771.0], [73.0, 963.0, -463.0, -1075.0, -219.0, -805.0, -1175.0, -1519.0, 265.0, 1307.0, 2509.0, -417.0, -927.0, 2285.0, 1383.0, 807.0, 2729.0, -47.0, -129.0, 1509.0, 1311.0, 1683.0, -1117.0, 1431.0, 1769.0, -1091.0, 485.0, 119.0, 119.0, -1313.0, 201.0, -979.0, -999165.0, -1461.0, -139.0, 593.0, -313.0, -803.0, -177.0, 1887.0], [-611.0, 1507.0, -235.0, 225.0, -547.0, 379.0, 645.0, 1229.0, 89.0, 1639.0, 881.0, -209.0, -999.0, -659.0, 883.0, -413.0, -395.0, -247.0, 11.0, 1297.0, -841.0, -1713.0, 1267.0, -113.0, 85.0, 797.0, -1191.0, 2119.0, 1403.0, 1335.0, -363.0, -1299.0, -1461.0, -999165.0, -535.0, -167.0, 311.0, -39.0, 75.0, 139.0], [-825.0, 193.0, -1505.0, 531.0, 371.0, -835.0, 279.0, -421.0, -105.0, 905.0, -409.0, -1551.0, 1035.0, -697.0, -1187.0, -203.0, -941.0, 715.0, -835.0, -89.0, -311.0, -187.0, 209.0, 937.0, 435.0, -1469.0, -573.0, -1023.0, 2281.0, 577.0, 1963.0, -545.0, -139.0, -535.0, -999165.0, -321.0, 617.0, -1889.0, -1243.0, 965.0], [87.0, 961.0, 1511.0, 135.0, -1113.0, 993.0, -77.0, -173.0, 859.0, -79.0, 219.0, 329.0, -69.0, -1577.0, 249.0, 837.0, 1275.0, 891.0, -443.0, -401.0, -115.0, 525.0, 617.0, 145.0, 451.0, 423.0, 615.0, -1607.0, -215.0, -687.0, -1133.0, -1201.0, 593.0, -167.0, -321.0, -999165.0, -231.0, -425.0, -971.0, -1099.0], [-159.0, -757.0, -211.0, 1013.0, -435.0, -1397.0, 89.0, 357.0, -639.0, -1057.0, 1097.0, 11.0, -851.0, -723.0, 651.0, 403.0, -1575.0, -1543.0, 687.0, 521.0, -537.0, 755.0, -629.0, 899.0, 1525.0, -191.0, -639.0, -349.0, 367.0, -781.0, 457.0, -683.0, -313.0, 311.0, 617.0, -231.0, -999165.0, -83.0, 1675.0, 23.0], [-53.0, 261.0, -2025.0, 1711.0, -2553.0, -915.0, 1583.0, 1295.0, -713.0, 73.0, -1029.0, 1189.0, -1029.0, -869.0, -2219.0, -1259.0, -193.0, -53.0, 905.0, -753.0, 597.0, -1719.0, -2211.0, 417.0, -393.0, 1063.0, -1329.0, -955.0, 141.0, -195.0, 19.0, -993.0, -803.0, -39.0, -1889.0, -425.0, -83.0, -999165.0, -1615.0, -779.0], [149.0, -1105.0, -1179.0, 1213.0, -831.0, 519.0, -247.0, -471.0, -287.0, 511.0, 641.0, 855.0, -379.0, 425.0, -229.0, -421.0, 101.0, 265.0, -153.0, 117.0, 839.0, 499.0, 847.0, -685.0, -67.0, -1027.0, 341.0, -361.0, -2149.0, 1599.0, -931.0, -1319.0, -177.0, 75.0, -1243.0, -971.0, 1675.0, -1615.0, -999165.0, -1169.0], [-895.0, -581.0, -803.0, -131.0, 705.0, -105.0, 1029.0, 461.0, 1769.0, 2131.0, 149.0, 599.0, -435.0, 701.0, -1097.0, 955.0, 1613.0, 653.0, 1111.0, -2111.0, -553.0, -165.0, 919.0, -773.0, 293.0, -655.0, -1611.0, -501.0, 1263.0, -709.0, -1555.0, -771.0, 1887.0, 139.0, 965.0, -1099.0, 23.0, -779.0, -1169.0, -999165.0]]}