{"connections": [[-99913669.0, -10075.0, 40663.0, 13403.0, 11005.0, -7135.0, 935.0, -3061.0, 8245.0, -4677.0, -697.0, -1089.0, -10651.0, 3167.0, 6891.0, 835.0, 8691.0, 157.0, -10513.0, -679.0, -3591.0, 2343.0, 14641.0, -1743.0, 17783.0, -5111.0, -17765.0, -2509.0, 2333.0, 17937.0, -15833.0, 10479.0, 8281.0, 3699.0, -4841.0, 29679.0, 2085.0, -7237.0, -5717.0, 1279.0], [-10075.0, -99913669.0, -2339.0, 32453.0, 4275.0, 19587.0, -19403.0, 9765.0, -5061.0, -991.0, 9245.0, 15609.0, -945.0, 15369.0, -2487.0, 15997.0, -12367.0, 9763.0, -3215.0, -177.0, -10421.0, 3885.0, 6567.0, 5955.0, -11651.0, -12097.0, -1259.0, -6175.0, -5593.0, 1363.0, -3615.0, -20555.0, -10749.0, -1583.0, 11929.0, -3635.0, 8871.0, -3835.0, 1673.0, 15177.0], [40663.0, -2339.0, -99913669.0, -19885.0, 38213.0, 8441.0, 30583.0, 7571.0, 22769.0, -437.0, -9221.0, 14723.0, -283.0, 875.0, 7283.0, 10251.0, -2501.0, 461.0, 627.0, -2067.0, 8445.0, -5729.0, 4009.0, -3323.0, 16315.0, 5745.0, 25235.0, -11697.0, -2247.0, -11807.0, -4461.0, 3311.0, 11077.0, 14359.0, -10965.0, -8157.0, 8657.0, 7859.0, -569.0, 12631.0], [13403.0, 32453.0, -19885.0, -99913669.0, -11535.0, 36557.0, 4399.0, 29995.0, -9911.0, 10247.0, 4799.0, 15623.0, 9709.0, 13439.0, 23107.0, 1779.0, 14043.0, 4909.0, -9713.0, -3879.0, -2011.0, -949.0, 2381.0, 4497.0, -1541.0, 2257.0, -4873.0, 10879.0, 16593.0, 6841.0, 15275.0, 5827.0, -5051.0, 151.0, -10149.0, 19067.0, 1417.0, 4611.0, 1831.0, 11151.0], [11005.0, 4275.0, 38213.0, -11535.0, -99913669.0, 2827.0, 24609.0, -199.0, 31335.0, 9541.0, 28837.0, 15869.0, 15963.0, -735.0, 33189.0, -7991.0, 13517.0, 6559.0, 14389.0, -13273.0, 21031.0, 2305.0, 10655.0, -10113.0, 7341.0, -7121.0, 1113.0, 217.0, 12915.0, 875.0, -8051.0, 3373.0, 3611.0, -10011.0, 14241.0, -11847.0, -6949.0, 5349.0, 6113.0, -9299.0], [-7135.0, 19587.0, 8441.0, 36557.0, 2827.0, -99913669.0, 213.0, 26353.0, -12641.0, 33737.0, 25505.0, 2657.0, -21625.0, 17981.0, -18175.0, -5343.0, -14819.0, 11343.0, 5037.0, 11079.0, -1677.0, -9211.0, 27763.0, 3823.0, 6729.0, -13113.0, -5879.0, 10985.0, 6523.0, 13663.0, 5573.0, 11053.0, 2403.0, -8959.0, 1641.0, 297.0, -77.0, -11179.0, 7957.0, 1397.0], [935.0, -19403.0, 30583.0, 4399.0, 24609.0, 213.0, -99913669.0, 5367.0, 34349.0, -4793.0, 31527.0, 18443.0, 22037.0, -2713.0, 14475.0, -241.0, 7743.0, 2185.0, 12851.0, -3679.0, 11917.0, -2529.0, 2921.0, 8105.0, 13171.0, -1195.0, 15735.0, 187.0, 11125.0, 1349.0, 14803.0, 10139.0, -227.0, -8125.0, 59.0, -13689.0, -9935.0, 4203.0, -5601.0, 4215.0], [-3061.0, 9765.0, 7571.0, 29995.0, -199.0, 26353.0, 5367.0, -99913669.0, 2541.0, 11255.0, -7957.0, 32559.0, 1397.0, 32771.0, -1633.0, -1733.0, -31517.0, 13209.0, -14245.0, -4683.0, 2317.0, 1963.0, 3885.0, 8693.0, -4129.0, -4395.0, -5469.0, -4489.0, 8137.0, -2627.0, 3583.0, -3973.0, 8481.0, -14625.0, -4141.0, -253.0, 3949.0, 11039.0, -7149.0, 35.0], [8245.0, -5061.0, 22769.0, -9911.0, 31335.0, -12641.0, 34349.0, 2541.0, -99913669.0, 341.0, 41357.0, -10075.0, 32339.0, 497.0, 16413.0, 553.0, 10257.0, 3823.0, 13969.0, -1933.0, 10175.0, -4991.0, 17331.0, 5835.0, 4005.0, -9837.0, -3843.0, 10981.0, 3891.0, -7233.0, 7481.0, -8999.0, -873.0, 6773.0, -6543.0, 12933.0, -1769.0, -6623.0, 7337.0, 15201.0], [-4677.0, -991.0, -437.0, 10247.0, 9541.0, 33737.0, -4793.0, 11255.0, 341.0, -99913669.0, -2977.0, 49343.0, -4747.0, 30119.0, 14135.0, 12815.0, -12001.0, 8181.0, 13047.0, 13169.0, -13447.0, 5563.0, -7611.0, 14461.0, 1307.0, -3923.0, -15889.0, 21807.0, -4047.0, 5101.0, 17135.0, 24231.0, -12683.0, 18295.0, -8381.0, 1211.0, 10469.0, 6939.0, -18477.0, -2937.0], [-697.0, 9245.0, -9221.0, 4799.0, 28837.0, 25505.0, 31527.0, -7957.0, 41357.0, -2977.0, -99913669.0, 20855.0, 54969.0, 11703.0, 16411.0, 9491.0, 12219.0, 7861.0, 13999.0, 877.0, 22309.0, 563.0, 9189.0, 985.0, 12215.0, -1751.0, 1011.0, -3621.0, 16773.0, 5365.0, -4661.0, -3741.0, 5913.0, -13813.0, 19959.0, -5241.0, -183.0, -6681.0, -509.0, -2373.0], [-1089.0, 15609.0, 14723.0, 15623.0, 15869.0, 2657.0, 18443.0, 32559.0, -10075.0, 49343.0, 20855.0, -99913669.0, 10677.0, 52235.0, -16017.0, 17195.0, -10909.0, 39129.0, 16319.0, 6601.0, 16345.0, 6611.0, 6101.0, 6669.0, -2789.0, 10465.0, -1649.0, 3715.0, 1245.0, 9557.0, 4271.0, 4719.0, -22515.0, 947.0, -18425.0, -5413.0, -1603.0, 3087.0, -661.0, -1853.0], [-10651.0, -945.0, -283.0, 9709.0, 15963.0, -21625.0, 22037.0, 1397.0, 32339.0, -4747.0, 54969.0, 10677.0, -99913669.0, -567.0, 30221.0, -15467.0, 28049.0, 6667.0, 8233.0, 9595.0, 32759.0, -14751.0, 5075.0, -9297.0, 14325.0, 12955.0, 669.0, 17421.0, 10979.0, -8873.0, -4287.0, 5553.0, 22387.0, 1057.0, 293.0, -4587.0, -9309.0, 6865.0, -19895.0, 14805.0], [3167.0, 15369.0, 875.0, 13439.0, -735.0, 17981.0, -2713.0, 32771.0, 497.0, 30119.0, 11703.0, 52235.0, -567.0, -99913669.0, 6023.0, 30507.0, 6907.0, 44377.0, -6089.0, 13185.0, 1233.0, 2131.0, -8843.0, 15869.0, -5277.0, 22045.0, 8883.0, 7647.0, 6145.0, 9045.0, -10813.0, 2527.0, -2391.0, 22403.0, -8689.0, -1825.0, -2459.0, -3793.0, 12839.0, 3139.0], [6891.0, -2487.0, 7283.0, 23107.0, 33189.0, -18175.0, 14475.0, -1633.0, 16413.0, 14135.0, 16411.0, -16017.0, 30221.0, 6023.0, -99913669.0, 11207.0, 45703.0, -11387.0, 34879.0, -9943.0, 8405.0, 16875.0, 28261.0, -2623.0, 14715.0, 25561.0, 19147.0, 8355.0, 36349.0, 6241.0, 12395.0, 6435.0, 333.0, -16137.0, 11795.0, 11091.0, 3313.0, 879.0, 10275.0, 8995.0], [835.0, 15997.0, 10251.0, 1779.0, -7991.0, -5343.0, -241.0, -1733.0, 553.0, 12815.0, 9491.0, 17195.0, -15467.0, 30507.0, 11207.0, -99913669.0, -2081.0, 37573.0, 1159.0, 22581.0, 14441.0, 27551.0, 4989.0, 14677.0, -13989.0, 28845.0, -3033.0, 11955.0, 4457.0, 20377.0, 12131.0, 12183.0, 5229.0, 25603.0, 2399.0, -9057.0, -15519.0, 13731.0, -12289.0, 10099.0], [8691.0, -12367.0, -2501.0, 14043.0, 13517.0, -14819.0, 7743.0, -31517.0, 10257.0, -12001.0, 12219.0, -10909.0, 28049.0, 6907.0, 45703.0, -2081.0, -99913669.0, 7593.0, 52007.0, 15973.0, 22789.0, -17217.0, 23913.0, 13321.0, 16151.0, -14331.0, 7923.0, 9295.0, 2005.0, 11465.0, 4651.0, 927.0, -4663.0, -5749.0, 14399.0, 2587.0, 12789.0, -4133.0, 14295.0, -2925.0], [157.0, 9763.0, 461.0, 4909.0, 6559.0, 11343.0, 2185.0, 13209.0, 3823.0, 8181.0, 7861.0, 39129.0, 6667.0, 44377.0, -11387.0, 37573.0, 7593.0, -99913669.0, 9337.0, 34555.0, 1311.0, 9525.0, -7585.0, 28247.0, -10111.0, 28195.0, -12719.0, 12245.0, 12583.0, 18651.0, 8193.0, 10641.0, 5387.0, -11807.0, -5179.0, -5067.0, 4535.0, 18413.0, -11267.0, 16433.0], [-10513.0, -3215.0, 627.0, -9713.0, 14389.0, 5037.0, 12851.0, -14245.0, 13969.0, 13047.0, 13999.0, 16319.0, 8233.0, -6089.0, 34879.0, 1159.0, 52007.0, 9337.0, -99913669.0, -5551.0, 51197.0, -2353.0, 9821.0, 6105.0, 11123.0, 15573.0, 25383.0, -11813.0, 12297.0, -5583.0, 12655.0, -18125.0, 9009.0, -5829.0, 12163.0, -7561.0, -10871.0, -1161.0, 1571.0, -3913.0], [-679.0, -177.0, -2067.0, -3879.0, -13273.0, 11079.0, -3679.0, -4683.0, -1933.0, 13169.0, 877.0, 6601.0, 9595.0, 13185.0, -9943.0, 22581.0, 15973.0, 34555.0, -5551.0, -99913669.0, 10979.0, 23681.0, 9599.0, 45239.0, -9795.0, 28931.0, -14239.0, 18893.0, 11195.0, 18783.0, 5453.0, 19785.0, -11821.0, 4081.0, 10989.0, -1979.0, -14393.0, 20381.0, 297.0, -4203.0], [-3591.0, -10421.0, 8445.0, -2011.0, 21031.0, -1677.0, 11917.0, 2317.0, 10175.0, -13447.0, 22309.0, 16345.0, 32759.0, 1233.0, 8405.0, 14441.0, 22789.0, 1311.0, 51197.0, 10979.0, -99913669.0, 7565.0, 27087.0, -8545.0, 22233.0, 7811.0, 10921.0, -25267.0, 19607.0, -11825.0, 31933.0, 14865.0, 16787.0, -16735.0, 5677.0, 10433.0, -2545.0, 7161.0, -9175.0, -8451.0], [2343.0, 3885.0, -5729.0, -949.0, 2305.0, -9211.0, -2529.0, 1963.0, -4991.0, 5563.0, 563.0, 6611.0, -14751.0, 2131.0, 16875.0, 27551.0, -17217.0, 9525.0, -2353.0, 23681.0, 7565.0, -99913669.0, -18963.0, 13721.0, 3467.0, 37685.0, 7503.0, 10895.0, 17845.0, 14753.0, -589.0, 9387.0, 5989.0, 5291.0, -3317.0, 319.0, -5519.0, -4305.0, 623.0, 5523.0], [14641.0, 6567.0, 4009.0, 2381.0, 10655.0, 27763.0, 2921.0, 3885.0, 17331.0, -7611.0, 9189.0, 6101.0, 5075.0, -8843.0, 28261.0, 4989.0, 23913.0, -7585.0, 9821.0, 9599.0, 27087.0, -18963.0, -99913669.0, -14865.0, 55129.0, -10173.0, 29701.0, -1371.0, 6335.0, -14777.0, 15121.0, 9337.0, 29643.0, -6115.0, 8165.0, -7555.0, 6067.0, 17397.0, 4821.0, 2557.0], [-1743.0, 5955.0, -3323.0, 4497.0, -10113.0, 3823.0, 8105.0, 8693.0, 5835.0, 14461.0, 985.0, 6669.0, -9297.0, 15869.0, -2623.0, 14677.0, 13321.0, 28247.0, 6105.0, 45239.0, -8545.0, 13721.0, -14865.0, -99913669.0, 7001.0, 28915.0, -2675.0, 12957.0, -9081.0, 44843.0, 3833.0, 5993.0, 3451.0, 14937.0, 15241.0, 2973.0, 15563.0, -2831.0, -3563.0, 3601.0], [17783.0, -11651.0, 16315.0, -1541.0, 7341.0, 6729.0, 13171.0, -4129.0, 4005.0, 1307.0, 12215.0, -2789.0, 14325.0, -5277.0, 14715.0, -13989.0, 16151.0, -10111.0, 11123.0, -9795.0, 22233.0, 3467.0, 55129.0, 7001.0, -99913669.0, -9983.0, 34079.0, 18971.0, 31253.0, 26017.0, 26711.0, -12861.0, 16273.0, 27.0, -1449.0, 7591.0, 16913.0, -18697.0, 3711.0, 4447.0], [-5111.0, -12097.0, 5745.0, 2257.0, -7121.0, -13113.0, -1195.0, -4395.0, -9837.0, -3923.0, -1751.0, 10465.0, 12955.0, 22045.0, 25561.0, 28845.0, -14331.0, 28195.0, 15573.0, 28931.0, 7811.0, 37685.0, -10173.0, 28915.0, -9983.0, -99913669.0, -4175.0, 41349.0, -5069.0, 10923.0, -1763.0, 37193.0, 9371.0, 18797.0, 15585.0, 10013.0, 819.0, 889.0, 4553.0, 6249.0], [-17765.0, -1259.0, 25235.0, -4873.0, 1113.0, -5879.0, 15735.0, -5469.0, -3843.0, -15889.0, 1011.0, -1649.0, 669.0, 8883.0, 19147.0, -3033.0, 7923.0, -12719.0, 25383.0, -14239.0, 10921.0, 7503.0, 29701.0, -2675.0, 34079.0, -4175.0, -99913669.0, -16605.0, 49949.0, -6883.0, 8095.0, 3675.0, 13425.0, 18731.0, 3475.0, -3469.0, 16609.0, -11469.0, 5863.0, 9579.0], [-2509.0, -6175.0, -11697.0, 10879.0, 217.0, 10985.0, 187.0, -4489.0, 10981.0, 21807.0, -3621.0, 3715.0, 17421.0, 7647.0, 8355.0, 11955.0, 9295.0, 12245.0, -11813.0, 18893.0, -25267.0, 10895.0, -1371.0, 12957.0, 18971.0, 41349.0, -16605.0, -99913669.0, 1601.0, 43565.0, 67.0, 28731.0, 3257.0, 24151.0, -1749.0, 13819.0, 10873.0, -7353.0, -10957.0, -10361.0], [2333.0, -5593.0, -2247.0, 16593.0, 12915.0, 6523.0, 11125.0, 8137.0, 3891.0, -4047.0, 16773.0, 1245.0, 10979.0, 6145.0, 36349.0, 4457.0, 2005.0, 12583.0, 12297.0, 11195.0, 19607.0, 17845.0, 6335.0, -9081.0, 31253.0, -5069.0, 49949.0, 1601.0, -99913669.0, 3735.0, 33065.0, -11083.0, 22847.0, -499.0, 21829.0, 18349.0, 26211.0, -8671.0, 4045.0, -5039.0], [17937.0, 1363.0, -11807.0, 6841.0, 875.0, 13663.0, 1349.0, -2627.0, -7233.0, 5101.0, 5365.0, 9557.0, -8873.0, 9045.0, 6241.0, 20377.0, 11465.0, 18651.0, -5583.0, 18783.0, -11825.0, 14753.0, -14777.0, 44843.0, 26017.0, 10923.0, -6883.0, 43565.0, 3735.0, -99913669.0, -259.0, 16265.0, -12993.0, 13837.0, 4509.0, 19317.0, 1195.0, 15941.0, -12599.0, -14519.0], [-15833.0, -3615.0, -4461.0, 15275.0, -8051.0, 5573.0, 14803.0, 3583.0, 7481.0, 17135.0, -4661.0, 4271.0, -4287.0, -10813.0, 12395.0, 12131.0, 4651.0, 8193.0, 12655.0, 5453.0, 31933.0, -589.0, 15121.0, 3833.0, 26711.0, -1763.0, 8095.0, 67.0, 33065.0, -259.0, -99913669.0, -6601.0, 46705.0, -14301.0, 28131.0, -5877.0, 12057.0, 11603.0, 13015.0, -2893.0], [10479.0, -20555.0, 3311.0, 5827.0, 3373.0, 11053.0, 10139.0, -3973.0, -8999.0, 24231.0, -3741.0, 4719.0, 5553.0, 2527.0, 6435.0, 12183.0, 927.0, 10641.0, -18125.0, 19785.0, 14865.0, 9387.0, 9337.0, 5993.0, -12861.0, 37193.0, 3675.0, 28731.0, -11083.0, 16265.0, -6601.0, -99913669.0, 2825.0, 44127.0, 24299.0, 16331.0, 4145.0, 1007.0, -9881.0, 26063.0], [8281.0, -10749.0, 11077.0, -5051.0, 3611.0, 2403.0, -227.0, 8481.0, -873.0, -12683.0, 5913.0, -22515.0, 22387.0, -2391.0, 333.0, 5229.0, -4663.0, 5387.0, 9009.0, -11821.0, 16787.0, 5989.0, 29643.0, 3451.0, 16273.0, 9371.0, 13425.0, 3257.0, 22847.0, -12993.0, 46705.0, 2825.0, -99913669.0, -8951.0, 32965.0, -1599.0, 15135.0, 5417.0, 5801.0, 17681.0], [3699.0, -1583.0, 14359.0, 151.0, -10011.0, -8959.0, -8125.0, -14625.0, 6773.0, 18295.0, -13813.0, 947.0, 1057.0, 22403.0, -16137.0, 25603.0, -5749.0, -11807.0, -5829.0, 4081.0, -16735.0, 5291.0, -6115.0, 14937.0, 27.0, 18797.0, 18731.0, 24151.0, -499.0, 13837.0, -14301.0, 44127.0, -8951.0, -99913669.0, 12115.0, 38075.0, -6039.0, 23811.0, -19373.0, 27507.0], [-4841.0, 11929.0, -10965.0, -10149.0, 14241.0, 1641.0, 59.0, -4141.0, -6543.0, -8381.0, 19959.0, -18425.0, 293.0, -8689.0, 11795.0, 2399.0, 14399.0, -5179.0, 12163.0, 10989.0, 5677.0, -3317.0, 8165.0, 15241.0, -1449.0, 15585.0, 3475.0, -1749.0, 21829.0, 4509.0, 28131.0, 24299.0, 32965.0, 12115.0, -99913669.0, -28565.0, 20561.0, -13573.0, 28579.0, 22579.0], [29679.0, -3635.0, -8157.0, 19067.0, -11847.0, 297.0, -13689.0, -253.0, 12933.0, 1211.0, -5241.0, -5413.0, -4587.0, -1825.0, 11091.0, -9057.0, 2587.0, -5067.0, -7561.0, -1979.0, 10433.0, 319.0, -7555.0, 2973.0, 7591.0, 10013.0, -3469.0, 13819.0, 18349.0, 19317.0, -5877.0, 16331.0, -1599.0, 38075.0, -28565.0, -99913669.0, -7511.0, 34487.0, -19929.0, 33387.0], [2085.0, 8871.0, 8657.0, 1417.0, -6949.0, -77.0, -9935.0, 3949.0, -1769.0, 10469.0, -183.0, -1603.0, -9309.0, -2459.0, 3313.0, -15519.0, 12789.0, 4535.0, -10871.0, -14393.0, -2545.0, -5519.0, 6067.0, 15563.0, 16913.0, 819.0, 16609.0, 10873.0, 26211.0, 1195.0, 12057.0, 4145.0, 15135.0, -6039.0, 20561.0, -7511.0, -99913669.0, 7837.0, 12589.0, -5935.0], [-7237.0, -3835.0, 7859.0, 4611.0, 5349.0, -11179.0, 4203.0, 11039.0, -6623.0, 6939.0, -6681.0, 3087.0, 6865.0, -3793.0, 879.0, 13731.0, -4133.0, 18413.0, -1161.0, 20381.0, 7161.0, -4305.0, 17397.0, -2831.0, -18697.0, 889.0, -11469.0, -7353.0, -8671.0, 15941.0, 11603.0, 1007.0, 5417.0, 23811.0, -13573.0, 34487.0, 7837.0, -99913669.0, -7405.0, 23927.0], [-5717.0, 1673.0, -569.0, 1831.0, 6113.0, 7957.0, -5601.0, -7149.0, 7337.0, -18477.0, -509.0, -661.0, -19895.0, 12839.0, 10275.0, -12289.0, 14295.0, -11267.0, 1571.0, 297.0, -9175.0, 623.0, 4821.0, -3563.0, 3711.0, 4553.0, 5863.0, -10957.0, 4045.0, -12599.0, 13015.0, -9881.0, 5801.0, -19373.0, 28579.0, -19929.0, 12589.0, -7405.0, -99913669.0, -893.0], [1279.0, 15177.0, 12631.0, 11151.0, -9299.0, 1397.0, 4215.0, 35.0, 15201.0, -2937.0, -2373.0, -1853.0, 14805.0, 3139.0, 8995.0, 10099.0, -2925.0, 16433.0, -3913.0, -4203.0, -8451.0, 5523.0, 2557.0, 3601.0, 4447.0, 6249.0, 9579.0, -10361.0, -5039.0, -14519.0, -2893.0, 26063.0, 17681.0, 27507.0, 22579.0, 33387.0, -5935.0, 23927.0, -893.0, -99913669.0]]}