{"connections": [[-999211.0, -243.0, 877.0, 149.0, 2255.0, 249.0, 1327.0, 615.0, 1451.0, 1349.0, -1495.0, -1449.0, 671.0, -751.0, -1019.0, 285.0, 609.0, -649.0, -603.0, -1069.0, -1275.0, 1187.0, -273.0, -443.0, 259.0, 809.0, -365.0, -727.0, 1031.0, -1225.0, 2547.0, -1067.0, -1313.0, 689.0, -523.0, 539.0, 1027.0, -457.0, -211.0, 617.0], [-243.0, -999211.0, 477.0, 153.0, -157.0, -863.0, 787.0, -2477.0, -265.0, 485.0, 277.0, -537.0, -73.0, 1781.0, -367.0, 405.0, -131.0, -573.0, 405.0, 203.0, 541.0, -37.0, -1825.0, -39.0, -885.0, 449.0, -473.0, -1191.0, 35.0, 1247.0, -749.0, -267.0, -841.0, 1065.0, 905.0, 1219.0, 1015.0, 2811.0, 945.0, 1169.0], [877.0, 477.0, -999211.0, 653.0, 743.0, 2105.0, 723.0, -445.0, 535.0, 1289.0, -731.0, 1263.0, 1751.0, -1403.0, -591.0, 361.0, -1663.0, 935.0, -163.0, -37.0, 61.0, -1921.0, 287.0, -1063.0, 131.0, -1323.0, 35.0, 149.0, 1103.0, 1655.0, 603.0, -95.0, -221.0, 393.0, 1537.0, -261.0, -289.0, 1155.0, 85.0, 969.0], [149.0, 153.0, 653.0, -999211.0, -2921.0, -1095.0, 331.0, -725.0, 415.0, 669.0, 2353.0, 1555.0, -677.0, 801.0, -551.0, 1837.0, 297.0, 971.0, 801.0, 503.0, 301.0, 23.0, 175.0, -123.0, 1971.0, 645.0, -433.0, -267.0, -1721.0, 159.0, -201.0, 725.0, 383.0, -483.0, 1189.0, -1985.0, -97.0, -85.0, 545.0, -227.0], [2255.0, -157.0, 743.0, -2921.0, -999211.0, 1131.0, -407.0, -175.0, 1085.0, 855.0, 771.0, -1623.0, 237.0, 2451.0, -117.0, 1647.0, -613.0, -359.0, 811.0, -2059.0, -1465.0, -115.0, 61.0, 907.0, -91.0, -1249.0, -807.0, -61.0, -75.0, -227.0, 341.0, -1113.0, 525.0, -1685.0, 59.0, 341.0, -19.0, 1973.0, 203.0, -105.0], [249.0, -863.0, 2105.0, -1095.0, 1131.0, -999211.0, -557.0, 1807.0, 55.0, -1227.0, -483.0, 375.0, -545.0, 1253.0, -875.0, 117.0, -1403.0, -537.0, 949.0, 767.0, 585.0, 259.0, -209.0, 173.0, -481.0, 701.0, -981.0, -275.0, -717.0, 147.0, -205.0, 45.0, 187.0, -515.0, 1381.0, -625.0, 787.0, 2739.0, -435.0, 233.0], [1327.0, 787.0, 723.0, 331.0, -407.0, -557.0, -999211.0, 1485.0, 1785.0, -37.0, -961.0, 1213.0, 337.0, 2319.0, -245.0, -325.0, 983.0, 1241.0, -657.0, 969.0, 651.0, -295.0, -247.0, 871.0, 109.0, 31.0, 657.0, 987.0, 105.0, 417.0, 993.0, -557.0, 261.0, 79.0, -1241.0, 673.0, 513.0, -687.0, -57.0, -1633.0], [615.0, -2477.0, -445.0, -725.0, -175.0, 1807.0, 1485.0, -999211.0, 709.0, 1887.0, -2801.0, 81.0, -655.0, 827.0, 859.0, 819.0, 1823.0, 481.0, -2501.0, -659.0, 1923.0, 697.0, 461.0, -1833.0, 757.0, -61.0, 1401.0, 1247.0, -1051.0, -1323.0, 293.0, 907.0, -567.0, -1165.0, 1239.0, -1083.0, -1335.0, 709.0, -341.0, 2031.0], [1451.0, -265.0, 535.0, 415.0, 1085.0, 55.0, 1785.0, 709.0, -999211.0, -1729.0, -545.0, -563.0, -379.0, 1115.0, 163.0, -273.0, 967.0, -823.0, -1317.0, 341.0, 2059.0, 57.0, -947.0, -261.0, -339.0, -341.0, -163.0, -1261.0, -1639.0, -331.0, 421.0, -509.0, -635.0, -133.0, -229.0, 1049.0, -267.0, -1191.0, -189.0, -497.0], [1349.0, 485.0, 1289.0, 669.0, 855.0, -1227.0, -37.0, 1887.0, -1729.0, -999211.0, -11.0, -193.0, 487.0, -1559.0, 1093.0, 569.0, 2385.0, 307.0, -767.0, -785.0, -679.0, 1339.0, -77.0, 753.0, -817.0, 281.0, -65.0, -183.0, 1307.0, 239.0, -657.0, 833.0, 59.0, -379.0, -515.0, -161.0, -757.0, 1179.0, 1561.0, -2387.0], [-1495.0, 277.0, -731.0, 2353.0, 771.0, -483.0, -961.0, -2801.0, -545.0, -11.0, -999211.0, -309.0, 1087.0, 2681.0, -835.0, 329.0, 1161.0, 507.0, 313.0, -189.0, -875.0, -185.0, 2391.0, -1459.0, 355.0, 1165.0, -1385.0, -99.0, -117.0, -1217.0, 1447.0, -1023.0, -1681.0, 477.0, -767.0, -317.0, 1127.0, -1157.0, 161.0, -999.0], [-1449.0, -537.0, 1263.0, 1555.0, -1623.0, 375.0, 1213.0, 81.0, -563.0, -193.0, -309.0, -999211.0, -851.0, -1089.0, 1347.0, 743.0, -457.0, 709.0, 63.0, -1415.0, 1571.0, -335.0, -7.0, -49.0, -887.0, 1671.0, -315.0, 1131.0, 161.0, -415.0, 1273.0, 1999.0, 1833.0, -853.0, 1275.0, -2435.0, 309.0, -2807.0, -1689.0, -2509.0], [671.0, -73.0, 1751.0, -677.0, 237.0, -545.0, 337.0, -655.0, -379.0, 487.0, 1087.0, -851.0, -999211.0, -365.0, 639.0, 319.0, -697.0, -1103.0, -1585.0, -1423.0, 1691.0, -815.0, -407.0, 99.0, -295.0, -401.0, 393.0, 631.0, -2051.0, 225.0, 1857.0, -1653.0, 61.0, 639.0, -1921.0, 593.0, -1347.0, 169.0, -1881.0, -761.0], [-751.0, 1781.0, -1403.0, 801.0, 2451.0, 1253.0, 2319.0, 827.0, 1115.0, -1559.0, 2681.0, -1089.0, -365.0, -999211.0, -1067.0, 1305.0, 893.0, 1507.0, -639.0, 367.0, -651.0, -793.0, -1505.0, -171.0, -473.0, -451.0, -581.0, 277.0, 759.0, -2057.0, 1143.0, -1347.0, 783.0, -899.0, -243.0, 1679.0, -625.0, 951.0, -367.0, -607.0], [-1019.0, -367.0, -591.0, -551.0, -117.0, -875.0, -245.0, 859.0, 163.0, 1093.0, -835.0, 1347.0, 639.0, -1067.0, -999211.0, -203.0, -659.0, -21.0, -1035.0, -1333.0, -1227.0, 1195.0, 611.0, 857.0, 847.0, -727.0, 111.0, 241.0, 547.0, 887.0, 275.0, -1663.0, 1383.0, -675.0, 433.0, 1535.0, -777.0, -1229.0, 1613.0, -1255.0], [285.0, 405.0, 361.0, 1837.0, 1647.0, 117.0, -325.0, 819.0, -273.0, 569.0, 329.0, 743.0, 319.0, 1305.0, -203.0, -999211.0, -1227.0, -249.0, -723.0, 651.0, -195.0, 1515.0, 1083.0, 1161.0, 431.0, -563.0, 479.0, 817.0, -549.0, 1615.0, -2005.0, -1031.0, -629.0, 657.0, 1801.0, -425.0, -1117.0, -29.0, 1225.0, -403.0], [609.0, -131.0, -1663.0, 297.0, -613.0, -1403.0, 983.0, 1823.0, 967.0, 2385.0, 1161.0, -457.0, -697.0, 893.0, -659.0, -1227.0, -999211.0, 227.0, -271.0, 11.0, 1785.0, -1165.0, 755.0, 705.0, 631.0, 1141.0, 843.0, -947.0, 479.0, -553.0, 675.0, -1415.0, 951.0, 1881.0, -347.0, 847.0, 1167.0, 1775.0, 501.0, 1517.0], [-649.0, -573.0, 935.0, 971.0, -359.0, -537.0, 1241.0, 481.0, -823.0, 307.0, 507.0, 709.0, -1103.0, 1507.0, -21.0, -249.0, 227.0, -999211.0, 511.0, -507.0, 215.0, -1455.0, 569.0, -1553.0, -2119.0, 1451.0, -799.0, 151.0, -239.0, -2003.0, -35.0, -565.0, -819.0, 1319.0, -381.0, 113.0, 1089.0, 669.0, 1599.0, 1495.0], [-603.0, 405.0, -163.0, 801.0, 811.0, 949.0, -657.0, -2501.0, -1317.0, -767.0, 313.0, 63.0, -1585.0, -639.0, -1035.0, -723.0, -271.0, 511.0, -999211.0, -1049.0, -735.0, -921.0, -297.0, -951.0, 1535.0, -827.0, 2123.0, 805.0, 671.0, 51.0, 423.0, -875.0, -1097.0, 545.0, 905.0, 143.0, 631.0, -841.0, -95.0, -879.0], [-1069.0, 203.0, -37.0, 503.0, -2059.0, 767.0, 969.0, -659.0, 341.0, -785.0, -189.0, -1415.0, -1423.0, 367.0, -1333.0, 651.0, 11.0, -507.0, -1049.0, -999211.0, 2215.0, 165.0, -1123.0, 1191.0, -703.0, -745.0, 85.0, 39.0, 2261.0, 793.0, 253.0, 191.0, -967.0, 43.0, 91.0, -639.0, -2431.0, -683.0, 1347.0, -2593.0], [-1275.0, 541.0, 61.0, 301.0, -1465.0, 585.0, 651.0, 1923.0, 2059.0, -679.0, -875.0, 1571.0, 1691.0, -651.0, -1227.0, -195.0, 1785.0, 215.0, -735.0, 2215.0, -999211.0, -437.0, 1219.0, -1999.0, -365.0, 985.0, 763.0, -1435.0, 1839.0, -757.0, 1035.0, 73.0, -833.0, 257.0, -307.0, -381.0, -673.0, -1217.0, -687.0, -1463.0], [1187.0, -37.0, -1921.0, 23.0, -115.0, 259.0, -295.0, 697.0, 57.0, 1339.0, -185.0, -335.0, -815.0, -793.0, 1195.0, 1515.0, -1165.0, -1455.0, -921.0, 165.0, -437.0, -999211.0, -251.0, 1147.0, -263.0, 959.0, -627.0, 311.0, 705.0, 605.0, -63.0, 239.0, 17.0, 115.0, 791.0, 257.0, -291.0, 853.0, -421.0, -1481.0], [-273.0, -1825.0, 287.0, 175.0, 61.0, -209.0, -247.0, 461.0, -947.0, -77.0, 2391.0, -7.0, -407.0, -1505.0, 611.0, 1083.0, 755.0, 569.0, -297.0, -1123.0, 1219.0, -251.0, -999211.0, -1029.0, 1997.0, 759.0, -1683.0, 675.0, -115.0, -763.0, -659.0, -2405.0, 2393.0, -13.0, 1603.0, -795.0, 901.0, -663.0, 179.0, -421.0], [-443.0, -39.0, -1063.0, -123.0, 907.0, 173.0, 871.0, -1833.0, -261.0, 753.0, -1459.0, -49.0, 99.0, -171.0, 857.0, 1161.0, 705.0, -1553.0, -951.0, 1191.0, -1999.0, 1147.0, -1029.0, -999211.0, 39.0, 605.0, 63.0, 397.0, 143.0, 943.0, -281.0, -899.0, 59.0, 369.0, -495.0, 499.0, 343.0, 543.0, -803.0, -2855.0], [259.0, -885.0, 131.0, 1971.0, -91.0, -481.0, 109.0, 757.0, -339.0, -817.0, 355.0, -887.0, -295.0, -473.0, 847.0, 431.0, 631.0, -2119.0, 1535.0, -703.0, -365.0, -263.0, 1997.0, 39.0, -999211.0, 1943.0, -651.0, 887.0, 1413.0, -867.0, 481.0, 899.0, -3.0, -9.0, 699.0, 321.0, 213.0, 301.0, 379.0, -1757.0], [809.0, 449.0, -1323.0, 645.0, -1249.0, 701.0, 31.0, -61.0, -341.0, 281.0, 1165.0, 1671.0, -401.0, -451.0, -727.0, -563.0, 1141.0, 1451.0, -827.0, -745.0, 985.0, 959.0, 759.0, 605.0, 1943.0, -999211.0, 951.0, -1323.0, 983.0, 215.0, 491.0, 1325.0, -957.0, 117.0, 1321.0, 1639.0, 907.0, 139.0, 1381.0, -1035.0], [-365.0, -473.0, 35.0, -433.0, -807.0, -981.0, 657.0, 1401.0, -163.0, -65.0, -1385.0, -315.0, 393.0, -581.0, 111.0, 479.0, 843.0, -799.0, 2123.0, 85.0, 763.0, -627.0, -1683.0, 63.0, -651.0, 951.0, -999211.0, 1715.0, -1035.0, -1295.0, 709.0, -1933.0, -2075.0, -957.0, 1835.0, 2473.0, 949.0, 2977.0, -617.0, -425.0], [-727.0, -1191.0, 149.0, -267.0, -61.0, -275.0, 987.0, 1247.0, -1261.0, -183.0, -99.0, 1131.0, 631.0, 277.0, 241.0, 817.0, -947.0, 151.0, 805.0, 39.0, -1435.0, 311.0, 675.0, 397.0, 887.0, -1323.0, 1715.0, -999211.0, 319.0, -21.0, -869.0, -791.0, -45.0, 209.0, 457.0, 799.0, 943.0, 1131.0, 881.0, 53.0], [1031.0, 35.0, 1103.0, -1721.0, -75.0, -717.0, 105.0, -1051.0, -1639.0, 1307.0, -117.0, 161.0, -2051.0, 759.0, 547.0, -549.0, 479.0, -239.0, 671.0, 2261.0, 1839.0, 705.0, -115.0, 143.0, 1413.0, 983.0, -1035.0, 319.0, -999211.0, 889.0, 625.0, -1189.0, -1527.0, 1075.0, 1611.0, 1141.0, 105.0, 1221.0, 167.0, -281.0], [-1225.0, 1247.0, 1655.0, 159.0, -227.0, 147.0, 417.0, -1323.0, -331.0, 239.0, -1217.0, -415.0, 225.0, -2057.0, 887.0, 1615.0, -553.0, -2003.0, 51.0, 793.0, -757.0, 605.0, -763.0, 943.0, -867.0, 215.0, -1295.0, -21.0, 889.0, -999211.0, -1695.0, -2837.0, -971.0, 1159.0, -285.0, 165.0, -227.0, -1731.0, -761.0, -1641.0], [2547.0, -749.0, 603.0, -201.0, 341.0, -205.0, 993.0, 293.0, 421.0, -657.0, 1447.0, 1273.0, 1857.0, 1143.0, 275.0, -2005.0, 675.0, -35.0, 423.0, 253.0, 1035.0, -63.0, -659.0, -281.0, 481.0, 491.0, 709.0, -869.0, 625.0, -1695.0, -999211.0, -1377.0, 1301.0, 1443.0, -709.0, 405.0, -791.0, -571.0, 271.0, 1507.0], [-1067.0, -267.0, -95.0, 725.0, -1113.0, 45.0, -557.0, 907.0, -509.0, 833.0, -1023.0, 1999.0, -1653.0, -1347.0, -1663.0, -1031.0, -1415.0, -565.0, -875.0, 191.0, 73.0, 239.0, -2405.0, -899.0, 899.0, 1325.0, -1933.0, -791.0, -1189.0, -2837.0, -1377.0, -999211.0, 663.0, -187.0, -591.0, -477.0, 1259.0, 395.0, 461.0, 553.0], [-1313.0, -841.0, -221.0, 383.0, 525.0, 187.0, 261.0, -567.0, -635.0, 59.0, -1681.0, 1833.0, 61.0, 783.0, 1383.0, -629.0, 951.0, -819.0, -1097.0, -967.0, -833.0, 17.0, 2393.0, 59.0, -3.0, -957.0, -2075.0, -45.0, -1527.0, -971.0, 1301.0, 663.0, -999211.0, -297.0, -1033.0, 277.0, -1355.0, -395.0, 819.0, 243.0], [689.0, 1065.0, 393.0, -483.0, -1685.0, -515.0, 79.0, -1165.0, -133.0, -379.0, 477.0, -853.0, 639.0, -899.0, -675.0, 657.0, 1881.0, 1319.0, 545.0, 43.0, 257.0, 115.0, -13.0, 369.0, -9.0, 117.0, -957.0, 209.0, 1075.0, 1159.0, 1443.0, -187.0, -297.0, -999211.0, 509.0, 1287.0, -161.0, 2355.0, 289.0, -39.0], [-523.0, 905.0, 1537.0, 1189.0, 59.0, 1381.0, -1241.0, 1239.0, -229.0, -515.0, -767.0, 1275.0, -1921.0, -243.0, 433.0, 1801.0, -347.0, -381.0, 905.0, 91.0, -307.0, 791.0, 1603.0, -495.0, 699.0, 1321.0, 1835.0, 457.0, 1611.0, -285.0, -709.0, -591.0, -1033.0, 509.0, -999211.0, -1125.0, -1745.0, 1559.0, 285.0, -331.0], [539.0, 1219.0, -261.0, -1985.0, 341.0, -625.0, 673.0, -1083.0, 1049.0, -161.0, -317.0, -2435.0, 593.0, 1679.0, 1535.0, -425.0, 847.0, 113.0, 143.0, -639.0, -381.0, 257.0, -795.0, 499.0, 321.0, 1639.0, 2473.0, 799.0, 1141.0, 165.0, 405.0, -477.0, 277.0, 1287.0, -1125.0, -999211.0, -735.0, -235.0, -121.0, -301.0], [1027.0, 1015.0, -289.0, -97.0, -19.0, 787.0, 513.0, -1335.0, -267.0, -757.0, 1127.0, 309.0, -1347.0, -625.0, -777.0, -1117.0, 1167.0, 1089.0, 631.0, -2431.0, -673.0, -291.0, 901.0, 343.0, 213.0, 907.0, 949.0, 943.0, 105.0, -227.0, -791.0, 1259.0, -1355.0, -161.0, -1745.0, -735.0, -999211.0, 385.0, 1763.0, -373.0], [-457.0, 2811.0, 1155.0, -85.0, 1973.0, 2739.0, -687.0, 709.0, -1191.0, 1179.0, -1157.0, -2807.0, 169.0, 951.0, -1229.0, -29.0, 1775.0, 669.0, -841.0, -683.0, -1217.0, 853.0, -663.0, 543.0, 301.0, 139.0, 2977.0, 1131.0, 1221.0, -1731.0, -571.0, 395.0, -395.0, 2355.0, 1559.0, -235.0, 385.0, -999211.0, -2341.0, -21.0], [-211.0, 945.0, 85.0, 545.0, 203.0, -435.0, -57.0, -341.0, -189.0, 1561.0, 161.0, -1689.0, -1881.0, -367.0, 1613.0, 1225.0, 501.0, 1599.0, -95.0, 1347.0, -687.0, -421.0, 179.0, -803.0, 379.0, 1381.0, -617.0, 881.0, 167.0, -761.0, 271.0, 461.0, 819.0, 289.0, 285.0, -121.0, 1763.0, -2341.0, -999211.0, 253.0], [617.0, 1169.0, 969.0, -227.0, -105.0, 233.0, -1633.0, 2031.0, -497.0, -2387.0, -999.0, -2509.0, -761.0, -607.0, -1255.0, -403.0, 1517.0, 1495.0, -879.0, -2593.0, -1463.0, -1481.0, -421.0, -2855.0, -1757.0, -1035.0, -425.0, 53.0, -281.0, -1641.0, 1507.0, 553.0, 243.0, -39.0, -331.0, -301.0, -373.0, -21.0, 253.0, -999211.0]]}