{"connections": [[-9991686.0, 398.0, 7054.0, -1498.0, 2760.0, -386.0, 1672.0, -1616.0, 3166.0, 1786.0, 1074.0, 520.0, 376.0, -3286.0, 7076.0, -1850.0, 2292.0, -1326.0, 2984.0, 2248.0, 1694.0, -1842.0, -2590.0, -3176.0, 3656.0, -1062.0, 2474.0, -4096.0, -666.0, 1444.0, 4446.0, -4692.0, -918.0, 1522.0, -4798.0, -4084.0, -3770.0, 2300.0, -2006.0, 398.0], [398.0, -9991686.0, -650.0, -1834.0, 5264.0, 2142.0, 996.0, 2936.0, -326.0, -3586.0, -4358.0, 4148.0, -4860.0, 4122.0, -5244.0, 38.0, 1952.0, 5346.0, 828.0, -1984.0, 2566.0, 7906.0, 2966.0, -4188.0, 7620.0, 2442.0, -3930.0, -1280.0, 6838.0, 3208.0, 4242.0, 4152.0, 4726.0, 1542.0, -130.0, 184.0, -3590.0, -3472.0, 1286.0, -5062.0], [7054.0, -650.0, -9991686.0, 1794.0, 9184.0, -4142.0, 4864.0, -640.0, 3866.0, 758.0, 5442.0, 144.0, 9912.0, -1290.0, -1920.0, -50.0, 372.0, 1010.0, 3344.0, 216.0, 694.0, 6298.0, 106.0, -1604.0, 3576.0, 5858.0, -1498.0, -4264.0, -1966.0, 2896.0, -3138.0, -3060.0, 1822.0, -3074.0, -1922.0, -2952.0, -1302.0, -1780.0, -778.0, 1418.0], [-1498.0, -1834.0, 1794.0, -9991686.0, -1736.0, 366.0, 6560.0, 504.0, -2846.0, 2930.0, 2726.0, 1972.0, -4468.0, -5874.0, 1468.0, -1350.0, 352.0, 1198.0, -3856.0, 1420.0, 1630.0, 470.0, -474.0, -4020.0, -1876.0, 1086.0, 2402.0, 1000.0, -3058.0, -6556.0, -82.0, 4.0, -5290.0, -4082.0, -3342.0, -5236.0, 66.0, -1428.0, -5486.0, -1822.0], [2760.0, 5264.0, 9184.0, -1736.0, -9991686.0, -2144.0, 6698.0, -4718.0, -2748.0, -840.0, 3672.0, 4878.0, 3902.0, 20.0, 1278.0, 2232.0, -754.0, 408.0, -4554.0, 334.0, 1544.0, -4632.0, 5108.0, -2586.0, 5922.0, -3408.0, 3528.0, -2346.0, 5716.0, 7038.0, -20.0, 622.0, -1544.0, -216.0, -100.0, -6.0, -2360.0, -3094.0, 1204.0, 1284.0], [-386.0, 2142.0, -4142.0, 366.0, -2144.0, -9991686.0, -6552.0, -2084.0, -1674.0, -582.0, -1214.0, 3380.0, -5428.0, 5314.0, 3336.0, 4434.0, -4380.0, -946.0, -2780.0, 2232.0, -2242.0, 326.0, -2782.0, 2780.0, 388.0, -1710.0, 3150.0, 2788.0, 6742.0, 8196.0, 1994.0, -3020.0, -498.0, -1922.0, 4926.0, 1972.0, -6486.0, 2000.0, 2482.0, -6306.0], [1672.0, 996.0, 4864.0, 6560.0, 6698.0, -6552.0, -9991686.0, -2102.0, 2044.0, -3836.0, 276.0, 5794.0, 3034.0, -2968.0, -4890.0, -120.0, -346.0, -3996.0, 4358.0, 1454.0, -3800.0, 1676.0, 132.0, 1918.0, 5298.0, 4116.0, -1816.0, -8442.0, -168.0, 1334.0, -4164.0, -3822.0, 6500.0, 476.0, -5572.0, 2966.0, 1172.0, 1394.0, -7432.0, 1068.0], [-1616.0, 2936.0, -640.0, 504.0, -4718.0, -2084.0, -2102.0, -9991686.0, 364.0, 2624.0, 700.0, 1118.0, 3774.0, -4440.0, 2058.0, 5556.0, 2250.0, 1628.0, 218.0, -494.0, -376.0, 5264.0, -4508.0, 226.0, 2794.0, 5216.0, 2544.0, 2930.0, -168.0, 1142.0, 1380.0, 4738.0, -1668.0, 2104.0, 100.0, -666.0, -4336.0, 1870.0, -848.0, 2340.0], [3166.0, -326.0, 3866.0, -2846.0, -2748.0, -1674.0, 2044.0, 364.0, -9991686.0, -458.0, 1438.0, -1268.0, -580.0, -2682.0, 124.0, -294.0, 2304.0, -3382.0, 7160.0, 840.0, -5006.0, -714.0, 3746.0, 2220.0, 64.0, 2086.0, 842.0, 160.0, -2794.0, -12.0, 238.0, 2876.0, 3962.0, 2674.0, -3714.0, 2632.0, -18.0, 5920.0, 3678.0, -3546.0], [1786.0, -3586.0, 758.0, 2930.0, -840.0, -582.0, -3836.0, 2624.0, -458.0, -9991686.0, 7930.0, 2516.0, 3724.0, 2926.0, -9432.0, 810.0, 852.0, -5506.0, 240.0, 4136.0, 1698.0, -1854.0, -4626.0, 1976.0, -1204.0, -6442.0, -262.0, 5648.0, 6214.0, -1716.0, 166.0, -5972.0, 1122.0, 4550.0, 2610.0, 3564.0, -2966.0, 1500.0, 1398.0, 2474.0], [1074.0, -4358.0, 5442.0, 2726.0, 3672.0, -1214.0, 276.0, 700.0, 1438.0, 7930.0, -9991686.0, 5072.0, 2844.0, 1818.0, -1800.0, -3522.0, 8388.0, 510.0, 532.0, -3956.0, -854.0, -3070.0, 1878.0, -3544.0, 5068.0, 6850.0, -1134.0, 5280.0, 3194.0, 364.0, 5602.0, 900.0, 322.0, 2770.0, -1706.0, 1324.0, -1026.0, -640.0, 962.0, -4286.0], [520.0, 4148.0, 144.0, 1972.0, 4878.0, 3380.0, 5794.0, 1118.0, -1268.0, 2516.0, 5072.0, -9991686.0, -3454.0, 7800.0, -6446.0, 3384.0, -1406.0, 3392.0, 4650.0, 1230.0, -3312.0, 4404.0, 5064.0, 4130.0, -3738.0, 1764.0, -264.0, 4038.0, 2956.0, 3522.0, 1668.0, 4298.0, 7384.0, 3492.0, 1016.0, -522.0, -2832.0, -2818.0, 2760.0, -1252.0], [376.0, -4860.0, 9912.0, -4468.0, 3902.0, -5428.0, 3034.0, 3774.0, -580.0, 3724.0, 2844.0, -3454.0, -9991686.0, 1660.0, 902.0, -660.0, 694.0, 3936.0, 7318.0, 1678.0, 3016.0, -3844.0, 1440.0, -282.0, 3838.0, -5016.0, 2148.0, 3346.0, 1680.0, 3650.0, 360.0, 1726.0, 3568.0, -180.0, -3712.0, 3990.0, -5528.0, -270.0, 1324.0, 4180.0], [-3286.0, 4122.0, -1290.0, -5874.0, 20.0, 5314.0, -2968.0, -4440.0, -2682.0, 2926.0, 1818.0, 7800.0, 1660.0, -9991686.0, -6432.0, -1602.0, 1236.0, 1402.0, -3060.0, 2544.0, -1182.0, -866.0, 954.0, 7380.0, -992.0, 9738.0, -162.0, 2972.0, 166.0, 56.0, -4062.0, 904.0, -766.0, 1566.0, 4510.0, 1008.0, 190.0, 2096.0, -3774.0, 1018.0], [7076.0, -5244.0, -1920.0, 1468.0, 1278.0, 3336.0, -4890.0, 2058.0, 124.0, -9432.0, -1800.0, -6446.0, 902.0, -6432.0, -9991686.0, 544.0, 8214.0, 7132.0, 3582.0, 3754.0, -3140.0, -400.0, -1588.0, 582.0, 710.0, -1820.0, 956.0, 54.0, 4316.0, 2274.0, -1608.0, -1302.0, 472.0, 2056.0, -2788.0, 1778.0, 132.0, -2006.0, 4592.0, 1244.0], [-1850.0, 38.0, -50.0, -1350.0, 2232.0, 4434.0, -120.0, 5556.0, -294.0, 810.0, -3522.0, 3384.0, -660.0, -1602.0, 544.0, -9991686.0, -1356.0, 4326.0, 3568.0, 3768.0, -2858.0, -258.0, -1530.0, -44.0, 1372.0, 2822.0, -6782.0, 940.0, -4626.0, 8600.0, 718.0, -1472.0, -2230.0, 4794.0, 402.0, -5992.0, -3086.0, -3120.0, 4398.0, 3334.0], [2292.0, 1952.0, 372.0, 352.0, -754.0, -4380.0, -346.0, 2250.0, 2304.0, 852.0, 8388.0, -1406.0, 694.0, 1236.0, 8214.0, -1356.0, -9991686.0, 4960.0, 6138.0, -98.0, 240.0, 6740.0, -1456.0, -474.0, 1266.0, -3280.0, -3484.0, 3650.0, 3280.0, -918.0, 4132.0, -446.0, -732.0, 400.0, -688.0, 2722.0, -472.0, -2718.0, -0.0, -4496.0], [-1326.0, 5346.0, 1010.0, 1198.0, 408.0, -946.0, -3996.0, 1628.0, -3382.0, -5506.0, 510.0, 3392.0, 3936.0, 1402.0, 7132.0, 4326.0, 4960.0, -9991686.0, 884.0, 3600.0, 2222.0, 1322.0, 1118.0, 1860.0, 892.0, -1318.0, -2250.0, 4432.0, 4178.0, -512.0, -78.0, -3860.0, 490.0, 2610.0, 1694.0, -148.0, -302.0, 3116.0, -918.0, 1798.0], [2984.0, 828.0, 3344.0, -3856.0, -4554.0, -2780.0, 4358.0, 218.0, 7160.0, 240.0, 532.0, 4650.0, 7318.0, -3060.0, 3582.0, 3568.0, 6138.0, 884.0, -9991686.0, -3058.0, -1332.0, -2196.0, 3276.0, 2566.0, 5390.0, 4380.0, -940.0, 3298.0, -3480.0, 3270.0, -560.0, -5682.0, 604.0, 2100.0, 1332.0, 1574.0, -856.0, 2722.0, -3116.0, -2044.0], [2248.0, -1984.0, 216.0, 1420.0, 334.0, 2232.0, 1454.0, -494.0, 840.0, 4136.0, -3956.0, 1230.0, 1678.0, 2544.0, 3754.0, 3768.0, -98.0, 3600.0, -3058.0, -9991686.0, 800.0, -2264.0, 2000.0, 3742.0, -5846.0, 6604.0, -40.0, -1762.0, -2212.0, 2358.0, -4168.0, 5538.0, 900.0, -2792.0, -1380.0, -282.0, 2940.0, -1730.0, 3076.0, 1636.0], [1694.0, 2566.0, 694.0, 1630.0, 1544.0, -2242.0, -3800.0, -376.0, -5006.0, 1698.0, -854.0, -3312.0, 3016.0, -1182.0, -3140.0, -2858.0, 240.0, 2222.0, -1332.0, 800.0, -9991686.0, -1538.0, 3458.0, -2864.0, 11784.0, -3082.0, 3458.0, -3348.0, 2070.0, 2624.0, 142.0, -3548.0, 5254.0, 998.0, -3350.0, -6040.0, -4798.0, -4704.0, -3822.0, -3754.0], [-1842.0, 7906.0, 6298.0, 470.0, -4632.0, 326.0, 1676.0, 5264.0, -714.0, -1854.0, -3070.0, 4404.0, -3844.0, -866.0, -400.0, -258.0, 6740.0, 1322.0, -2196.0, -2264.0, -1538.0, -9991686.0, 5914.0, 2472.0, -2080.0, 374.0, 2494.0, -2040.0, -6754.0, 1368.0, -2050.0, 6964.0, 834.0, -3902.0, 1470.0, 1996.0, -506.0, 1988.0, -2146.0, -842.0], [-2590.0, 2966.0, 106.0, -474.0, 5108.0, -2782.0, 132.0, -4508.0, 3746.0, -4626.0, 1878.0, 5064.0, 1440.0, 954.0, -1588.0, -1530.0, -1456.0, 1118.0, 3276.0, 2000.0, 3458.0, 5914.0, -9991686.0, -3468.0, 2756.0, 3166.0, -2942.0, -420.0, 4850.0, -4188.0, 794.0, -1892.0, 1486.0, -4134.0, 778.0, -2284.0, 6706.0, 6188.0, -1382.0, -222.0], [-3176.0, -4188.0, -1604.0, -4020.0, -2586.0, 2780.0, 1918.0, 226.0, 2220.0, 1976.0, -3544.0, 4130.0, -282.0, 7380.0, 582.0, -44.0, -474.0, 1860.0, 2566.0, 3742.0, -2864.0, 2472.0, -3468.0, -9991686.0, -122.0, 4064.0, 2704.0, 3970.0, -696.0, 226.0, 3412.0, 1306.0, -3296.0, -5800.0, 936.0, 1978.0, 4156.0, -2326.0, 356.0, -1996.0], [3656.0, 7620.0, 3576.0, -1876.0, 5922.0, 388.0, 5298.0, 2794.0, 64.0, -1204.0, 5068.0, -3738.0, 3838.0, -992.0, 710.0, 1372.0, 1266.0, 892.0, 5390.0, -5846.0, 11784.0, -2080.0, 2756.0, -122.0, -9991686.0, 5424.0, 6536.0, -278.0, -684.0, -4230.0, 2092.0, -3142.0, 6176.0, 2560.0, -980.0, -3830.0, 2528.0, 874.0, 828.0, 6604.0], [-1062.0, 2442.0, 5858.0, 1086.0, -3408.0, -1710.0, 4116.0, 5216.0, 2086.0, -6442.0, 6850.0, 1764.0, -5016.0, 9738.0, -1820.0, 2822.0, -3280.0, -1318.0, 4380.0, 6604.0, -3082.0, 374.0, 3166.0, 4064.0, 5424.0, -9991686.0, -1526.0, 2388.0, 358.0, 4368.0, -1718.0, 6348.0, 1202.0, 5406.0, -4430.0, -988.0, -2346.0, -2528.0, 2146.0, -2582.0], [2474.0, -3930.0, -1498.0, 2402.0, 3528.0, 3150.0, -1816.0, 2544.0, 842.0, -262.0, -1134.0, -264.0, 2148.0, -162.0, 956.0, -6782.0, -3484.0, -2250.0, -940.0, -40.0, 3458.0, 2494.0, -2942.0, 2704.0, 6536.0, -1526.0, -9991686.0, 2580.0, 4154.0, 2436.0, -2918.0, -5740.0, 766.0, 254.0, -2766.0, 972.0, 3550.0, 1192.0, 4062.0, 5294.0], [-4096.0, -1280.0, -4264.0, 1000.0, -2346.0, 2788.0, -8442.0, 2930.0, 160.0, 5648.0, 5280.0, 4038.0, 3346.0, 2972.0, 54.0, 940.0, 3650.0, 4432.0, 3298.0, -1762.0, -3348.0, -2040.0, -420.0, 3970.0, -278.0, 2388.0, 2580.0, -9991686.0, 3552.0, 4170.0, -680.0, -282.0, 968.0, 4292.0, -2448.0, 5646.0, -4072.0, 1666.0, 1160.0, -4404.0], [-666.0, 6838.0, -1966.0, -3058.0, 5716.0, 6742.0, -168.0, -168.0, -2794.0, 6214.0, 3194.0, 2956.0, 1680.0, 166.0, 4316.0, -4626.0, 3280.0, 4178.0, -3480.0, -2212.0, 2070.0, -6754.0, 4850.0, -696.0, -684.0, 358.0, 4154.0, 3552.0, -9991686.0, 140.0, 826.0, -1032.0, 1762.0, -2002.0, 2062.0, 1092.0, 5866.0, 2424.0, 3862.0, 3454.0], [1444.0, 3208.0, 2896.0, -6556.0, 7038.0, 8196.0, 1334.0, 1142.0, -12.0, -1716.0, 364.0, 3522.0, 3650.0, 56.0, 2274.0, 8600.0, -918.0, -512.0, 3270.0, 2358.0, 2624.0, 1368.0, -4188.0, 226.0, -4230.0, 4368.0, 2436.0, 4170.0, 140.0, -9991686.0, -2952.0, 9182.0, 8568.0, 852.0, -2072.0, 4770.0, -480.0, 1998.0, 3136.0, 1508.0], [4446.0, 4242.0, -3138.0, -82.0, -20.0, 1994.0, -4164.0, 1380.0, 238.0, 166.0, 5602.0, 1668.0, 360.0, -4062.0, -1608.0, 718.0, 4132.0, -78.0, -560.0, -4168.0, 142.0, -2050.0, 794.0, 3412.0, 2092.0, -1718.0, -2918.0, -680.0, 826.0, -2952.0, -9991686.0, -9820.0, 5490.0, -8386.0, 4070.0, -2952.0, 1302.0, -2220.0, -574.0, 5054.0], [-4692.0, 4152.0, -3060.0, 4.0, 622.0, -3020.0, -3822.0, 4738.0, 2876.0, -5972.0, 900.0, 4298.0, 1726.0, 904.0, -1302.0, -1472.0, -446.0, -3860.0, -5682.0, 5538.0, -3548.0, 6964.0, -1892.0, 1306.0, -3142.0, 6348.0, -5740.0, -282.0, -1032.0, 9182.0, -9820.0, -9991686.0, -2904.0, 6404.0, -2388.0, 3786.0, -3324.0, 66.0, 4492.0, 776.0], [-918.0, 4726.0, 1822.0, -5290.0, -1544.0, -498.0, 6500.0, -1668.0, 3962.0, 1122.0, 322.0, 7384.0, 3568.0, -766.0, 472.0, -2230.0, -732.0, 490.0, 604.0, 900.0, 5254.0, 834.0, 1486.0, -3296.0, 6176.0, 1202.0, 766.0, 968.0, 1762.0, 8568.0, 5490.0, -2904.0, -9991686.0, 1698.0, -1306.0, 4512.0, 422.0, -68.0, 54.0, 1166.0], [1522.0, 1542.0, -3074.0, -4082.0, -216.0, -1922.0, 476.0, 2104.0, 2674.0, 4550.0, 2770.0, 3492.0, -180.0, 1566.0, 2056.0, 4794.0, 400.0, 2610.0, 2100.0, -2792.0, 998.0, -3902.0, -4134.0, -5800.0, 2560.0, 5406.0, 254.0, 4292.0, -2002.0, 852.0, -8386.0, 6404.0, 1698.0, -9991686.0, -2426.0, 2772.0, -1550.0, -76.0, 790.0, -4290.0], [-4798.0, -130.0, -1922.0, -3342.0, -100.0, 4926.0, -5572.0, 100.0, -3714.0, 2610.0, -1706.0, 1016.0, -3712.0, 4510.0, -2788.0, 402.0, -688.0, 1694.0, 1332.0, -1380.0, -3350.0, 1470.0, 778.0, 936.0, -980.0, -4430.0, -2766.0, -2448.0, 2062.0, -2072.0, 4070.0, -2388.0, -1306.0, -2426.0, -9991686.0, 2040.0, 2826.0, -1920.0, 2390.0, -1494.0], [-4084.0, 184.0, -2952.0, -5236.0, -6.0, 1972.0, 2966.0, -666.0, 2632.0, 3564.0, 1324.0, -522.0, 3990.0, 1008.0, 1778.0, -5992.0, 2722.0, -148.0, 1574.0, -282.0, -6040.0, 1996.0, -2284.0, 1978.0, -3830.0, -988.0, 972.0, 5646.0, 1092.0, 4770.0, -2952.0, 3786.0, 4512.0, 2772.0, 2040.0, -9991686.0, -1164.0, -146.0, -3532.0, 2584.0], [-3770.0, -3590.0, -1302.0, 66.0, -2360.0, -6486.0, 1172.0, -4336.0, -18.0, -2966.0, -1026.0, -2832.0, -5528.0, 190.0, 132.0, -3086.0, -472.0, -302.0, -856.0, 2940.0, -4798.0, -506.0, 6706.0, 4156.0, 2528.0, -2346.0, 3550.0, -4072.0, 5866.0, -480.0, 1302.0, -3324.0, 422.0, -1550.0, 2826.0, -1164.0, -9991686.0, 864.0, -362.0, 1510.0], [2300.0, -3472.0, -1780.0, -1428.0, -3094.0, 2000.0, 1394.0, 1870.0, 5920.0, 1500.0, -640.0, -2818.0, -270.0, 2096.0, -2006.0, -3120.0, -2718.0, 3116.0, 2722.0, -1730.0, -4704.0, 1988.0, 6188.0, -2326.0, 874.0, -2528.0, 1192.0, 1666.0, 2424.0, 1998.0, -2220.0, 66.0, -68.0, -76.0, -1920.0, -146.0, 864.0, -9991686.0, -2040.0, 3296.0], [-2006.0, 1286.0, -778.0, -5486.0, 1204.0, 2482.0, -7432.0, -848.0, 3678.0, 1398.0, 962.0, 2760.0, 1324.0, -3774.0, 4592.0, 4398.0, -0.0, -918.0, -3116.0, 3076.0, -3822.0, -2146.0, -1382.0, 356.0, 828.0, 2146.0, 4062.0, 1160.0, 3862.0, 3136.0, -574.0, 4492.0, 54.0, 790.0, 2390.0, -3532.0, -362.0, -2040.0, -9991686.0, 350.0], [398.0, -5062.0, 1418.0, -1822.0, 1284.0, -6306.0, 1068.0, 2340.0, -3546.0, 2474.0, -4286.0, -1252.0, 4180.0, 1018.0, 1244.0, 3334.0, -4496.0, 1798.0, -2044.0, 1636.0, -3754.0, -842.0, -222.0, -1996.0, 6604.0, -2582.0, 5294.0, -4404.0, 3454.0, 1508.0, 5054.0, 776.0, 1166.0, -4290.0, -1494.0, 2584.0, 1510.0, 3296.0, 350.0, -9991686.0]]}