{"connections": [[-1.0, 0.001260176424699458, -0.0010201428199947992, -0.001780249234892885, -0.006680935330946333, -0.0011801652231312385, -0.003000420058808233, 0.00022003080431260376, -0.000880123217250415, 0.0011201568219550736, -0.0026603724521433, -0.000180025203528494, 0.005700798111735643, -0.001080151221170964, 0.0041805852819394715, 0.0020402856399895984, 0.0037805292740983737, -6.000840117616466e-05, -0.003400476066649331, -0.002440341647830696, -0.00026003640509671355, -0.002160302442341928, -0.0011601624227391835, -0.00352049286900166, -0.00724101374192387, -0.004580641289780569, -0.001080151221170964, 0.0024203388474386416, 0.0022203108435180927, 0.001440201628227952, 0.0063008821234972895, 0.0027203808533194647, 0.0031204368611605624, 0.0024003360470465866, 0.008961254575640589, 0.003020422859200288, 0.0019002660372452144, 0.0022603164443022023, -0.0042205908827235815, 0.003540495669393715, -0.005100714099973996, 0.0019802772388134338, -0.0011001540215630188, -0.003080431260376453, 0.006780949332906607, -0.004080571279979197, -0.0033404676654731663, 0.0007000980137219211, 0.0015802212309723362, -0.006960974536435101], [0.001260176424699458, -1.0, -0.0037805292740983737, 0.003380473266257276, 0.000720100814113976, -0.003020422859200288, -0.0014001960274438422, 2.000280039205489e-05, -0.00016002240313643911, 0.0022003080431260377, -0.0011001540215630188, -0.003940551677234813, 0.004860680495269338, -0.0008001120156821955, 0.002980417258416178, -0.0, -0.0007000980137219211, -0.0015002100294041166, -0.0027603864541035747, 0.0002800392054887684, 0.005020702898405777, -0.0022403136439101473, -0.002320324845478367, 0.0008401176164663052, 0.0019202688376372692, -0.0007801092152901406, 0.0006400896125457565, -0.001260176424699458, 0.002860400456063849, 0.003400476066649331, 0.006060848518792631, -0.0002800392054887684, 0.002440341647830696, -0.000360050407056988, -0.0039605544776268676, 0.003180445262336727, -0.000180025203528494, -0.0009401316184265797, 0.0036605124717460445, -0.0015002100294041166, 0.000540075610585482, -0.002140299641949873, 0.0027803892544956293, -0.004360610485467965, 0.0011001540215630188, -0.0020402856399895984, 0.0013801932270517874, -0.0015802212309723362, 0.003740523673314264, 0.004000560078410978], [-0.0010201428199947992, -0.0037805292740983737, -1.0, 0.0033404676654731663, -0.0018402576360690497, -0.000540075610585482, -0.00040005600784109776, 0.0026203668513591905, 0.00708099133878743, 0.004160582481547417, -0.0036605124717460445, -0.0015402156301882264, -0.002980417258416178, -0.0015602184305802812, -0.0027803892544956293, 0.00016002240313643911, -0.0015402156301882264, -0.003620506870961935, -0.004280599283899746, -0.00536075050507071, 0.0001400196027443842, 0.00032004480627287823, 0.003200448062728782, -0.003360470465865221, 0.003400476066649331, -0.0038205348748824837, -0.0036805152721380995, -0.00010001400196027444, 0.003900546076450703, 0.0032404536635128917, -0.0010201428199947992, 0.005160722501150161, 0.004240593683115636, 0.0036405096713539894, 0.0008401176164663052, 0.002980417258416178, 0.0009801372192106896, -0.0015802212309723362, -0.0027803892544956293, -0.0041805852819394715, -0.0027403836537115197, 0.0013001820254835677, -0.003380473266257276, 0.005520772908207149, 0.002100294041165763, 0.0002800392054887684, 0.0031004340607685074, 0.0011801652231312385, -0.00038005320744904285, -0.000360050407056988], [-0.001780249234892885, 0.003380473266257276, 0.0033404676654731663, -1.0, -0.0006400896125457565, 0.0052207309023263255, -0.002440341647830696, -0.003980557278018923, -0.005480767307423039, -0.0006000840117616466, -0.0011401596223471287, 0.003180445262336727, -0.0003400476066649331, 0.002520352849398916, -0.005140719700758106, -0.00536075050507071, 0.007741083751725241, 0.0014602044286200068, 0.001600224031364391, 0.004520632888604405, 0.0007000980137219211, -0.0017202408337167203, -0.0010001400196027444, 0.00032004480627287823, -0.00020002800392054888, 0.003060428459984398, 0.005040705698797832, -0.0037805292740983737, 0.0016602324325405557, -0.0033204648650811113, -0.010221431000340047, -0.00016002240313643911, -0.008001120156821955, 0.005440761706638929, 0.004760666493309063, -0.0026203668513591905, 0.000180025203528494, -0.0005000700098013722, 0.001220170823915348, 0.0025003500490068608, 0.0013801932270517874, 0.0032604564639049467, -0.002340327645870422, -0.003200448062728782, 0.0006200868121537015, -0.00536075050507071, -0.0005800812113695917, -0.00782109495329346, 0.0057808093133038625, -0.004400616086252075], [-0.006680935330946333, 0.000720100814113976, -0.0018402576360690497, -0.0006400896125457565, -1.0, -0.005400756105854819, 0.003900546076450703, -0.0050007000980137216, -0.002300322045086312, -0.0005800812113695917, 0.009561338587402237, 0.002680375252535355, -0.007321024943492089, -0.0042205908827235815, -0.00176024643450083, 0.0019002660372452144, 0.0004400616086252075, -0.00536075050507071, 0.002100294041165763, -0.0017002380333246655, -0.00024003360470465864, 0.003180445262336727, -0.0008601204168583601, 0.003180445262336727, 0.0018602604364611045, -0.005960834516832356, 0.002980417258416178, 0.0018802632368531593, 0.0016402296321485009, 0.0009801372192106896, -0.00356049846978577, 0.006940971736043046, -0.00038005320744904285, -0.0013401876262676775, 0.0008601204168583601, -0.0038005320744904287, 0.0004400616086252075, -0.0027203808533194647, 0.002160302442341928, 0.002880403256455904, -0.0016802352329326105, -0.0029204088572400136, -0.005880823315264137, -0.003220450863120837, 0.004000560078410978, -0.0005000700098013722, -0.0024003360470465866, 0.0016802352329326105, 0.0013201848258756225, 0.0022603164443022023], [-0.0011801652231312385, -0.003020422859200288, -0.000540075610585482, 0.0052207309023263255, -0.005400756105854819, -1.0, -0.000360050407056988, -0.0018602604364611045, -0.0037605264737063187, 0.00020002800392054888, -0.002140299641949873, 0.001780249234892885, -0.00790110615486168, 0.00024003360470465864, -0.0007401036145060309, 0.0024003360470465866, 0.003500490068609605, -0.0033004620646890563, 0.005520772908207149, 0.0027203808533194647, -0.0019802772388134338, 4.000560078410978e-05, -0.000360050407056988, 0.004440621687036185, -0.003360470465865221, -0.00022003080431260376, 0.004200588082331526, -0.007140999739963595, -0.004100574080371252, 0.0012001680235232933, -0.001780249234892885, 0.002360330446262477, -0.0013201848258756225, 0.00032004480627287823, -0.002440341647830696, 0.001780249234892885, 0.0019802772388134338, -0.0034604844678254956, -0.0052207309023263255, -0.0037805292740983737, 0.0027803892544956293, 0.00010001400196027444, -0.0019802772388134338, -0.00024003360470465864, 0.0011801652231312385, -0.0011201568219550736, 0.002540355649790971, -0.004260596483507691, 0.0026203668513591905, -0.0027603864541035747], [-0.003000420058808233, -0.0014001960274438422, -0.00040005600784109776, -0.002440341647830696, 0.003900546076450703, -0.000360050407056988, -1.0, -0.0008001120156821955, 0.001780249234892885, -0.0019002660372452144, 0.0036405096713539894, -0.003200448062728782, -0.001240173624307403, -0.001420198827835897, -0.0009201288180345249, 0.005580781309383314, -0.0011201568219550736, -0.0039605544776268676, -0.0011001540215630188, -0.0010201428199947992, 0.0031604424619446725, -0.000180025203528494, -0.008981257376032645, -0.0015402156301882264, 2.000280039205489e-05, -0.003720520872922209, 0.003620506870961935, -0.001240173624307403, -0.0010001400196027444, -0.00026003640509671355, 0.0009201288180345249, 0.002020282839597544, 0.004900686096053448, -0.004300602084291801, 0.00614085972036085, 0.0032804592642970017, 0.004520632888604405, 0.002160302442341928, -0.0018402576360690497, 0.004600644090172624, 0.0022003080431260377, -0.0016802352329326105, -0.003920548876842758, -0.003500490068609605, -0.0013201848258756225, 0.0018202548356769947, -0.0004400616086252075, -0.0006400896125457565, 0.000360050407056988, -0.004060568479587142], [0.00022003080431260376, 2.000280039205489e-05, 0.0026203668513591905, -0.003980557278018923, -0.0050007000980137216, -0.0018602604364611045, -0.0008001120156821955, -1.0, 0.0014802072290120618, -0.0015602184305802812, 0.0027403836537115197, 0.0015802212309723362, 0.0004200588082331526, -0.005560778508991259, -0.004380613285860021, -0.004440621687036185, -0.0029404116576320686, 0.005580781309383314, 0.0013601904266597323, -0.003080431260376453, 0.0001400196027443842, -0.0006800952133298662, -0.0009601344188186346, 0.0011201568219550736, 0.0019202688376372692, -0.00010001400196027444, 0.00360050407056988, 6.000840117616466e-05, 0.0007401036145060309, 0.004240593683115636, 0.0029004060568479585, -0.0019202688376372692, -0.0029604144580241236, -0.004280599283899746, 0.0012001680235232933, -0.0015402156301882264, -0.0013801932270517874, 0.004060568479587142, 0.0047006580921328985, -0.0010201428199947992, 0.003940551677234813, -0.008221150961134559, -0.000180025203528494, -0.0031604424619446725, 0.0007401036145060309, 0.0038005320744904287, 0.0011401596223471287, 0.002860400456063849, 0.0016602324325405557, -0.0031604424619446725], [-0.000880123217250415, -0.00016002240313643911, 0.00708099133878743, -0.005480767307423039, -0.002300322045086312, -0.0037605264737063187, 0.001780249234892885, 0.0014802072290120618, -1.0, 0.0038205348748824837, -0.004240593683115636, 0.0053207449042866, -0.0004400616086252075, -0.0079811173564299, -0.004520632888604405, -0.007661072550157022, -0.0019202688376372692, 0.000360050407056988, -2.000280039205489e-05, -0.0005800812113695917, 0.004800672094093173, 0.0008201148160742504, 0.0011401596223471287, 0.0063008821234972895, 0.0017402436341087753, -0.0013601904266597323, 0.004660652491348788, -0.000360050407056988, 0.0031204368611605624, 0.0013001820254835677, 0.000720100814113976, -0.004860680495269338, -0.0015802212309723362, -0.0038205348748824837, 0.00022003080431260376, 0.0039605544776268676, 0.0018802632368531593, -0.00016002240313643911, -0.005600784109775369, 0.00032004480627287823, -0.0029604144580241236, 0.0015202128297961714, -0.0038405376752745383, -0.004380613285860021, -0.001080151221170964, -0.0024203388474386416, 0.002440341647830696, -0.0007601064148980857, 0.0024003360470465866, 0.005140719700758106], [0.0011201568219550736, 0.0022003080431260377, 0.004160582481547417, -0.0006000840117616466, -0.0005800812113695917, 0.00020002800392054888, -0.0019002660372452144, -0.0015602184305802812, 0.0038205348748824837, -1.0, 0.004880683295661392, 0.006000840117616466, 0.006760946532514552, -0.0003400476066649331, 0.0029604144580241236, 0.0014602044286200068, 0.004920688896445502, -0.00704098573800332, 0.00090012601764247, -0.003980557278018923, -0.0006400896125457565, 6.000840117616466e-05, 0.0005800812113695917, 6.000840117616466e-05, -0.008781229372112096, -0.006760946532514552, 0.0020602884403816534, -0.00176024643450083, 0.0019202688376372692, 0.00450063008821235, 0.0022003080431260377, -0.0057808093133038625, 0.0011801652231312385, 0.0029404116576320686, 0.0029404116576320686, -0.0016402296321485009, 0.004160582481547417, 0.0008001120156821955, 0.0013201848258756225, -0.0016802352329326105, 0.0015202128297961714, -0.0018802632368531593, 0.002000280039205489, 0.002460344448222751, -0.0014001960274438422, 0.0023803332466545315, 0.003080431260376453, -8.001120156821956e-05, -0.0013201848258756225, -0.0036605124717460445], [-0.0026603724521433, -0.0011001540215630188, -0.0036605124717460445, -0.0011401596223471287, 0.009561338587402237, -0.002140299641949873, 0.0036405096713539894, 0.0027403836537115197, -0.004240593683115636, 0.004880683295661392, -1.0, -0.0017002380333246655, 0.00026003640509671355, 0.006360890524673454, -0.004020562878803032, 0.0016402296321485009, -0.003380473266257276, 0.0006200868121537015, -0.0009201288180345249, -0.0031604424619446725, 0.004340607685075911, -0.00040005600784109776, -0.0020402856399895984, 0.00040005600784109776, -0.0033204648650811113, 0.0013801932270517874, 0.003360470465865221, 0.00022003080431260376, -0.002540355649790971, 0.001440201628227952, 0.003580501270177825, 0.0002800392054887684, 0.0013601904266597323, -0.00716100254035565, 0.004640649690956734, 0.0058208149140879725, -0.0036605124717460445, -0.004100574080371252, 0.003220450863120837, 0.0003400476066649331, -0.0015002100294041166, -0.0015402156301882264, 0.005700798111735643, -0.0012001680235232933, 0.002020282839597544, -0.006480907327025783, 0.0038605404756665933, 0.006660932530554277, 0.004340607685075911, -0.00040005600784109776], [-0.000180025203528494, -0.003940551677234813, -0.0015402156301882264, 0.003180445262336727, 0.002680375252535355, 0.001780249234892885, -0.003200448062728782, 0.0015802212309723362, 0.0053207449042866, 0.006000840117616466, -0.0017002380333246655, -1.0, 0.005100714099973996, -0.001960274438421379, -0.0029004060568479585, 0.0016802352329326105, 0.0073810333446682535, -0.003500490068609605, -0.00040005600784109776, -0.001240173624307403, -0.0017002380333246655, 0.004920688896445502, 0.0036805152721380995, 0.0006800952133298662, 0.0006800952133298662, -0.00022003080431260376, 0.0006800952133298662, 0.0011401596223471287, -0.0015002100294041166, 0.0009201288180345249, 0.000180025203528494, -0.0022803192446942573, -0.0033204648650811113, 0.0018402576360690497, -0.001280179225091513, -0.0013401876262676775, 0.0018202548356769947, 0.000180025203528494, 0.003980557278018923, -0.00446062448742824, -0.0038605404756665933, 0.002300322045086312, 0.003900546076450703, -0.004640649690956734, 0.002540355649790971, 0.006640929730162223, 0.0005000700098013722, -0.004660652491348788, -6.000840117616466e-05, 0.007321024943492089], [0.005700798111735643, 0.004860680495269338, -0.002980417258416178, -0.0003400476066649331, -0.007321024943492089, -0.00790110615486168, -0.001240173624307403, 0.0004200588082331526, -0.0004400616086252075, 0.006760946532514552, 0.00026003640509671355, 0.005100714099973996, -1.0, -0.00176024643450083, -0.0033004620646890563, 0.0044806272878202946, -0.0009801372192106896, 0.008221150961134559, -0.001960274438421379, 0.0024003360470465866, -0.0007801092152901406, -0.00016002240313643911, -0.0036805152721380995, -0.008681215370151821, 0.0019202688376372692, 0.001260176424699458, 0.0028003920548876843, 0.0008201148160742504, 0.001220170823915348, 0.006600924129378113, 0.0025003500490068608, -0.0014802072290120618, -0.0008401176164663052, 0.00040005600784109776, -0.0018402576360690497, 0.0008201148160742504, -0.002860400456063849, 0.002540355649790971, 0.0022603164443022023, -0.0018202548356769947, -2.000280039205489e-05, 0.002540355649790971, 0.004340607685075911, 0.004880683295661392, -0.005580781309383314, 0.0022403136439101473, 0.0031404396615526175, -0.003700518072530154, -0.004620646890564679, -0.0010401456203868542], [-0.001080151221170964, -0.0008001120156821955, -0.0015602184305802812, 0.002520352849398916, -0.0042205908827235815, 0.00024003360470465864, -0.001420198827835897, -0.005560778508991259, -0.0079811173564299, -0.0003400476066649331, 0.006360890524673454, -0.001960274438421379, -0.00176024643450083, -1.0, -0.000720100814113976, -0.001420198827835897, -0.0016802352329326105, -0.00176024643450083, -0.0029404116576320686, 0.00026003640509671355, -0.0038005320744904287, -0.0025803612505750804, 0.0006600924129378113, 0.0036605124717460445, -0.004580641289780569, -0.00032004480627287823, -0.001420198827835897, 0.0013201848258756225, -0.004240593683115636, 0.004340607685075911, 0.0002800392054887684, -0.005420758906246875, -0.0016202268317564458, 0.0007000980137219211, 0.0009801372192106896, -0.0006400896125457565, 0.003400476066649331, 0.004720660892524954, 0.00352049286900166, -0.004720660892524954, 0.001960274438421379, 0.008641209769367712, 0.003080431260376453, -0.0016202268317564458, -0.0026003640509671354, -0.0033404676654731663, 0.0016802352329326105, 0.0029604144580241236, -0.005520772908207149, 0.005340747704678655], [0.0041805852819394715, 0.002980417258416178, -0.0027803892544956293, -0.005140719700758106, -0.00176024643450083, -0.0007401036145060309, -0.0009201288180345249, -0.004380613285860021, -0.004520632888604405, 0.0029604144580241236, -0.004020562878803032, -0.0029004060568479585, -0.0033004620646890563, -0.000720100814113976, -1.0, -0.0002800392054887684, -0.0022603164443022023, -0.00046006440901726243, 0.00024003360470465864, 0.0034804872682175506, 0.000540075610585482, 0.006160862520752906, 0.00528073930350249, -0.006840957734082772, -0.0029604144580241236, -0.001420198827835897, -0.0004400616086252075, -0.004860680495269338, 0.0019002660372452144, -0.0006000840117616466, -0.000180025203528494, -0.0029604144580241236, 0.0009601344188186346, 0.005560778508991259, -0.0031204368611605624, -0.004140579681155361, 0.001260176424699458, -0.00038005320744904285, 0.0041805852819394715, 0.00090012601764247, -0.002300322045086312, 0.002140299641949873, 0.003620506870961935, -0.000720100814113976, 0.000180025203528494, 0.0017202408337167203, -0.004620646890564679, -0.005860820514872082, -0.003540495669393715, 0.002880403256455904], [0.0020402856399895984, -0.0, 0.00016002240313643911, -0.00536075050507071, 0.0019002660372452144, 0.0024003360470465866, 0.005580781309383314, -0.004440621687036185, -0.007661072550157022, 0.0014602044286200068, 0.0016402296321485009, 0.0016802352329326105, 0.0044806272878202946, -0.001420198827835897, -0.0002800392054887684, -1.0, -0.002840397655671794, -0.0008001120156821955, -0.005020702898405777, -0.0019002660372452144, -0.001080151221170964, 0.002980417258416178, -0.0011001540215630188, 0.004540635688996459, -0.003060428459984398, -0.0012001680235232933, 0.003940551677234813, -0.0037605264737063187, 0.0019202688376372692, -0.00022003080431260376, -0.003360470465865221, 0.00022003080431260376, -0.0015802212309723362, 0.0015402156301882264, -0.001060148420778909, 0.0013601904266597323, -0.005400756105854819, -0.0050007000980137216, -0.0033204648650811113, 0.002360330446262477, 0.0018802632368531593, 0.0015602184305802812, -0.008521192967015381, -0.0015002100294041166, -0.003360470465865221, -0.00022003080431260376, -0.005920828916048247, -0.0013201848258756225, -0.0027603864541035747, 0.0013001820254835677], [0.0037805292740983737, -0.0007000980137219211, -0.0015402156301882264, 0.007741083751725241, 0.0004400616086252075, 0.003500490068609605, -0.0011201568219550736, -0.0029404116576320686, -0.0019202688376372692, 0.004920688896445502, -0.003380473266257276, 0.0073810333446682535, -0.0009801372192106896, -0.0016802352329326105, -0.0022603164443022023, -0.002840397655671794, -1.0, -0.0009401316184265797, -0.005120716900366052, -0.00040005600784109776, 2.000280039205489e-05, -0.001280179225091513, -0.0036405096713539894, -0.002000280039205489, -0.003400476066649331, -0.005020702898405777, 0.002000280039205489, 0.003500490068609605, -0.0022603164443022023, -0.0, -0.000540075610585482, -0.0006800952133298662, -0.009241293781129358, -0.0032404536635128917, 0.0022403136439101473, 0.003020422859200288, -0.0015002100294041166, 0.0018202548356769947, -0.0015802212309723362, -0.0052607365031104355, 0.0015802212309723362, -0.0022603164443022023, 0.0007801092152901406, 0.003000420058808233, 0.0025803612505750804, -0.003200448062728782, 0.0010201428199947992, 0.0069009661352589366, 0.0028203948552797393, 0.002560358450183026], [-6.000840117616466e-05, -0.0015002100294041166, -0.003620506870961935, 0.0014602044286200068, -0.00536075050507071, -0.0033004620646890563, -0.0039605544776268676, 0.005580781309383314, 0.000360050407056988, -0.00704098573800332, 0.0006200868121537015, -0.003500490068609605, 0.008221150961134559, -0.00176024643450083, -0.00046006440901726243, -0.0008001120156821955, -0.0009401316184265797, -1.0, 0.0012001680235232933, 0.0006800952133298662, -0.00046006440901726243, 0.000880123217250415, 0.001440201628227952, -0.004320604884683856, -0.0010001400196027444, -0.002300322045086312, 0.0012001680235232933, -0.003500490068609605, 0.00026003640509671355, -0.001240173624307403, -0.002860400456063849, 0.009481327385834017, -0.0036805152721380995, -0.003000420058808233, 0.000720100814113976, 0.0026203668513591905, 0.0047006580921328985, 0.004060568479587142, -0.0006200868121537015, -0.0017002380333246655, 0.001220170823915348, -0.0003400476066649331, -0.0008201148160742504, 0.00176024643450083, -0.0013401876262676775, 0.002560358450183026, -0.0073810333446682535, -0.0021803052427339827, -0.00026003640509671355, 0.006120856919968796], [-0.003400476066649331, -0.0027603864541035747, -0.004280599283899746, 0.001600224031364391, 0.002100294041165763, 0.005520772908207149, -0.0011001540215630188, 0.0013601904266597323, -2.000280039205489e-05, 0.00090012601764247, -0.0009201288180345249, -0.00040005600784109776, -0.001960274438421379, -0.0029404116576320686, 0.00024003360470465864, -0.005020702898405777, -0.005120716900366052, 0.0012001680235232933, -1.0, 0.0004200588082331526, -0.00712099693957154, 0.000180025203528494, 0.010941531814454024, 0.003940551677234813, 0.0063008821234972895, 0.0015202128297961714, -0.001260176424699458, 0.004920688896445502, -0.0019202688376372692, -0.0007401036145060309, 0.004080571279979197, 0.00046006440901726243, 0.0004200588082331526, -0.0017402436341087753, -0.0015402156301882264, 0.006440901726241674, 0.006000840117616466, -0.001440201628227952, -0.0012001680235232933, -0.002440341647830696, -0.001440201628227952, 0.0022403136439101473, -0.0005200728101934271, -0.0005000700098013722, 0.003720520872922209, -0.0001400196027443842, -0.004080571279979197, -0.0022003080431260377, -0.0005200728101934271, -0.003420478867041386], [-0.002440341647830696, 0.0002800392054887684, -0.00536075050507071, 0.004520632888604405, -0.0017002380333246655, 0.0027203808533194647, -0.0010201428199947992, -0.003080431260376453, -0.0005800812113695917, -0.003980557278018923, -0.0031604424619446725, -0.001240173624307403, 0.0024003360470465866, 0.00026003640509671355, 0.0034804872682175506, -0.0019002660372452144, -0.00040005600784109776, 0.0006800952133298662, 0.0004200588082331526, -1.0, -0.00040005600784109776, -0.0016602324325405557, 0.00446062448742824, -0.0033404676654731663, 0.0011001540215630188, -0.0029604144580241236, -0.004060568479587142, 0.003080431260376453, 8.001120156821956e-05, 0.007501050147020583, 0.0034804872682175506, 0.0034604844678254956, 0.001060148420778909, -0.0018202548356769947, 0.0013001820254835677, -0.0038405376752745383, 0.001080151221170964, -0.006120856919968796, -0.004880683295661392, -8.001120156821956e-05, 0.000360050407056988, -0.004640649690956734, 0.0009601344188186346, -0.0015402156301882264, -0.0016802352329326105, 0.003420478867041386, -0.004800672094093173, -0.001080151221170964, -0.0006400896125457565, 0.003620506870961935], [-0.00026003640509671355, 0.005020702898405777, 0.0001400196027443842, 0.0007000980137219211, -0.00024003360470465864, -0.0019802772388134338, 0.0031604424619446725, 0.0001400196027443842, 0.004800672094093173, -0.0006400896125457565, 0.004340607685075911, -0.0017002380333246655, -0.0007801092152901406, -0.0038005320744904287, 0.000540075610585482, -0.001080151221170964, 2.000280039205489e-05, -0.00046006440901726243, -0.00712099693957154, -0.00040005600784109776, -1.0, -0.0009601344188186346, -0.00352049286900166, 0.0012001680235232933, -4.000560078410978e-05, 2.000280039205489e-05, 0.00352049286900166, -0.0038605404756665933, 0.0013001820254835677, 0.003040425659592343, 0.0017002380333246655, -0.0032804592642970017, -0.0017202408337167203, 0.0004800672094093173, -8.001120156821956e-05, 0.0033004620646890563, -0.003180445262336727, -0.0018202548356769947, -0.001260176424699458, -0.000540075610585482, 0.0011401596223471287, 0.002980417258416178, -0.001060148420778909, 0.0011601624227391835, -0.0042205908827235815, 0.0034404816674334406, 0.0047406636929170085, 0.003580501270177825, -0.0016602324325405557, -0.0006000840117616466], [-0.002160302442341928, -0.0022403136439101473, 0.00032004480627287823, -0.0017202408337167203, 0.003180445262336727, 4.000560078410978e-05, -0.000180025203528494, -0.0006800952133298662, 0.0008201148160742504, 6.000840117616466e-05, -0.00040005600784109776, 0.004920688896445502, -0.00016002240313643911, -0.0025803612505750804, 0.006160862520752906, 0.002980417258416178, -0.001280179225091513, 0.000880123217250415, 0.000180025203528494, -0.0016602324325405557, -0.0009601344188186346, -1.0, 0.0008201148160742504, -0.0018202548356769947, 0.0020602884403816534, 0.0039605544776268676, 0.0010201428199947992, 0.0013201848258756225, 0.0018402576360690497, -0.0019802772388134338, -0.00352049286900166, 0.0052607365031104355, -0.005900826115656192, -0.0026203668513591905, -0.00046006440901726243, -0.00724101374192387, 0.0005600784109775368, -0.0006800952133298662, 0.002480347248614806, 0.001080151221170964, 0.0020402856399895984, 0.0028003920548876843, -0.000720100814113976, -0.0031004340607685074, 0.0034804872682175506, 0.0015402156301882264, 0.0032804592642970017, -0.0013601904266597323, -0.0036805152721380995, -0.0009801372192106896], [-0.0011601624227391835, -0.002320324845478367, 0.003200448062728782, -0.0010001400196027444, -0.0008601204168583601, -0.000360050407056988, -0.008981257376032645, -0.0009601344188186346, 0.0011401596223471287, 0.0005800812113695917, -0.0020402856399895984, 0.0036805152721380995, -0.0036805152721380995, 0.0006600924129378113, 0.00528073930350249, -0.0011001540215630188, -0.0036405096713539894, 0.001440201628227952, 0.010941531814454024, 0.00446062448742824, -0.00352049286900166, 0.0008201148160742504, -1.0, -0.0024203388474386416, -0.0032604564639049467, 0.0016402296321485009, -0.0037805292740983737, -0.005200728101934271, -0.004040565679195088, 0.002100294041165763, 0.0036405096713539894, -0.005980837317224412, -0.002340327645870422, 0.0008601204168583601, 0.0015802212309723362, 0.004640649690956734, -0.002000280039205489, 0.002120296841557818, -0.004040565679195088, -0.00016002240313643911, 0.00352049286900166, 0.0008401176164663052, 0.002000280039205489, -0.00802112295721401, -0.0013601904266597323, 0.003060428459984398, -0.0014802072290120618, -0.0018802632368531593, 0.003360470465865221, 0.0005000700098013722], [-0.00352049286900166, 0.0008401176164663052, -0.003360470465865221, 0.00032004480627287823, 0.003180445262336727, 0.004440621687036185, -0.0015402156301882264, 0.0011201568219550736, 0.0063008821234972895, 6.000840117616466e-05, 0.00040005600784109776, 0.0006800952133298662, -0.008681215370151821, 0.0036605124717460445, -0.006840957734082772, 0.004540635688996459, -0.002000280039205489, -0.004320604884683856, 0.003940551677234813, -0.0033404676654731663, 0.0012001680235232933, -0.0018202548356769947, -0.0024203388474386416, -1.0, 0.0020602884403816534, -0.002320324845478367, 0.0018202548356769947, -0.0028003920548876843, -0.002360330446262477, -0.003020422859200288, -0.0009601344188186346, -0.0009401316184265797, -0.0041805852819394715, -0.001420198827835897, -0.0027803892544956293, 0.0013201848258756225, 0.009201288180345248, -0.0031604424619446725, -0.000360050407056988, -0.005840817714480027, -0.0013601904266597323, 0.00020002800392054888, -0.0038405376752745383, 0.004260596483507691, 0.004000560078410978, 0.0033004620646890563, 0.00016002240313643911, 0.0044806272878202946, -0.0004800672094093173, -0.0028203948552797393], [-0.00724101374192387, 0.0019202688376372692, 0.003400476066649331, -0.00020002800392054888, 0.0018602604364611045, -0.003360470465865221, 2.000280039205489e-05, 0.0019202688376372692, 0.0017402436341087753, -0.008781229372112096, -0.0033204648650811113, 0.0006800952133298662, 0.0019202688376372692, -0.004580641289780569, -0.0029604144580241236, -0.003060428459984398, -0.003400476066649331, -0.0010001400196027444, 0.0063008821234972895, 0.0011001540215630188, -4.000560078410978e-05, 0.0020602884403816534, -0.0032604564639049467, 0.0020602884403816534, -1.0, 0.002000280039205489, -0.0007401036145060309, 4.000560078410978e-05, -0.005960834516832356, -6.000840117616466e-05, -0.0044806272878202946, 0.0014602044286200068, -0.006980977336827156, 0.003940551677234813, 0.0016202268317564458, 0.0011201568219550736, -0.0005600784109775368, -0.0019202688376372692, -0.0005600784109775368, 0.0004800672094093173, 0.0008001120156821955, 0.004520632888604405, -0.006440901726241674, -0.0015802212309723362, -0.0034804872682175506, -0.001420198827835897, 0.004160582481547417, 0.0013601904266597323, -0.0006400896125457565, 0.005980837317224412], [-0.004580641289780569, -0.0007801092152901406, -0.0038205348748824837, 0.003060428459984398, -0.005960834516832356, -0.00022003080431260376, -0.003720520872922209, -0.00010001400196027444, -0.0013601904266597323, -0.006760946532514552, 0.0013801932270517874, -0.00022003080431260376, 0.001260176424699458, -0.00032004480627287823, -0.001420198827835897, -0.0012001680235232933, -0.005020702898405777, -0.002300322045086312, 0.0015202128297961714, -0.0029604144580241236, 2.000280039205489e-05, 0.0039605544776268676, 0.0016402296321485009, -0.002320324845478367, 0.002000280039205489, -1.0, 0.0010401456203868542, -0.001780249234892885, -6.000840117616466e-05, -0.006240873722321125, -0.0011401596223471287, -8.001120156821956e-05, 0.0015202128297961714, -0.0038805432760586483, -0.0004800672094093173, -0.0010201428199947992, 0.0041805852819394715, 0.00442061888664413, 0.0038205348748824837, -0.00038005320744904285, -0.0007401036145060309, 0.003620506870961935, -0.0036605124717460445, -0.0018402576360690497, 0.0015802212309723362, 0.005160722501150161, 0.001420198827835897, 0.001420198827835897, 0.000180025203528494, 0.003040425659592343], [-0.001080151221170964, 0.0006400896125457565, -0.0036805152721380995, 0.005040705698797832, 0.002980417258416178, 0.004200588082331526, 0.003620506870961935, 0.00360050407056988, 0.004660652491348788, 0.0020602884403816534, 0.003360470465865221, 0.0006800952133298662, 0.0028003920548876843, -0.001420198827835897, -0.0004400616086252075, 0.003940551677234813, 0.002000280039205489, 0.0012001680235232933, -0.001260176424699458, -0.004060568479587142, 0.00352049286900166, 0.0010201428199947992, -0.0037805292740983737, 0.0018202548356769947, -0.0007401036145060309, 0.0010401456203868542, -1.0, 0.0032404536635128917, 0.0008401176164663052, 0.0009401316184265797, 0.0009201288180345249, -2.000280039205489e-05, -0.0031004340607685074, 0.002860400456063849, 0.00010001400196027444, 0.00012001680235232932, 0.0018402576360690497, -0.0017202408337167203, 0.0006800952133298662, 0.0036405096713539894, -0.00176024643450083, 0.0005600784109775368, 0.008321164963094834, 0.0011401596223471287, -0.0017202408337167203, 0.0011801652231312385, -0.002320324845478367, -0.005680795311343588, -0.003080431260376453, 0.0014602044286200068], [0.0024203388474386416, -0.001260176424699458, -0.00010001400196027444, -0.0037805292740983737, 0.0018802632368531593, -0.007140999739963595, -0.001240173624307403, 6.000840117616466e-05, -0.000360050407056988, -0.00176024643450083, 0.00022003080431260376, 0.0011401596223471287, 0.0008201148160742504, 0.0013201848258756225, -0.004860680495269338, -0.0037605264737063187, 0.003500490068609605, -0.003500490068609605, 0.004920688896445502, 0.003080431260376453, -0.0038605404756665933, 0.0013201848258756225, -0.005200728101934271, -0.0028003920548876843, 4.000560078410978e-05, -0.001780249234892885, 0.0032404536635128917, -1.0, 0.003180445262336727, 0.005400756105854819, -0.0015802212309723362, 0.004280599283899746, 0.0005600784109775368, -0.004160582481547417, 0.002160302442341928, -0.0019802772388134338, 0.002460344448222751, 0.0020602884403816534, 0.000180025203528494, -0.005900826115656192, 0.001220170823915348, 0.0026203668513591905, -0.0027403836537115197, 0.00020002800392054888, 0.0021803052427339827, -0.003720520872922209, -0.00022003080431260376, -0.0006600924129378113, 6.000840117616466e-05, 0.002000280039205489], [0.0022203108435180927, 0.002860400456063849, 0.003900546076450703, 0.0016602324325405557, 0.0016402296321485009, -0.004100574080371252, -0.0010001400196027444, 0.0007401036145060309, 0.0031204368611605624, 0.0019202688376372692, -0.002540355649790971, -0.0015002100294041166, 0.001220170823915348, -0.004240593683115636, 0.0019002660372452144, 0.0019202688376372692, -0.0022603164443022023, 0.00026003640509671355, -0.0019202688376372692, 8.001120156821956e-05, 0.0013001820254835677, 0.0018402576360690497, -0.004040565679195088, -0.002360330446262477, -0.005960834516832356, -6.000840117616466e-05, 0.0008401176164663052, 0.003180445262336727, -1.0, 0.0013601904266597323, 0.0008601204168583601, 0.00180025203528494, -0.000720100814113976, -0.0, -0.005560778508991259, 0.0011401596223471287, -0.001260176424699458, 0.0038205348748824837, 0.0019402716380293242, -0.002540355649790971, -0.0042205908827235815, 0.0006200868121537015, -0.000180025203528494, 0.00020002800392054888, 0.004980697297621667, 0.0034804872682175506, -0.008661212569759767, 0.002300322045086312, 0.0018202548356769947, 0.0033204648650811113], [0.001440201628227952, 0.003400476066649331, 0.0032404536635128917, -0.0033204648650811113, 0.0009801372192106896, 0.0012001680235232933, -0.00026003640509671355, 0.004240593683115636, 0.0013001820254835677, 0.00450063008821235, 0.001440201628227952, 0.0009201288180345249, 0.006600924129378113, 0.004340607685075911, -0.0006000840117616466, -0.00022003080431260376, -0.0, -0.001240173624307403, -0.0007401036145060309, 0.007501050147020583, 0.003040425659592343, -0.0019802772388134338, 0.002100294041165763, -0.003020422859200288, -6.000840117616466e-05, -0.006240873722321125, 0.0009401316184265797, 0.005400756105854819, 0.0013601904266597323, -1.0, 0.0007601064148980857, 0.0016202268317564458, -0.00090012601764247, -0.0006200868121537015, -0.0068609605344748265, 0.0005600784109775368, -4.000560078410978e-05, -0.004320604884683856, -0.0010001400196027444, -0.00528073930350249, 0.0006800952133298662, 0.004520632888604405, 0.004360610485467965, 0.0041805852819394715, 0.0015202128297961714, 0.0021803052427339827, 0.004640649690956734, -0.0016402296321485009, -8.001120156821956e-05, 0.005340747704678655], [0.0063008821234972895, 0.006060848518792631, -0.0010201428199947992, -0.010221431000340047, -0.00356049846978577, -0.001780249234892885, 0.0009201288180345249, 0.0029004060568479585, 0.000720100814113976, 0.0022003080431260377, 0.003580501270177825, 0.000180025203528494, 0.0025003500490068608, 0.0002800392054887684, -0.000180025203528494, -0.003360470465865221, -0.000540075610585482, -0.002860400456063849, 0.004080571279979197, 0.0034804872682175506, 0.0017002380333246655, -0.00352049286900166, 0.0036405096713539894, -0.0009601344188186346, -0.0044806272878202946, -0.0011401596223471287, 0.0009201288180345249, -0.0015802212309723362, 0.0008601204168583601, 0.0007601064148980857, -1.0, 0.00012001680235232932, 0.004240593683115636, -0.006880963334866881, -0.0034404816674334406, 0.003060428459984398, -0.002540355649790971, -0.004900686096053448, -0.002340327645870422, 0.0005800812113695917, -0.0001400196027443842, -0.0026203668513591905, 0.0009401316184265797, 0.00016002240313643911, -0.0017002380333246655, -0.002560358450183026, -0.00010001400196027444, 0.001220170823915348, 0.0015002100294041166, -0.0005200728101934271], [0.0027203808533194647, -0.0002800392054887684, 0.005160722501150161, -0.00016002240313643911, 0.006940971736043046, 0.002360330446262477, 0.002020282839597544, -0.0019202688376372692, -0.004860680495269338, -0.0057808093133038625, 0.0002800392054887684, -0.0022803192446942573, -0.0014802072290120618, -0.005420758906246875, -0.0029604144580241236, 0.00022003080431260376, -0.0006800952133298662, 0.009481327385834017, 0.00046006440901726243, 0.0034604844678254956, -0.0032804592642970017, 0.0052607365031104355, -0.005980837317224412, -0.0009401316184265797, 0.0014602044286200068, -8.001120156821956e-05, -2.000280039205489e-05, 0.004280599283899746, 0.00180025203528494, 0.0016202268317564458, 0.00012001680235232932, -1.0, -0.003180445262336727, -0.002140299641949873, 0.0013801932270517874, 0.001280179225091513, 0.00360050407056988, -0.002360330446262477, 0.001440201628227952, -0.005600784109775369, -0.001240173624307403, -0.0015602184305802812, 0.0033204648650811113, 0.0019802772388134338, 0.00040005600784109776, -0.0038205348748824837, -0.0011201568219550736, 0.00020002800392054888, -0.00176024643450083, -0.0031004340607685074], [0.0031204368611605624, 0.002440341647830696, 0.004240593683115636, -0.008001120156821955, -0.00038005320744904285, -0.0013201848258756225, 0.004900686096053448, -0.0029604144580241236, -0.0015802212309723362, 0.0011801652231312385, 0.0013601904266597323, -0.0033204648650811113, -0.0008401176164663052, -0.0016202268317564458, 0.0009601344188186346, -0.0015802212309723362, -0.009241293781129358, -0.0036805152721380995, 0.0004200588082331526, 0.001060148420778909, -0.0017202408337167203, -0.005900826115656192, -0.002340327645870422, -0.0041805852819394715, -0.006980977336827156, 0.0015202128297961714, -0.0031004340607685074, 0.0005600784109775368, -0.000720100814113976, -0.00090012601764247, 0.004240593683115636, -0.003180445262336727, -1.0, 0.0004200588082331526, 0.0003000420058808233, 0.0015202128297961714, 0.0002800392054887684, 0.003920548876842758, -0.0032804592642970017, -0.001440201628227952, 0.002520352849398916, 0.0011601624227391835, -0.000720100814113976, 0.0031004340607685074, -0.006240873722321125, -0.0037805292740983737, -0.00012001680235232932, 0.0007601064148980857, -0.0006000840117616466, -0.002860400456063849], [0.0024003360470465866, -0.000360050407056988, 0.0036405096713539894, 0.005440761706638929, -0.0013401876262676775, 0.00032004480627287823, -0.004300602084291801, -0.004280599283899746, -0.0038205348748824837, 0.0029404116576320686, -0.00716100254035565, 0.0018402576360690497, 0.00040005600784109776, 0.0007000980137219211, 0.005560778508991259, 0.0015402156301882264, -0.0032404536635128917, -0.003000420058808233, -0.0017402436341087753, -0.0018202548356769947, 0.0004800672094093173, -0.0026203668513591905, 0.0008601204168583601, -0.001420198827835897, 0.003940551677234813, -0.0038805432760586483, 0.002860400456063849, -0.004160582481547417, -0.0, -0.0006200868121537015, -0.006880963334866881, -0.002140299641949873, 0.0004200588082331526, -1.0, 0.005060708499189886, 0.003200448062728782, 0.00176024643450083, -0.0006000840117616466, -0.0012001680235232933, 0.002120296841557818, -0.00040005600784109776, -0.002560358450183026, -0.001080151221170964, -0.0016602324325405557, -0.002360330446262477, 0.0006600924129378113, 0.002520352849398916, -0.0008401176164663052, 0.004120576880763307, 0.0004200588082331526], [0.008961254575640589, -0.0039605544776268676, 0.0008401176164663052, 0.004760666493309063, 0.0008601204168583601, -0.002440341647830696, 0.00614085972036085, 0.0012001680235232933, 0.00022003080431260376, 0.0029404116576320686, 0.004640649690956734, -0.001280179225091513, -0.0018402576360690497, 0.0009801372192106896, -0.0031204368611605624, -0.001060148420778909, 0.0022403136439101473, 0.000720100814113976, -0.0015402156301882264, 0.0013001820254835677, -8.001120156821956e-05, -0.00046006440901726243, 0.0015802212309723362, -0.0027803892544956293, 0.0016202268317564458, -0.0004800672094093173, 0.00010001400196027444, 0.002160302442341928, -0.005560778508991259, -0.0068609605344748265, -0.0034404816674334406, 0.0013801932270517874, 0.0003000420058808233, 0.005060708499189886, -1.0, -0.0011201568219550736, -0.000360050407056988, 0.00356049846978577, 0.004840677694877283, -0.0009201288180345249, 0.00024003360470465864, -0.0027203808533194647, 0.0038805432760586483, -0.00090012601764247, -0.002440341647830696, 0.0011401596223471287, 0.0006400896125457565, -0.0006000840117616466, -0.0006800952133298662, -0.0013801932270517874], [0.003020422859200288, 0.003180445262336727, 0.002980417258416178, -0.0026203668513591905, -0.0038005320744904287, 0.001780249234892885, 0.0032804592642970017, -0.0015402156301882