{"connections": [[-1.0, -0.001321130791948403, -0.0010931082177135535, 0.0013071294058111752, -0.0005230517821264305, 0.002057203663162653, 0.00019501930691138422, 0.0003750371286757389, -0.0007590751484396955, -0.000673066633596726, -0.0018471828711042393, -0.0006610654454791025, -0.000135013366323266, -0.001887186831496318, 0.001957193762182456, 0.00108110702959593, 0.0018091791087317644, -0.0002670264356171261, 0.0004470442573814808, 2.70026732646532e-05, 0.00027102683165633397, 8.700861385277142e-05, -0.00010501039602920689, 0.0005670561385577172, -0.0010271016830666235, -0.001351133762242462, -6.500643563712808e-05, -0.0022252202968093843, -0.0006970690098319734, -0.0007650757424985074, 0.0010030993068313764, -0.0002910288118523734, 0.00035703534649930344, 0.0001310129702840581, -0.002471244653220669, -5.900584157831625e-05, -0.0009230913860472186, -0.0014731458414383024, 0.0012431230691838492, -0.002975294554160862, 0.0003170313861072246, 0.0009990989107921684, 0.0014071393067913724, 0.0007490741583416758, 0.001085107425635138, 0.0003970393068913822, -0.0002030200989898, -0.0008890880197139517, 8.10080197939596e-05, -0.0011351123761252364], [-0.001321130791948403, -1.0, 0.0007150707920084089, 0.0013671353463992936, 0.0021492127720644343, -0.0031833151481996716, -0.0010331022771254354, 0.00027502722769554185, -0.0005670561385577172, 0.0006510644553810827, 0.0004450440593618768, 0.00148714722757553, -0.0011511139602820679, -0.0007710763365573192, 0.0006330626732046473, 0.0012331220790858296, -0.000811080296949398, 0.0004530448514402926, 0.0004670462375775202, -0.0028492820789258137, 0.00038303792075415464, 0.0012911278216543437, 0.0007270719801260325, 0.0008710862375375162, 0.00012101198018603841, -0.00048704821777355956, 0.000135013366323266, 0.00036703633659732315, -0.0005450539603420739, -0.0008410832672434571, 0.000607060098949796, 0.0019891969304961193, 0.0009490939603020699, 7.900782177435566e-05, -0.0022392216829466116, -0.001551153564202856, 3.300326732346502e-05, -0.0006250618811262315, -0.0013091296038307792, -0.0004230418811462335, -0.001415140098869788, 0.0018231804948689921, 0.0005470541583616778, -0.0004990494058911832, 0.000505049999949995, 0.001929190989908001, 0.00046104564351870836, -0.0004210416831266295, -0.0006870680197339536, -0.0014631448513402828], [-0.0010931082177135535, 0.0007150707920084089, -1.0, 0.0007470739603220719, 0.0014771462374775102, 0.0025092484155931436, -0.0002570254455191064, -1.7001683166633495e-05, -0.00016301613859772118, 0.0011311119800860286, 0.0014011387127325606, -9.300920791158324e-05, -0.0001310129702840581, 0.0008730864355571201, -0.0010351024751450394, -0.0018831864354571103, 0.00043704326728346107, 0.00036903653461692706, -0.001053104257321475, 0.00135513415828167, -0.001993197326535327, 0.00022702247522504728, 0.00025102485146029455, -0.0016651648513202808, 0.0006290622771654394, 0.0005410535643028659, -0.0017131696037907753, 0.0018071789107121604, -5.700564355871231e-05, -0.001457144257281471, -0.00044104366332266894, 0.0009530943563412778, -0.0002630260395779182, -0.0001250123762252463, 0.0002330230692838591, -0.0005990593068713803, -0.0010751064355371182, 0.000779077128635735, 0.0014111397028305802, 0.0016131597028105783, 0.0010010991088117724, -0.0009250915840668226, 0.0016391622770654294, 0.0006050599009301921, 0.001525150989948005, 0.0010931082177135535, -0.0001150113861272266, 0.0008990890098119714, 0.0017211703958691911, 0.00029702940591118523], [0.0013071294058111752, 0.0013671353463992936, 0.0007470739603220719, -1.0, -0.0005710565345969251, -0.0017311713859672108, -0.0009210911880276147, 0.0007470739603220719, -0.0004470442573814808, -1.3001287127425615e-05, 0.00028902861383276943, 0.000643063663302667, -0.001019100890988208, 0.001357134356301274, -3.100306930386108e-05, -0.000711070395969201, -0.0010151004949489999, 0.0006130606930086079, 0.0035393503956891734, -0.0008650856434787044, 0.000943093366243258, -0.0016291612869674098, 0.0004990494058911832, 0.00054305376232247, -0.00027502722769554185, 0.0016131597028105783, -0.0002570254455191064, 0.000943093366243258, -0.00176117435626127, 0.0009710961385177132, -0.0006650658415183103, -0.0006990692078515773, -0.0004950490098519754, -0.001121110989988009, 0.0003170313861072246, -0.00013901376236247388, 0.0002810278217543537, -0.001321130791948403, 0.00029902960393078914, 0.0004490444554010847, 0.0011291117820664246, 9.100900989197931e-05, -0.0004490444554010847, -0.0010030993068313764, 0.000505049999949995, -0.00035903554451890735, -5.900584157831625e-05, 0.0010711060394979102, -0.00011101099008801871, -0.00023102287126425516], [-0.0005230517821264305, 0.0021492127720644343, 0.0014771462374775102, -0.0005710565345969251, -1.0, -0.00037303693065613493, 0.00012101198018603841, 0.0006210614850870236, -0.0021132092077115632, 0.0011171105939488009, -0.0015411525741048364, -0.0005470541583616778, -0.0006690662375575182, -0.0010651054454390984, -0.0003850381187737586, 0.000847083861302269, 0.001723170593888795, -0.0010891078216743457, 0.001457144257281471, 0.00010501039602920689, -0.0005750569306361329, -0.0019431923760452284, -0.0013711357424385014, -0.001087107623654742, 0.001247123465223057, -0.0011891177226545427, -0.00012701257424485023, 0.0012091197028505822, -0.0004430438613422729, -0.001247123465223057, -0.00038303792075415464, 0.001319130593928799, 0.000611060494989004, 3.300326732346502e-05, -0.00032903257422484827, 0.0006350628712242512, 0.0003750371286757389, -0.0006350628712242512, 0.00037703732669534286, 3.0002970294059113e-06, -0.0007210713860672206, 0.00020502029700940393, -0.0007190711880476167, 0.00016301613859772118, -0.000877086831596328, 0.00035903554451890735, -0.00013701356434286995, 0.00038103772273455073, -0.0004530448514402926, 0.0006030597029105881], [0.002057203663162653, -0.0031833151481996716, 0.0025092484155931436, -0.0017311713859672108, -0.00037303693065613493, -1.0, 0.0009330923761452384, -0.001583156732516519, -0.00108110702959593, 0.0006570650494398945, 0.0012031191087917704, -0.0009270917820864265, 0.000339033564322868, -0.0018091791087317644, 0.0016471630691438453, -0.0014731458414383024, -0.0003650361385777192, -0.0017011684156731516, -0.0010951084157331576, 0.00020502029700940393, -0.0004590454454991044, 0.0008930884157531595, 0.00028902861383276943, 0.001753173564182854, -0.00026502623759752214, -0.0011331121781056324, -0.0004790474256951438, -0.001043103267223455, 0.0004450440593618768, -0.0008310822771454374, 0.0013771363364973132, 0.0009950985147529606, -0.000985097524654941, 0.001185117326615335, -0.0005530547524204896, -0.001517150197869589, -0.000509050395989203, -0.0012271214850270178, -0.0015271511879676087, 0.00019101891087217634, 0.0009350925741648423, 0.00010501039602920689, 0.0012291216830466216, -4.100405940188079e-05, 0.00035903554451890735, 0.00010701059404881083, -0.00041304089104821377, 0.002901287227435516, -0.0011011090097919694, 0.002227220494828988], [0.00019501930691138422, -0.0010331022771254354, -0.0002570254455191064, -0.0009210911880276147, 0.00012101198018603841, 0.0009330923761452384, -1.0, 0.0006910684157731615, -0.00020702049502900786, -1.0000990098019704e-06, -0.0012031191087917704, -0.001625160890928202, -0.001555153960242064, 0.0011051094058311772, 0.0010171006929686039, -0.001415140098869788, 0.0004330428712442532, 0.002605257920534133, 3.0002970294059113e-06, 0.0009030894058511793, -2.100207920584138e-05, 0.0023432319799660166, 0.001559154356281272, -0.0006010595048909842, 0.0006690662375575182, -0.0017711753463592896, -0.0001250123762252463, 0.0003310327722444522, -0.0010050995048509802, -7.300722771554384e-05, -0.0011051094058311772, 0.0008010793068513783, -0.0005670561385577172, 0.001483146831536322, 0.0018091791087317644, 0.00022502227720544335, -0.00014701455444088966, -0.00018101792077415663, -0.0006970690098319734, -3.0002970294059113e-06, 0.00020101990097019605, 0.0004350430692638571, -0.00017701752473494876, 5.700564355871231e-05, -0.000811080296949398, 0.001585156930536123, -0.0023232299997699773, -0.00016101594057811724, 0.00168516683151632, 0.0004090404950090059], [0.0003750371286757389, 0.00027502722769554185, -1.7001683166633495e-05, 0.0007470739603220719, 0.0006210614850870236, -0.001583156732516519, 0.0006910684157731615, -1.0, -0.0008670858414983083, 0.0008990890098119714, 0.00035303495046009556, -0.00011301118810762265, 0.00024502425740148277, 0.0001250123762252463, -0.0003270323762052443, 0.00021702148512702757, -0.0006950688118123695, 0.0014931478216343417, -0.00020101990097019605, 3.5003465343068966e-05, -5.700564355871231e-05, 0.0009910981187137527, -0.0005010496039107872, 2.70026732646532e-05, -0.0012271214850270178, -0.00054305376232247, -0.0010571046533606827, -0.0005650559405381133, -0.0016011585146929546, 0.001219120692948602, -0.001625160890928202, 0.0003250321781856404, 0.0004090404950090059, -0.0005010496039107872, -0.0001550153465193054, -0.00036703633659732315, -0.001019100890988208, -0.00074107336626326, 0.0007550747524004876, -0.0011431131682036523, -0.0002790276237347497, -0.0015051490097519654, -0.0006330626732046473, -0.000303029999969997, 0.0005490543563812818, 0.0010371026731646432, -0.000707069999929993, -6.500643563712808e-05, -0.00013901376236247388, -0.00014301415840168176], [-0.0007590751484396955, -0.0005670561385577172, -0.00016301613859772118, -0.0004470442573814808, -0.0021132092077115632, -0.00108110702959593, -0.00020702049502900786, -0.0008670858414983083, -1.0, 0.00015701554453890934, 0.0008150806929886059, 0.0010891078216743457, 0.0009270917820864265, 0.0003150311880876207, -0.0007930785147729625, -0.0018171799008101803, 0.0015631547523204798, -0.00041704128708742165, -6.300623761752414e-05, -0.00018301811879376057, -0.00034303396036207585, -0.000879087029615932, 0.0011971185147329586, 0.0009690959404981093, 0.0008070799009101901, -0.0010371026731646432, 9.700960395079113e-05, -0.0005750569306361329, -0.0007150707920084089, 0.00026102584155831426, 0.0003170313861072246, -3.70036633626729e-05, 2.300227722544532e-05, 0.000101009999989999, 0.00012701257424485023, 0.0009630953464392975, 0.0009510941583216739, -0.0006310624751850433, 0.0012371224751250374, -0.0009930983167333565, -0.0015011486137127576, -0.0009230913860472186, -0.00067506683161633, 0.001043103267223455, 0.0006990692078515773, -0.0020372016829666136, -0.0013331319800660266, -0.0015271511879676087, -0.000977096732576525, 0.001519150395889193], [-0.000673066633596726, 0.0006510644553810827, 0.0011311119800860286, -1.3001287127425615e-05, 0.0011171105939488009, 0.0006570650494398945, -1.0000990098019704e-06, 0.0008990890098119714, 0.00015701554453890934, -1.0, -0.0017751757423984974, -0.0012571244553210767, 0.0010050995048509802, 0.0006450638613222709, -0.0008150806929886059, -0.0008950886137727635, 0.0009690959404981093, 0.0011691157424585034, 0.0001590157425585133, -0.000673066633596726, 0.0011431131682036523, 0.0004670462375775202, 7.10070296959399e-05, -8.500841583316748e-05, 0.00210120801959394, -0.0005830577227145487, 0.001087107623654742, -0.00035703534649930344, 0.0006590652474594984, 0.0003350331682836601, 0.0006230616831066275, 0.0003250321781856404, -0.00036703633659732315, 5.500544553910837e-05, 0.000337033366303264, -0.0013671353463992936, 0.000405040098969798, -0.001145113366223256, 0.0002550252474995024, -0.0009870977226745447, 0.0007290721781456365, 0.0016071591087517664, 0.0013951381186737488, 0.000237023465323067, 0.0013971383166933526, 0.0010331022771254354, 0.0004530448514402926, -0.0006890682177535576, 0.0009450935642628621, -0.0013671353463992936], [-0.0018471828711042393, 0.0004450440593618768, 0.0014011387127325606, 0.00028902861383276943, -0.0015411525741048364, 0.0012031191087917704, -0.0012031191087917704, 0.00035303495046009556, 0.0008150806929886059, -0.0017751757423984974, -1.0, -0.000847083861302269, -0.00026902663363673006, 4.3004257421484726e-05, -0.0008250816830866255, -0.000845083663282665, 0.0013311317820464226, -0.0010251014850470197, 0.0007170709900280128, 0.00022502227720544335, -0.0005510545544008857, 0.0006850678217143497, -0.0020352014849470096, 0.0004290424752050453, 0.0012911278216543437, -1.3001287127425615e-05, -0.0009350925741648423, -0.0007910783167533585, 0.0003170313861072246, -0.000643063663302667, -0.000371036732636531, -0.0015131498018303813, -0.000405040098969798, 0.0005970591088517764, -0.002129210791868395, 0.0008230814850670216, -0.00128912762363474, 0.001045103465243059, -0.0019511931681236443, 0.00034303396036207585, 0.0002550252474995024, 1.0000990098019704e-06, -0.0008630854454591005, -1.3001287127425615e-05, -0.0007290721781456365, -0.0005210515841068266, -0.0005250519801460344, 0.0004970492078715793, -0.000877086831596328, 0.001623160692908598], [-0.0006610654454791025, 0.00148714722757553, -9.300920791158324e-05, 0.000643063663302667, -0.0005470541583616778, -0.0009270917820864265, -0.001625160890928202, -0.00011301118810762265, 0.0010891078216743457, -0.0012571244553210767, -0.000847083861302269, -1.0, -0.0002030200989898, -0.0008990890098119714, -0.0016391622770654294, 0.0005930587128125685, -0.0002030200989898, 0.00013301316830366207, 0.000947093762282466, 0.001187117524634939, 0.0002030200989898, 0.0020151995047509703, -0.002505248019553936, -0.0015291513859872128, 0.0016811664354771123, -0.0010591048513802867, -0.0018571838612022591, 0.001455144059261867, -0.00013701356434286995, -0.000577057128655737, -0.0003010298019503931, -0.000847083861302269, -0.0009710961385177132, 0.0005630557425185094, -0.0001590157425585133, 0.0004970492078715793, 0.0013411327721444422, -0.0010331022771254354, -0.00046504603955791623, 0.00024502425740148277, 0.000337033366303264, 0.0004430438613422729, 0.0009510941583216739, 0.001013100296929396, 0.0006850678217143497, -0.0004790474256951438, -4.3004257421484726e-05, 0.0014711456434186984, 0.00035703534649930344, -0.002531250593808787], [-0.000135013366323266, -0.0011511139602820679, -0.0001310129702840581, -0.001019100890988208, -0.0006690662375575182, 0.000339033564322868, -0.001555153960242064, 0.00024502425740148277, 0.0009270917820864265, 0.0010050995048509802, -0.00026902663363673006, -0.0002030200989898, -1.0, 0.0013911377226345407, -0.000577057128655737, -0.0015011486137127576, 0.0005910585147929645, -0.00018501831681336453, 0.0014931478216343417, 0.00015701554453890934, 0.0008170808910082098, 0.0001890187128525724, 0.00047704722767553985, 0.0007130705939888049, 0.0013311317820464226, -0.0005810575246949448, 0.000509050395989203, 0.0015731557424184994, -0.0007230715840868246, -0.00040303990095019406, -0.0003350331682836601, -0.001557154158261668, -0.0015691553463792916, -7.000693068613793e-06, 0.00029502920789158127, -0.0008810872276355359, -0.0013971383166933526, 0.0013411327721444422, 0.0010571046533606827, 0.0001310129702840581, -0.0012291216830466216, -3.5003465343068966e-05, -0.0008310822771454374, 0.000135013366323266, -0.0005890583167733605, 0.0005510545544008857, 0.0009030894058511793, 0.0008370828712042492, 0.0008190810890278138, -0.0003650361385777192], [-0.001887186831496318, -0.0007710763365573192, 0.0008730864355571201, 0.001357134356301274, -0.0010651054454390984, -0.0018091791087317644, 0.0011051094058311772, 0.0001250123762252463, 0.0003150311880876207, 0.0006450638613222709, 4.3004257421484726e-05, -0.0008990890098119714, 0.0013911377226345407, -1.0, 0.0008950886137727635, -0.000677067029635934, -0.00011301118810762265, -0.000745073762302468, 0.0022372214849270076, 7.300722771554384e-05, 0.000777076930616131, 0.0011571145543408797, -0.0001790177227545527, -0.0019711951483196836, 0.0008070799009101901, 6.300623761752414e-05, -0.0007270719801260325, 0.000677067029635934, 0.0007690761385377152, 0.0016651648513202808, -0.00011901178216643447, -0.0005530547524204896, 0.0005310525742048463, -7.900782177435566e-05, -0.0006250618811262315, -0.0016091593067713704, 0.0010991088117723654, 0.0014251410889678077, 0.00024502425740148277, 0.0007190711880476167, 0.0007270719801260325, 0.000305030197989601, 0.0012331220790858296, -1.3001287127425615e-05, -0.0006810674256751419, -0.001317130395909195, -0.0004290424752050453, 0.0023932369304561153, -5.300524751950443e-05, 0.0004990494058911832], [0.001957193762182456, 0.0006330626732046473, -0.0010351024751450394, -3.100306930386108e-05, -0.0003850381187737586, 0.0016471630691438453, 0.0010171006929686039, -0.0003270323762052443, -0.0007930785147729625, -0.0008150806929886059, -0.0008250816830866255, -0.0016391622770654294, -0.000577057128655737, 0.0008950886137727635, -1.0, 0.0011911179206741467, -0.00022502227720544335, 0.00045104465342068865, 0.001009099900890188, -0.00209120702949592, -0.00016301613859772118, 0.00033303297026405614, 0.0006530646534006867, -0.001623160692908598, -0.0007890781187337546, 0.0005870581187537566, -6.300623761752414e-05, -0.00029502920789158127, 0.0006890682177535576, -0.0014311416830266196, -0.000135013366323266, -0.0007210713860672206, -3.300326732346502e-05, -0.0007830775246749428, -0.001557154158261668, 0.0008710862375375162, -0.0006810674256751419, -0.0011511139602820679, -0.0014791464354971143, 0.00277127435616126, -6.10060395979202e-05, -0.0006390632672634591, -0.00035903554451890735, 0.002363233960162056, 0.00014701455444088966, 0.0014311416830266196, -0.0004210416831266295, -0.0010991088117723654, -0.0008330824751650414, -0.00074107336626326], [0.00108110702959593, 0.0012331220790858296, -0.0018831864354571103, -0.000711070395969201, 0.000847083861302269, -0.0014731458414383024, -0.001415140098869788, 0.00021702148512702757, -0.0018171799008101803, -0.0008950886137727635, -0.000845083663282665, 0.0005930587128125685, -0.0015011486137127576, -0.000677067029635934, 0.0011911179206741467, -1.0, -0.00036903653461692706, 0.0011351123761252364, 0.00029702940591118523, -0.0011551143563212757, -0.001347133366203254, 0.0006170610890478157, 0.0006170610890478157, 0.0002130210890878197, -0.001045103465243059, 0.0005950589108321724, -9.100900989197931e-05, -0.00023502326730346303, 0.00016101594057811724, -0.000943093366243258, 0.00011701158414683054, 0.002331230791848393, 0.0003950391088717783, -0.00011101099008801871, 0.0007150707920084089, 0.0003310327722444522, -0.00010901079206841478, -0.0013271313860072147, 6.500643563712808e-05, 0.0005550549504400935, 0.00127912663353672, 0.000709070197949597, 0.000505049999949995, 0.00037903752471494677, 0.0011311119800860286, -0.0002570254455191064, 0.0010311020791058316, 0.00026502623759752214, -0.0002570254455191064, -0.00017301712869574089], [0.0018091791087317644, -0.000811080296949398, 0.00043704326728346107, -0.0010151004949489999, 0.001723170593888795, -0.0003650361385777192, 0.0004330428712442532, -0.0006950688118123695, 0.0015631547523204798, 0.0009690959404981093, 0.0013311317820464226, -0.0002030200989898, 0.0005910585147929645, -0.00011301118810762265, -0.00022502227720544335, -0.00036903653461692706, -1.0, -0.00024102386136227487, 0.0011651153464192956, 0.0009290919801060305, -0.0004110406930286098, 0.0014131399008501843, -0.0010951084157331576, -0.001283127029575928, 7.900782177435566e-05, 0.00045104465342068865, -0.001523150791928401, -0.00148714722757553, 0.0007930785147729625, 0.0004530448514402926, -0.0006550648514202906, 0.0007870779207141507, 0.000707069999929993, -0.0002190216831466315, -0.0005930587128125685, -0.0005970591088517764, 0.00040704029698940194, 0.0006090602969693999, -0.0018751856433786944, -0.0004250420791658374, -0.0005810575246949448, -0.0005110505940088069, -0.001119110791968405, -3.70036633626729e-05, -0.00018101792077415663, -0.0016091593067713704, 8.300821781356355e-05, -0.0007270719801260325, 0.0012671254454190966, -0.0027092682175535376], [-0.0002670264356171261, 0.0004530448514402926, 0.00036903653461692706, 0.0006130606930086079, -0.0010891078216743457, -0.0017011684156731516, 0.002605257920534133, 0.0014931478216343417, -0.00041704128708742165, 0.0011691157424585034, -0.0010251014850470197, 0.00013301316830366207, -0.00018501831681336453, -0.000745073762302468, 0.00045104465342068865, 0.0011351123761252364, -0.00024102386136227487, -1.0, 4.500445544108867e-05, 0.0021732151482996816, 0.0008850876236747438, -0.0010911080196939497, -0.0007990791088317744, 0.001481146633516718, 0.001919189999809981, -1.0000990098019704e-06, 0.00028502821779356156, 0.0010371026731646432, -0.0001790177227545527, 0.0004530448514402926, 0.001077106633556722, 9.100900989197931e-05, 0.0018631844552610707, 0.0013331319800660266, -6.900683167633596e-05, 0.0022072185146329486, 0.002331230791848393, -0.00012301217820564236, -0.0003550351484796995, -0.0024412416829266096, -0.0004970492078715793, -0.00029902960393078914, 0.0012571244553210767, -0.0013291315840268185, 0.0002470244554210867, -0.0006450638613222709, 0.0002230220791858394, 0.0003490345544208877, 0.001047103663262663, 0.0008270818811062296], [0.0004470442573814808, 0.0004670462375775202, -0.001053104257321475, 0.0035393503956891734, 0.001457144257281471, -0.0010951084157331576, 3.0002970294059113e-06, -0.00020101990097019605, -6.300623761752414e-05, 0.0001590157425585133, 0.0007170709900280128, 0.000947093762282466, 0.0014931478216343417, 0.0022372214849270076, 0.001009099900890188, 0.00029702940591118523, 0.0011651153464192956, 4.500445544108867e-05, -1.0, 1.5001485147029555e-05, 0.0012351222771054334, -9.000891088217734e-06, 0.00010301019800960295, -9.000891088217734e-06, -0.0003510347524404916, -0.00011901178216643447, -0.0013971383166933526, -0.0014451430691638473, 0.00035903554451890735, -0.0006290622771654394, 0.0010631052474194946, -0.0015471531681636483, -0.0018431824750650314, 0.0008630854454591005, 0.001829181088927804, -0.0008630854454591005, 8.900881187237537e-05, 0.00012301217820564236, -0.0003250321781856404, 0.0011611149503800875, -0.0007710763365573192, -0.0016731656433986964, 0.0002230220791858394, 0.0004970492078715793, 0.0006290622771654394, -0.000339033564322868, -0.00047104663361672807, -0.00048504801975395565, 0.00018101792077415663, -0.0014271412869874117], [2.70026732646532e-05, -0.0028492820789258137, 0.00135513415828167, -0.0008650856434787044, 0.00010501039602920689, 0.00020502029700940393, 0.0009030894058511793, 3.5003465343068966e-05, -0.00018301811879376057, -0.000673066633596726, 0.00022502227720544335, 0.001187117524634939, 0.00015701554453890934, 7.300722771554384e-05, -0.00209120702949592, -0.0011551143563212757, 0.0009290919801060305, 0.0021732151482996816, 1.5001485147029555e-05, -1.0, 7.10070296959399e-05, -0.0009050896038707832, -0.0017131696037907753, -0.00016101594057811724, 0.0005330527722244502, 0.0022812258413582947, -0.0012731260394779082, -0.0026972670294359144, -0.0004210416831266295, -0.00021702148512702757, 0.00025902564353871035, 0.001385137128575729, -0.0015711555443988954, 0.0018831864354571103, -0.0019711951483196836, -0.0006310624751850433, -0.00022702247522504728, -0.001317130395909195, 0.0014191404949089959, 0.00032103178214643247, 0.0006090602969693999, -0.0013651351483796896, -0.0013971383166933526, 0.000709070197949597, 0.0010611050493998905, -0.0007470739603220719, 0.0021372115839468106, -0.0011971185147329586, 0.00017701752473494876, 0.00026502623759752214], [0.00027102683165633397, 0.00038303792075415464, -0.001993197326535327, 0.000943093366243258, -0.0005750569306361329, -0.0004590454454991044, -2.100207920584138e-05, -5.700564355871231e-05, -0.00034303396036207585, 0.0011431131682036523, -0.0005510545544008857, 0.0002030200989898, 0.0008170808910082098, 0.000777076930616131, -0.00016301613859772118, -0.001347133366203254, -0.0004110406930286098, 0.0008850876236747438, 0.0012351222771054334, 7.10070296959399e-05, -1.0, 0.0006990692078515773, -0.00036903653461692706, -4.100405940188079e-05, 0.0006490642573614788, 0.0017331715839868148, 0.0010551044553410787, 0.0007990791088317744, -0.00022902267324465122, -0.0012611248513602848, 0.0005990593068713803, 0.00018101792077415663, 0.00016101594057811724, -0.0004930488118323715, 0.0005450539603420739, 0.0007970789108121704, -0.0014271412869874117, -0.0002570254455191064, 0.0006510644553810827, -0.000643063663302667, -0.00043104267322464923, -0.000473046831636332, 0.00046304584153831227, 0.0016051589107321624, 0.00013301316830366207, 0.000913090395949199, -4.7004653460692606e-05, 0.0002030200989898, -0.0004190414851070256, -0.0013751361384777092], [8.700861385277142e-05, 0.0012911278216543437, 0.00022702247522504728, -0.0016291612869674098, -0.0019431923760452284, 0.0008930884157531595, 0.0023432319799660166, 0.0009910981187137527, -0.000879087029615932, 0.0004670462375775202, 0.0006850678217143497, 0.0020151995047509703, 0.0001890187128525724, 0.0011571145543408797, 0.00033303297026405614, 0.0006170610890478157, 0.0014131399008501843, -0.0010911080196939497, -9.000891088217734e-06, -0.0009050896038707832, 0.0006990692078515773, -1.0, 0.0005230517821264305, 0.0008950886137727635, 0.001829181088927804, -0.0009910981187137527, -0.0010331022771254354, -0.00048504801975395565, -0.0009730963365373172, 0.001451143663222659, -0.00037703732669534286, -0.0004190414851070256, -0.0005590553464793014, -0.0006890682177535576, -0.001247123465223057, -0.0010551044553410787, 0.001757173960222062, -0.00026902663363673006, 0.0002190216831466315, -0.0008670858414983083, 0.001077106633556722, 0.0005110505940088069, 0.0004790474256951438, 0.00029702940591118523, 0.0016691652473594886, 0.000405040098969798, 0.0008210812870474177, -0.0020372016829666136, 0.0004490444554010847, 0.0009210911880276147], [-0.00010501039602920689, 0.0007270719801260325, 0.00025102485146029455, 0.0004990494058911832, -0.0013711357424385014, 0.00028902861383276943, 0.001559154356281272, -0.0005010496039107872, 0.0011971185147329586, 7.10070296959399e-05, -0.0020352014849470096, -0.002505248019553936, 0.00047704722767553985, -0.0001790177227545527, 0.0006530646534006867, 0.0006170610890478157, -0.0010951084157331576, -0.0007990791088317744, 0.00010301019800960295, -0.0017131696037907753, -0.00036903653461692706, 0.0005230517821264305, -1.0, -0.00024902465344069064, 0.0004450440593618768, 0.00046504603955791623, 0.0010631052474194946, 0.00017501732671534482, 0.00040704029698940194, -0.0008290820791258335, 0.0007390731682436561, -0.001323130989968007, -0.0016751658414183004, -0.0011971185147329586, 0.0007930785147729625, -0.0006030597029105881, -0.001787176930516121, -0.0009610951484196936, 0.0002470244554210867, 0.0011691157424585034, 8.10080197939596e-05, -0.0006970690098319734, -0.0009290919801060305, -0.001795177722594537, -0.001691167425575132, 0.0006170610890478157, -0.001315130197889591, 0.0004110406930286098, -0.000879087029615932, -0.0014431428711442432], [0.0005670561385577172, 0.0008710862375375162, -0.0016651648513202808, 0.00054305376232247, -0.001087107623654742, 0.001753173564182854, -0.0006010595048909842, 2.70026732646532e-05, 0.0009690959404981093, -8.500841583316748e-05, 0.0004290424752050453, -0.0015291513859872128, 0.0007130705939888049, -0.0019711951483196836, -0.001623160692908598, 0.0002130210890878197, -0.001283127029575928, 0.001481146633516718, -9.000891088217734e-06, -0.00016101594057811724, -4.100405940188079e-05, 0.0008950886137727635, -0.00024902465344069064, -1.0, -0.00035903554451890735, 5.000495049009852e-06, 0.0008550846533806847, 0.001651163465183053, -0.0014091395048109762, -0.0006530646534006867, 0.0005310525742048463, -3.100306930386108e-05, -7.500742573514777e-05, -0.00017701752473494876, 0.000813080494969002, -0.0009150905939688029, -0.00036703633659732315, 0.00047104663361672807, 0.0006310624751850433, -0.0005590553464793014, 0.0002090206930486118, -0.0013611347523404818, -0.0003650361385777192, -0.001887186831496318, -0.0014431428711442432, -0.001415140098869788, -0.0012951282176935518, -0.0004450440593618768, -0.001447143267183451, 4.900485148029655e-05], [-0.0010271016830666235, 0.00012101198018603841, 0.0006290622771654394, -0.00027502722769554185, 0.001247123465223057, -0.00026502623759752214, 0.0006690662375575182, -0.0012271214850270178, 0.0008070799009101901, 0.00210120801959394, 0.0012911278216543437, 0.0016811664354771123, 0.0013311317820464226, 0.0008070799009101901, -0.0007890781187337546, -0.001045103465243059, 7.900782177435566e-05, 0.001919189999809981, -0.0003510347524404916, 0.0005330527722244502, 0.0006490642573614788, 0.001829181088927804, 0.0004450440593618768, -0.00035903554451890735, -1.0, -0.0008530844553610807, 0.0005210515841068266, -0.0006270620791458355, 0.0010050995048509802, -0.001591157524594935, 0.000913090395949199, -9.300920791158324e-05, -8.10080197939596e-05, -0.0003350331682836601, 0.000507050197969599, 0.0001590157425585133, -0.00012101198018603841, 0.00018501831681336453, -0.0003750371286757389, -0.0005330527722244502, 0.0013591345543208777, -0.00039103871283257044, -7.10070296959399e-05, -0.0002530250494798985, 0.0012231210889878097, 0.0001550153465193054, -0.00038103772273455073, -0.0016751658414183004, -0.001793177524574933, 0.0011911179206741467], [-0.001351133762242462, -0.00048704821777355956, 0.0005410535643028659, 0.0016131597028105783, -0.0011891177226545427, -0.0011331121781056324, -0.0017711753463592896, -0.00054305376232247, -0.0010371026731646432, -0.0005830577227145487, -1.3001287127425615e-05, -0.0010591048513802867, -0.0005810575246949448, 6.300623761752414e-05, 0.0005870581187537566, 0.0005950589108321724, 0.00045104465342068865, -1.0000990098019704e-06, -0.00011901178216643447, 0.0022812258413582947, 0.0017331715839868148, -0.0009910981187137527, 0.00046504603955791623, 5.000495049009852e-06, -0.0008530844553610807, -1.0, -0.0011591147523604837, 0.0009610951484196936, 0.0006010595048909842, 0.00024902465344069064, 0.00019701950493098818, 0.0008830874256551399, 0.0018151797027905763, -0.0005670561385577172, -0.0015011486137127576, 0.0010311020791058316, 0.0009910981187137527, 0.0008290820791258335, -0.0013071294058111752, 0.0005150509900480148, 0.001551153564202856, 0.00033303297026405614, -0.00022702247522504728, 0.0005910585147929645, 0.0009750965345569211, 0.0010351024751450394, -0.00016901673265653299, 0.00015701554453890934, 0.0002870284158131655, -8.500841583316748e-05], [-6.500643563712808e-05, 0.000135013366323266, -0.0017131696037907753, -0.0002570254455191064, -0.00012701257424485023, -0.0004790474256951438, -0.0001250123762252463, -0.0010571046533606827, 9.700960395079113e-05, 0.001087107623654742, -0.0009350925741648423, -0.0018571838612022591, 0.000509050395989203, -0.0007270719801260325, -6.300623761752414e-05, -9.100900989197931e-05, -0.001523150791928401, 0.00028502821779356156, -0.0013971383166933526, -0.0012731260394779082, 0.0010551044553410787, -0.0010331022771254354, 0.0010631052474194946, 0.0008550846533806847, 0.0005210515841068266, -0.0011591147523604837, -1.0, 0.0018631844552610707, -0.0005130507920284108, 0.000135013366323266, -0.0015131498018303813, -0.0005910585147929645, -0.00028302801977395765, 0.0010671056434587024, 0.00024102386136227487, 0.0023492325740248282, -0.0003150311880876207, -0.001821180296849388, -0.001045103465243059, 0.0010251014850470197, -0.0007150707920084089, -0.0011171105939488009, -0.0005610555444989054, -0.000707069999929993, 7.300722771554384e-05, -0.00020702049502900786, 0.0007370729702240522, 0.0004430438613422729, 0.001389137524614937, 0.00010901079206841478], [-0.0022252202968093843, 0.00036703633659732315, 0.0018071789107121604, 0.000943093366243258, 0.0012091197028505822, -0.001043103267223455, 0.0003310327722444522, -0.0005650559405381133, -0.0005750569306361329, -0.00035703534649930344, -0.0007910783167533585, 0.001455144059261867, 0.0015731557424184994, 0.000677067029635934, -0.00029502920789158127, -0.00023502326730346303, -0.00148714722757553, 0.0010371026731646432, -0.0014451430691638473, -0.0026972670294359144, 0.0007990791088317744, -0.00048504801975395565, 0.00017501732671534482, 0.001651163465183053, -0.0006270620791458355, 0.0009610951484196936, 0.0018631844552610707, -1.0, -0.0010050995048509802, -0.0009810971286157329, 0.00016701653463692905, -0.0005270521781656384, 0.00037703732669534286, -0.001353133960262066, -0.0022752252472994826, -0.0015351519800460246, 8.900881187237537e-05, 0.0013791365345169173, 0.0008510842573414768, -0.0010030993068313764, 0.0005250519801460344, -0.0003850381187737586, -3.70036633626729e-05, 9.700960395079113e-05, 0.0008570848514002886, -0.0012031191087917704, -0.0002230220791858394, 0.0003990395049109862, 0.0001490147524604936, -0.0008750866335767241], [-0.0006970690098319734, -0.0005450539603420739, -5.700564355871231e-05, -0.00176117435626127, -0.0004430438613422729, 0.0004450440593618768, -0.0010050995048509802, -0.0016011585146929546, -0.0007150707920084089, 0.0006590652474594984, 0.0003170313861072246, -0.00013701356434286995, -0.0007230715840868246, 0.0007690761385377152, 0.0006890682177535576, 0.00016101594057811724, 0.0007930785147729625, -0.0001790177227545527, 0.00035903554451890735, -0.0004210416831266295, -0.00022902267324465122, -0.0009730963365373172, 0.00040704029698940194, -0.0014091395048109762, 0.0010050995048509802, 0.0006010595048909842, -0.0005130507920284108, -0.0010050995048509802, -1.0, -0.001153114158301672, -0.0004930488118323715, 0.0010731062375175142, 0.002293227029475918, -0.001085107425635138, 0.0010050995048509802, 0.0005810575246949448, -2.300227722544532e-05, 0.00127912663353672, -0.001077106633556722, 0.0010411030692038512, -0.0011231111880076127, -0.00020502029700940393, -0.001993197326535327, -0.0003630359405581153, 0.002033201286927406, 0.0009370927721844463, -5.100504949990049e-05, 0.0019791959403980992, -0.0012511238612622649, -0.0011511139602820679], [-0.0007650757424985074, -0.0008410832672434571, -0.001457144257281471, 0.0009710961385177132, -0.001247123465223057, -0.0008310822771454374, -7.300722771554384e-05, 0.001219120692948602, 0.00026102584155831426, 0.0003350331682836601, -0.000643063663302667, -0.000577057128655737, -0.00040303990095019406, 0.0016651648513202808, -0.0014311416830266196, -0.000943093366243258, 0.0004530448514402926, 0.0004530448514402926, -0.0006290622771654394, -0.00021702148512702757, -0.0012611248513602848, 0.001451143663222659, -0.0008290820791258335, -0.0006530646534006867, -0.001591157524594935, 0.00024902465344069064, 0.000135013366323266, -0.0009810971286157329, -0.001153114158301672, -1.0, 0.0003550351484796995, -0.0004110406930286098, -0.0007230715840868246, 0.00011101099008801871, 0.0006170610890478157, 0.0009730963365373172, 0.0027172690096319537, 0.0011311119800860286, -0.0010731062375175142, 0.0005330527722244502, -0.0006950688118123695, 0.0006270620791458355, -0.000985097524654941, 0.0008210812870474177, 0.0002530250494798985, -0.0015431527721244402, -0.0003110307920484128, 0.0015751559404381034, -0.00021502128710742364, -0.0012431230691838492], [0.0010030993068313764, 0.000607060098949796, -0.00044104366332266894, -0.0006650658415183103, -0.00038303792075415464, 0.0013771363364973132, -0.0011051094058311772, -0.001625160890928202, 0.0003170313861072246, 0.0006230616831066275, -0.000371036732636531, -0.0003010298019503931, -0.0003350331682836601, -0.00011901178216643447, -0.000135013366323266, 0.00011701158414683054, -0.0006550648514202906, 0.001077106633556722, 0.0010631052474194946, 0.00025902564353871035, 0.0005990593068713803, -0.00037703732669534286, 0.0007390731682436561, 0.0005310525742048463, 0.000913090395949199, 0.00019701950493098818, -0.0015131498018303813, 0.00016701653463692905, -0.0004930488118323715, 0.0003550351484796995, -1.0, 0.00155315376222246, -0.0004990494058911832, 0.000779077128635735, 0.001249123663242661, 0.00016101594057811724, -0.0018311812869474078, -0.0005650559405381133, 0.001079106831576326, 0.0007970789108121704, -0.0010030993068313764, 0.0005470541583616778, -0.0014651450493598866, 0.0014411426731246394, -0.0005310525742048463, 0.0007170709900280128, 0.0003970393068913822, -0.001449143465203055, -0.0008510842573414768, -0.0003750371286757389], [-0.0002910288118523734, 0.0019891969304961193, 0.0009530943563412778, -0.0006990692078515773, 0.001319130593928799, 0.0009950985147529606, 0.0008010793068513783, 0.0003250321781856404, -3.70036633626729e-05, 0.0003250321781856404, -0.0015131498018303813, -0.000847083861302269, -0.001557154158261668, -0.0005530547524204896, -0.0007210713860672206, 0.002331230791848393, 0.0007870779207141507, 9.100900989197931e-05, -0.0015471531681636483, 0.001385137128575729, 0.00018101792077415663, -0.0004190414851070256, -0.001323130989968007, -3.100306930386108e-05, -9.300920791158324e-05, 0.0008830874256551399, -0.0005910585147929645, -0.0005270521781656384, 0.0010731062375175142, -0.0004110406930286098, 0.00155315376222246, -1.0, -0.0008730864355571201, 0.001753173564182854, 0.00045104465342068865, 0.0006990692078515773, -0.0002570254455191064, -0.0011431131682036523, -0.001287127425615136, 6.300623761752414e-05, -0.00022502227720544335, -0.0005830577227145487, 0.001385137128575729, 0.0025872561383576973, -0.00019301910889178028, -0.0005570551484596975, -0.00011301118810762265, -0.0003070303960092049, 0.00017101693067613695, 0.0003350331682836601], [0.00035703534649930344, 0.0009490939603020699, -0.0002630260395779182, -0.0004950490098519754, 0.000611060494989004, -0.000985097524654941, -0.0005670561385577172, 0.0004090404950090059, 2.300227722544532e-05, -0.00036703633659732315, -0.000405040098969798, -0.0009710961385177132, -0.0015691553463792916, 0.0005310525742048463, -3.300326732346502e-05, 0.0003950391088717783, 0.000707069999929993, 0.0018631844552610707, -0.0018431824750650314, -0.0015711555443988954, 0.00016101594057811724, -0.0005590553464793014, -0.0016751658414183004, -7.500742573514777e-05, -8.10080197939596e-05, 0.0018151797027905763, -0.00028302801977395765, 0.00037703732669534286, 0.002293227029475918, -0.0007230715840868246, -0.0004990494058911832, -0.0008730864355571201, -1.0, 0.00012901277226445417, 0.002195217326515325, -0.001693167623594736, -0.0010371026731646432, 0.0019811961384177033, -0.0020432022770254256, 0.0021872165344369093, 0.0011551143563212757, 0.00044104366332266894, 0.0014691454453990946, -0.00074107336626326, -0.0004330428712442532, -0.0007570749504200916, -0.0009210911880276147, -0.00023902366334267093, -0.00019701950493098818, -0.0005010496039107872], [0.0001310129702840581, 7.900782177435566e-05, -0.0001250123762252463, -0.001121110989988009, 3.300326732346502e-05, 0.001185117326615335, 0.001483146831536322, -0.0005010496039107872, 0.000101009999989999, 5.500544553910837e-05, 0.0005970591088517764, 0.0005630557425185094, -7.000693068613793e-06, -7.900782177435566e-05, -0.0007830775246749428, -0.00011101099008801871, -0.0002190216831466315, 0.0013331319800660266, 0.0008630854454591005, 0.0018831864354571103, -0.0004930488118323715, -0.0006890682177535576, -0.0011971185147329586, -0.00017701752473494876, -0.0003350331682836601, -0.0005670561385577172, 0.0010671056434587024, -0.001353133960262066, -0.001085107425635138, 0.00011101099008801871, 0.000779077128635735, 0.001753173564182854, 0.00012901277226445417, -1.0, 0.0019331913859472088, 0.0015691553463792916, -0.0010551044553410787, -0.000909089999909991, 0.0006990692078515773, -0.0014951480196539458, -0.00025102485146029455, 0.0016951678216143397, -0.0004490444554010847, 0.0009410931682236541, 0.0005130507920284108, -0.00043904346530306503, 0.00019301910889178028, 0.000811080296949398, -0.0007270719801260325, 0.0008610852474394966], [-0.002471244653220669, -0.0022392216829466116, 0.0002330230692838591, 0.0003170313861072246, -0.00032903257422484827, -0.0005530547524204896, 0.0018091791087317644, -0.0001550153465193054, 0.00012701257424485023, 0.000337033366303264, -0.002129210791868395, -0.0001590157425585133, 0.00029502920789158127, -0.0006250618811262315, -0.001557154158261668, 0.0007150707920084089, -0.0005930587128125685, -6.900683167633596e-05, 0.001829181088927804, -0.0019711951483196836, 0.0005450539603420739, -0.001247123465223057, 0.0007930785147729625, 0.000813080494969002, 0.000507050197969599, -0.0015011486137127576, 0.00024102386136227487, -0.0