{"connections": [[-1.0, -0.00010171119840294417, -0.00037294106081079526, 0.0006357699982768103, 0.00022992531477715697, 0.00016811850984793425, 0.0004595505965206769, -0.0005201572693153516, -0.00025392795746811725, -0.00018131996332796242, 7.170789503924382e-05, 1.030113415487045e-05, -0.000147116197493344, -5.350589099859895e-05, 0.00023772617365171904, -3.6904063137351424e-05, 0.0006017662544646166, 0.0009498045734835406, -0.00026732943297057006, -0.00024872738488507587, 2.03022352761039e-05, 0.00039114306485144013, 9.871086806657413e-05, 1.7101882917309194e-05, 2.6102873926419297e-05, -4.330476785494083e-05, 0.00014871637367274137, 0.00031773498262158665, -0.00036574026800350717, -0.0008137895982347656, -6.590725638892842e-05, 0.0001607176950182215, 0.0002657292567911727, 0.00024012643792081507, 0.000349538484187109, -0.00011831302626419169, 0.00020352240781710065, 0.00028773167925788627, -0.00047935277674071916, 4.4104855944639504e-05, -0.00022532480826138957, -0.00035133868238893104, -0.00017851965501401704, 0.0003709408405865486, 1.8902081119131218e-05, 0.00032293555520462804, 0.0005515607268360246, 0.00011391254177084897, -0.00035293885856832837, -0.0004699517416867597], [-0.00010171119840294417, -1.0, 0.000293332295885777, 0.00034913844014225964, 9.291022941625873e-05, 0.0006483713856895644, -0.00017511928063279768, -0.0002071228042207447, -0.0008189901708178071, 0.00041374555338542774, -6.570723436650376e-05, -0.0001303143476096718, 0.00010431148469446486, 0.00037914174350596, -0.0004629509709018963, 0.00044334881270427875, -5.9306529648914345e-05, 0.00037754156732656264, -3.150346853188536e-05, -0.0002393263498311164, 0.0005413596036923665, 0.00034533802171619096, 0.00026412908061177533, -2.950324830763867e-05, -1.050115617729512e-05, 0.00013171450176664452, -5.190571481920159e-05, 0.00025952857409600796, -7.900869885774424e-06, 0.0002793307543160502, 0.00010431148469446486, 0.0006237686769313301, -0.00033253661228101216, 0.00022032425770077284, 8.7309612788368e-05, -0.00019732172512193592, -0.0004519497596685395, 0.00034553804373861565, 0.00010611168289628688, -0.00044334881270427875, -9.111003121443672e-05, 0.00012291353277995906, -0.00023832623971899305, -3.3303666733707384e-05, -1.7301904939733865e-05, -3.930432740644745e-05, 1.3701508536089823e-05, -0.0003959435933896322, 6.570723436650376e-05, -0.000438948328210936], [-0.00037294106081079526, 0.000293332295885777, -1.0, 0.0002639290585893507, 0.00014091551479817927, 0.0002271250064632116, -7.500825840925086e-06, 0.00023252560106867766, 0.0005151567187547349, 0.00023452582129292434, -5.890648560406501e-05, -0.00030873399161247654, -0.0005285581942571877, 0.000292732229818503, 0.00042154641225998984, -0.000815989840481437, 3.030333639733735e-05, -0.0007333807452200487, -0.00045154971562369017, -0.00055736136548634, -3.670404111492675e-05, -0.00011991320244358903, 0.0004457490769733748, -0.0003555391448598491, -0.0003153347183524906, 0.00019892190130133328, -0.00010631170491871156, -0.0003061337053209558, 3.210353459915937e-05, -0.00043434782169516863, -0.00026692938892572074, 0.00039814383563630353, -0.00018051987523826372, 0.00014511597726909732, 0.00012811410536300047, -9.331027346110807e-05, -0.00016751844378066024, -0.0005781636558185056, -0.0001711188401843043, 0.00012431368693693176, -0.0007683845991443658, -0.0003675404662053292, 0.00018732062400070247, -0.00011091221143447893, 0.0006523718261380578, -5.000550560616724e-07, -0.00032353562127190205, -0.0003539389686804517, 0.0003005330886930651, 0.00034513799969376627], [0.0006357699982768103, 0.00034913844014225964, 0.0002639290585893507, -1.0, -0.00024692718668325385, 0.00011011212334478026, -5.850644155921567e-05, 9.391033952838208e-05, 0.00024412687836930847, -0.0001549170563679061, 0.00020292234174982665, 5.900649661527734e-06, 7.37081152634905e-05, 3.4903842913104734e-05, 0.00022492476421654025, 0.0001691186199600576, -0.0001227135107575344, 0.0003289362158773681, -0.000350138550254383, 0.0007345808773545967, 0.0002315254909565543, 0.00010871196918780757, 0.0002847313489215163, -7.170789503924382e-05, 0.00023052538084443098, -0.0003881427345150701, -0.00044854938528732013, 0.0003969437035017555, -1.3001431457603482e-06, 4.5505010101612186e-05, 0.00011491265188297231, 0.0004323476014709219, -0.00026712941094814537, 0.0003333367003707108, 0.00011191232154660229, 0.00029533251611002373, -0.00032333559924947736, 4.170459167554348e-05, -2.7303006060967313e-05, 8.050886402592925e-05, 0.0001859204698437298, 8.590945863139532e-05, -9.811080199930012e-05, -4.630509819131086e-05, 3.7004074148563755e-06, -0.0003379372068864782, 0.0002103231565795394, -0.000144115867156974, -0.0002985328684688184, 0.00023332568915837633], [0.00022992531477715697, 9.291022941625873e-05, 0.00014091551479817927, -0.00024692718668325385, -1.0, 0.00018472033770918178, 0.00013611498625998723, -0.00014631610940364534, -0.00012411366491450708, -0.00037314108283321995, -0.0003277360837428201, 0.0003469381978955883, 0.00012071329053328772, -0.00036494017991380853, -0.0004861535255031579, -0.0003243357093616007, -0.0002989329125136678, 0.00038154200777505606, -2.6702939993693305e-05, -0.00011971318042116437, -6.35069921198324e-05, 6.010661773861302e-05, -8.870976694534068e-05, 0.00017091881816187963, -8.330917233987461e-05, -0.00021632381725227948, -4.790527437070822e-05, 0.0003115342999264219, 8.050886402592925e-05, 0.00025252780331114455, -0.0005541610131275453, -0.00012031324648843838, -2.6902962016117976e-05, 0.00042874720506727793, 0.0005185570931359542, -4.6505120213735535e-05, 0.00023972639387596575, 0.0007255798863454867, 0.00020372242983952534, -0.00016611828962368757, 0.0004925542302207473, -0.00012031324648843838, -0.0003419376473349716, 0.000639570416702879, 0.0002935323179082017, 0.0004751523142698011, 0.0006057666949131099, -7.670844559986054e-05, 0.0002485273628626512, 0.00012751403929572646], [0.00016811850984793425, 0.0006483713856895644, 0.0002271250064632116, 0.00011011212334478026, 0.00018472033770918178, -1.0, 0.00013351469996846654, -0.00039454343923265954, -0.00021672386129712882, 0.00043674808596426466, -0.0002547280455578159, -0.00015931754086124882, 8.770965683321734e-05, 0.00011611278401752033, -0.00038914284462719347, -3.4903842913104734e-05, -0.00039114306485144013, -0.00039554354934478287, -0.0002393263498311164, -0.0005891648670518624, -0.00047015176370918436, 0.00020992311253469008, -4.90053954940439e-06, 0.00013351469996846654, 0.0005165568729117076, -2.4902741791871285e-05, -0.00028213106262999556, 0.0001569172765921528, 0.0002103231565795394, -0.00022612489635108826, -0.00020032205545830595, 0.00022312456601471822, 0.00019532150489768923, -0.0003343368104828342, -3.370371077855672e-05, -0.00019952196736860729, 0.0005711628850336422, -0.0002843313048766669, 0.00021512368511773146, -0.0001807198972606884, -0.00026652934488087136, 3.710408515977609e-05, 0.00032473575340645006, 9.811080199930012e-05, 4.890538448283156e-05, 8.250908425017595e-05, 3.710408515977609e-05, 0.0007143786530897051, 2.2702499545199928e-05, 0.00033773718486405354], [0.0004595505965206769, -0.00017511928063279768, -7.500825840925086e-06, -5.850644155921567e-05, 0.00013611498625998723, 0.00013351469996846654, -1.0, 0.0004189461259684691, -3.3003633700070377e-06, 0.0002501275390420485, 0.00017151888422915364, -0.00032873619385494343, 4.70051752697972e-06, -0.00019732172512193592, 1.3901530558514492e-05, -0.00024552703252628114, 1.3901530558514492e-05, -7.170789503924382e-05, 0.0001253137970490551, 3.350368875613205e-05, 0.000232925645113527, 0.00028093093049544755, 3.0103314374912678e-05, -1.3101442468815817e-05, -1.7301904939733865e-05, 0.00025212775926629523, -0.00015511707839033077, -0.00023972639387596575, 0.00023532590938262304, 0.0003557391668822737, -0.00035293885856832837, 0.00013491485412543922, -0.00021692388331955348, -0.0002213243678128962, 0.0005761634355942589, 1.7101882917309194e-05, 0.0006069668270476579, -0.0002657292567911727, -6.67073444786271e-05, -8.610948065381998e-05, -3.710408515977609e-05, 0.00013211454581149384, 0.00024292674623476045, 0.0004047445623763176, 8.390923840714862e-05, -0.0001821200514176611, 4.490494403433818e-05, 0.000203322385794676, 7.930873189138125e-05, -6.050666178346236e-05], [-0.0005201572693153516, -0.0002071228042207447, 0.00023252560106867766, 9.391033952838208e-05, -0.00014631610940364534, -0.00039454343923265954, 0.0004189461259684691, -1.0, 0.00011791298221934235, 0.0003213353790252307, 1.230135437911714e-05, -0.0005179570270686803, 0.0006315695358058922, -7.25079831289425e-05, -0.00040774489271268766, -6.67073444786271e-05, -0.00029573256015487305, 0.0007275801065697333, 0.0003117343219488466, 0.00027192993948633743, 0.0002549280675802406, 2.7303006060967313e-05, -0.00021632381725227948, 0.0002361259974723217, 0.00046435112505886897, -3.4303776845830726e-05, -0.0004887538117946785, -0.000293332295885777, -0.00012511377502663043, -0.0003843423160890014, -0.0005397594275129692, -6.99076968374218e-05, -0.0003257358635185734, 0.00044314879068185406, 0.00040134418799509826, -0.00028093093049544755, -3.6303997070077416e-05, -0.0002973327363342704, 0.0001297142815423978, 0.00035753936508409575, 0.0002913320756615303, -0.00030673377138822983, -0.00023952637185354107, 0.00037994183159565867, -0.0005309584585262838, 0.00017351910445340032, 0.00014291573502242598, 0.00046255092685704694, 0.0002321255570238283, -0.0003257358635185734], [-0.00025392795746811725, -0.0008189901708178071, 0.0005151567187547349, 0.00024412687836930847, -0.00012411366491450708, -0.00021672386129712882, -3.3003633700070377e-06, 0.00011791298221934235, -1.0, -9.091000919201204e-05, 3.090340246461135e-05, -0.00014211564693272728, -0.0003855424482235494, 0.00034733824194043767, 0.0006397704387253037, -0.0005329586787505304, 3.77041512270501e-05, 0.00019532150489768923, 0.0004919541641534733, -0.0005931653075003558, -8.130895211562793e-05, -5.850644155921567e-05, -0.000438948328210936, -0.00032413568733917605, 0.00037374114890049396, -5.690626537981832e-05, 0.00045635024416188223, -0.0004539499798927862, 0.0002103231565795394, 5.030553863980424e-05, 0.00040134418799509826, 0.0002775305561142282, 5.9306529648914345e-05, -0.0004167458837217978, 0.00015711729861457748, 0.0001929212406285932, 0.0005723630171681903, -0.00016831853187035894, -0.00010371141862719085, 0.0003197352028458333, 0.00024072650398808908, 0.000347138219918013, 5.8306419536791e-05, -8.870976694534068e-05, -9.101002020322438e-06, -0.00010951205727750626, -0.0002993329565585171, 0.0003263359295858474, 0.00014671615344849468, -0.00012111333457813705], [-0.00018131996332796242, 0.00041374555338542774, 0.00023452582129292434, -0.0001549170563679061, -0.00037314108283321995, 0.00043674808596426466, 0.0002501275390420485, 0.0003213353790252307, -9.091000919201204e-05, -1.0, 0.0001583174307491255, -0.00041514570754240044, 7.500825840925086e-06, 7.51082694204632e-05, 4.230465774281749e-05, -0.000519957247292927, -6.900759773651079e-06, 0.00036514020193623316, 0.0007797858544225719, 0.00037234099474352125, -8.110893009320326e-05, 0.0004261469187757572, 0.0002425267021899111, -8.870976694534068e-05, -0.00023132546893412964, 0.0002849313709439409, 8.100891908199093e-06, 0.0005159568068444335, -1.4301574603363831e-05, 0.00015771736468185148, -0.0003281361277876694, -8.15089741380526e-05, 0.0006851754378157035, 0.00019912192332375794, -3.4303776845830726e-05, -3.0103314374912678e-05, -0.0001963216150098126, -0.00016331798130974221, 0.00023652604151717105, -0.0002297252927547323, -0.0005539609911051207, -0.0006287692274919469, 0.00023372573320322568, 0.00020872298040014206, -0.0003385372729537522, -0.0003289362158773681, 0.000147716263560618, 2.770305010581665e-05, -0.00022672496241836227, 2.03022352761039e-05], [7.170789503924382e-05, -6.570723436650376e-05, -5.890648560406501e-05, 0.00020292234174982665, -0.0003277360837428201, -0.0002547280455578159, 0.00017151888422915364, 1.230135437911714e-05, 3.090340246461135e-05, 0.0001583174307491255, -1.0, -0.00042174643428241447, -3.4303776845830726e-05, 0.00031613480644218926, -0.00032793610576524473, 0.00017471923658794833, -0.00013511487614786388, 0.00019172110849404519, -0.0004417486365248814, 2.7303006060967313e-05, -0.00020412247388437466, 0.0001439158451345493, 0.00045234980371338887, -0.0001445159112018233, -0.0004055446504660163, 0.0007747853038619552, -0.00013531489817028854, -1.1001211233356793e-06, 0.0002103231565795394, -0.0002581284199390353, 0.0004553501340497589, -1.45015966257885e-05, 8.530939256412131e-05, -0.00034993852823195833, 0.00011871307030904102, 0.0002621288603875287, 9.711069188717678e-05, -0.0005275580841450644, 0.0006415706369271257, 0.0004669514113503897, 3.4703820890680067e-05, -0.0004189461259684691, -0.0005641621142487788, 0.00017131886220672895, -0.00011151227750175294, 0.00016451811344429023, 0.0002847313489215163, 0.0003759413911471653, -0.000406944804622989, -9.271020739383407e-05], [1.030113415487045e-05, -0.0001303143476096718, -0.00030873399161247654, 5.900649661527734e-06, 0.0003469381978955883, -0.00015931754086124882, -0.00032873619385494343, -0.0005179570270686803, -0.00014211564693272728, -0.00041514570754240044, -0.00042174643428241447, -1.0, 0.000523557643696571, -2.7303006060967313e-05, 0.00038154200777505606, -0.00021672386129712882, -0.00019092102040434652, 0.0003103341677918739, -0.00018872077815767517, -2.010221325367923e-05, 0.00023972639387596575, 0.00035813943115136975, -0.00023792619567414373, 0.000145315999291522, 0.00023512588736019835, 0.0001305143696320965, -9.070998716958737e-05, 0.0004959546046019666, 0.0001853204037764558, 5.890648560406501e-05, -0.0001697186860273316, -0.0007219794899418426, -0.00043614801989699066, 1.1101222244569127e-05, -1.7501926962158535e-05, -0.00034613810980588965, -6.950765279257246e-05, 3.950434942887212e-05, -0.00015471703434548144, 5.3105846953749607e-05, 0.0002413265700553631, 0.0003889428226047688, -0.00011151227750175294, 0.00022232447792501955, -0.00015611718850245412, 0.00014671615344849468, -0.00019072099838192186, -2.7102984038542643e-05, -0.00015071659389698805, -9.451040559565608e-05], [-0.000147116197493344, 0.00010431148469446486, -0.0005285581942571877, 7.37081152634905e-05, 0.00012071329053328772, 8.770965683321734e-05, 4.70051752697972e-06, 0.0006315695358058922, -0.0003855424482235494, 7.500825840925086e-06, -3.4303776845830726e-05, 0.000523557643696571, -1.0, -0.00037194095069867193, 9.451040559565608e-05, 0.00018312016152978442, 1.0901200222144458e-05, -0.0004751523142698011, -0.0003121343659936959, -0.00012751403929572646, 0.00021672386129712882, -0.00011451260783812298, 3.8304217294324106e-05, -4.5004955045550515e-06, 0.00010051106626839615, -2.970327033006334e-05, 0.00011991320244358903, 0.0003057336612761065, 0.00018752064602312716, 0.00021672386129712882, 5.450600111072229e-05, -7.730851166713455e-05, 2.8103094150665988e-05, 0.0002677294770154194, 0.00022152438983532086, -0.00045114967157884085, 0.0002935323179082017, 0.00011891309233146569, 0.00019792179118920992, 0.0001621178491751942, -0.000756183255776461, 7.110782897196981e-05, 0.0001407154927757546, 3.8904283361598114e-05, -0.00017671945681219502, 2.3302565612473932e-05, -0.0005641621142487788, 0.00043434782169516863, -7.57083354877372e-05, 4.010441549614612e-05], [-5.350589099859895e-05, 0.00037914174350596, 0.000292732229818503, 3.4903842913104734e-05, -0.00036494017991380853, 0.00011611278401752033, -0.00019732172512193592, -7.25079831289425e-05, 0.00034733824194043767, 7.51082694204632e-05, 0.00031613480644218926, -2.7303006060967313e-05, -0.00037194095069867193, -1.0, -8.110893009320326e-05, -2.570282988156996e-05, 0.00019932194534618263, 9.131005323686138e-05, -0.0004189461259684691, 3.850423931674877e-05, -0.0003533389026131777, -0.000377341545304138, 0.00039434341721023485, -0.00024372683432445912, -0.00029313227386335234, 8.830972290049135e-05, 0.0006203683025501108, -3.910430538402278e-05, -0.0003681405322726032, 0.00020952306848984073, -0.00022112434579047154, 1.3101442468815817e-05, -0.00018512038175403113, -0.0003763414351920146, 0.00023272562309110232, 2.1302345388227245e-05, -0.0004805529088752672, -0.00012511377502663043, -0.00034853837407498563, -7.000770784863414e-07, -0.0005309584585262838, -4.5004955045550515e-06, -0.00016611828962368757, 9.491044964050542e-05, 8.650952469866933e-05, -0.0001607176950182215, -0.0005665623785178749, 0.00047675249044919844, 0.00030873399161247654, -3.8304217294324106e-05], [0.00023772617365171904, -0.0004629509709018963, 0.00042154641225998984, 0.00022492476421654025, -0.0004861535255031579, -0.00038914284462719347, 1.3901530558514492e-05, -0.00040774489271268766, 0.0006397704387253037, 4.230465774281749e-05, -0.00032793610576524473, 0.00038154200777505606, 9.451040559565608e-05, -8.110893009320326e-05, -1.0, 0.0004759524023594998, 0.00016411806939944088, 0.00021692388331955348, 0.000524757775831119, -0.0002639290585893507, -3.4903842913104734e-05, 0.00034273773542467024, 0.0003603396733980411, 0.0001615177831079202, -0.0003031333749845858, -0.0004589505304534029, 0.0002643291026342, -0.0003547390567701504, 0.0004955545605571174, 0.0005283581722347631, 0.00048775370168255527, -0.0003289362158773681, -0.0003059336832985312, 0.00028053088645059823, 0.0003051335952088325, 2.4902741791871285e-05, 0.0004323476014709219, 0.00018812071209040117, -0.00023252560106867766, 0.00020412247388437466, -0.000203322385794676, 4.430487796706417e-05, 0.0001407154927757546, -2.1102323365802575e-05, -4.310474583251616e-05, -0.00025432800151296657, -0.00015131665996426206, 0.0001395153606412066, 4.1504569653118805e-05, -0.00013271461187876784], [-3.6904063137351424e-05, 0.00044334881270427875, -0.000815989840481437, 0.0001691186199600576, -0.0003243357093616007, -3.4903842913104734e-05, -0.00024552703252628114, -6.67073444786271e-05, -0.0005329586787505304, -0.000519957247292927, 0.00017471923658794833, -0.00021672386129712882, 0.00018312016152978442, -2.570282988156996e-05, 0.0004759524023594998, -1.0, 2.6702939993693305e-05, -9.131005323686138e-05, -0.00015071659389698805, 0.00018952086624737384, -0.00028273112869726957, 5.3705913021023614e-05, 0.00032293555520462804, -4.110452560826947e-05, -9.571053773020409e-05, -0.0003063337273433805, 0.0004321475794484973, 7.830862177925789e-05, 0.00037174092867624725, 0.0004553501340497589, 0.00018432029366433243, -0.00016871857591520826, 7.150787301681915e-05, -0.00014651613142607002, 0.000673374138492648, 0.000144715933224248, -0.0003379372068864782, -0.00025772837589418593, 0.00037814163339383664, -9.971097817869747e-05, -0.0003983438576587282, -0.0006499715618689618, -3.5903953025228075e-05, -5.300583594253727e-06, -0.00030333339700701047, 0.0003631399817119865, -0.00038074191968535736, -0.0002291252266874583, -0.0007871866692522847, 1.1501266289418464e-05], [0.0006017662544646166, -5.9306529648914345e-05, 3.030333639733735e-05, -0.0001227135107575344, -0.0002989329125136678, -0.00039114306485144013, 1.3901530558514492e-05, -0.00029573256015487305, 3.77041512270501e-05, -6.900759773651079e-06, -0.00013511487614786388, -0.00019092102040434652, 1.0901200222144458e-05, 0.00019932194534618263, 0.00016411806939944088, 2.6702939993693305e-05, -1.0, -0.00012071329053328772, 0.0003971437255241802, -0.0004459490989957994, 0.00022752505050806094, -0.0001685185538927836, 0.0004223465003496885, 3.110342448703602e-05, 0.00026052868420813134, -0.00044934947337701883, 0.0003051335952088325, 5.3305868976174274e-05, -2.1702389433076583e-05, 9.671064784232745e-05, -0.00035073861632165703, -0.0005593615857105868, -0.000437148130009114, -0.00018111994130553773, 0.00020152218759285397, -5.150567077435226e-05, 0.0003267359736306967, -0.0001015111763805195, 0.00026232888240995336, -0.000638370284568331, 0.0005135565425753375, -7.05077629046958e-05, 0.0003963436374344815, 0.000406944804622989, 0.00017531930265522234, 0.00030093313273791444, -0.0006001660782852192, 0.000263128970499652, -0.00046975171966433504, -7.19079170616685e-05], [0.0009498045734835406, 0.00037754156732656264, -0.0007333807452200487, 0.0003289362158773681, 0.00038154200777505606, -0.00039554354934478287, -7.170789503924382e-05, 0.0007275801065697333, 0.00019532150489768923, 0.00036514020193623316, 0.00019172110849404519, 0.0003103341677918739, -0.0004751523142698011, 9.131005323686138e-05, 0.00021692388331955348, -9.131005323686138e-05, -0.00012071329053328772, -1.0, -0.00015291683614365942, 8.370921638472396e-05, -0.00023772617365171904, 0.0003351368985725328, 0.00010191122042536883, -0.00018372022759705842, 0.00018131996332796242, 0.0006239686989537548, 0.000664373147483538, 0.0003037334410518598, -3.810419527189944e-05, 0.0006835752616363061, 0.00019852185725648393, -0.00020692278219832004, -0.00014191562491030262, 0.00027973079836089953, -0.0003693406644071512, 0.00028053088645059823, -0.0007841863389159146, 5.850644155921567e-05, 0.0004191461479908938, 8.650952469866933e-05, -7.850864380168257e-05, 8.310915031744995e-05, -0.0008529939146300008, -5.150567077435226e-05, -0.00026752945499299474, -1.500165168185017e-06, 0.0005055556616783508, -0.00021452361905045745, 0.0003335367223931355, -0.0004615508167449236], [-0.00026732943297057006, -3.150346853188536e-05, -0.00045154971562369017, -0.000350138550254383, -2.6702939993693305e-05, -0.0002393263498311164, 0.0001253137970490551, 0.0003117343219488466, 0.0004919541641534733, 0.0007797858544225719, -0.0004417486365248814, -0.00018872077815767517, -0.0003121343659936959, -0.0004189461259684691, 0.000524757775831119, -0.00015071659389698805, 0.0003971437255241802, -0.00015291683614365942, -1.0, -0.00028093093049544755, 0.0001821200514176611, -0.0001331146559236172, 0.0001621178491751942, 0.00011651282806236966, -0.0001697186860273316, -7.750853368955922e-05, 0.00014891639569516603, 5.910650762648968e-05, 0.00020052207748073064, -0.00012511377502663043, -0.00020212225366012798, -0.0002515276931990212, 0.00020632271613104603, -0.000203322385794676, 0.000409345068892085, -0.00019972198939103195, -9.111003121443672e-05, 4.950545055010557e-05, 0.00016371802535459153, 3.950434942887212e-05, 0.0001337147219908912, -4.67051422361602e-05, 0.0001653182015339889, -0.0001581174087267008, -0.00033813722890890287, -9.69106698647521e-05, -0.00046195086078977294, 1.410155258093916e-05, -0.00027513029184513216, -0.0004241466985515105], [-0.00024872738488507587, -0.0002393263498311164, -0.00055736136548634, 0.0007345808773545967, -0.00011971318042116437, -0.0005891648670518624, 3.350368875613205e-05, 0.00027192993948633743, -0.0005931653075003558, 0.00037234099474352125, 2.7303006060967313e-05, -2.010221325367923e-05, -0.00012751403929572646, 3.850423931674877e-05, -0.0002639290585893507, 0.00018952086624737384, -0.0004459490989957994, 8.370921638472396e-05, -0.00028093093049544755, -1.0, -0.0005937653735676297, 0.00023752615162929438, 0.00015311685816608408, 0.00025312786937841856, 0.0001445159112018233, 0.0010792188219923013, 0.00022472474219411556, -0.00024672716466082916, 0.0003275360617203954, -0.00015931754086124882, 0.00028733163521303695, -9.851084604414946e-05, 3.570393100280341e-05, 0.00037894172148353534, -0.00028093093049544755, 0.0002493274509523499, 1.3901530558514492e-05, -0.0003883427565374948, -4.4104855944639504e-05, 0.00024572705454870583, -0.00048655356954800726, -0.00040334440821934497, -0.00026692938892572074, -0.0001615177831079202, 0.0006737741825374974, 0.00012411366491450708, -0.00018292013950735976, 0.0006487714297344138, -0.000489753921906802, 0.00011611278401752033], [2.03022352761039e-05, 0.0005413596036923665, -3.670404111492675e-05, 0.0002315254909565543, -6.35069921198324e-05, -0.00047015176370918436, 0.000232925645113527, 0.0002549280675802406, -8.130895211562793e-05, -8.110893009320326e-05, -0.00020412247388437466, 0.00023972639387596575, 0.00021672386129712882, -0.0003533389026131777, -3.4903842913104734e-05, -0.00028273112869726957, 0.00022752505050806094, -0.00023772617365171904, 0.0001821200514176611, -0.0005937653735676297, -1.0, -0.0001343147880581652, -0.0008123894440777929, 0.0004529498697806629, 0.0004615508167449236, 0.0002289252046650336, 0.00036013965137561647, -0.0003213353790252307, 0.00019492146085283988, -0.000291532097683955, -0.0007409815820721862, 0.000262528904432378, 0.00023472584331534903, 0.000465551257193417, 0.0003413375812676976, 0.0007123784328654585, -0.0004127454432733044, 5.350589099859895e-05, 0.00013411476603574055, -7.810859975683323e-05, 0.00017011873007218096, -0.00033713711879677954, -0.0005431598018941885, -0.00014131555884302861, -0.0005713629070560668, -0.0008169899505935603, -7.350809324106584e-05, -0.0002707298073517894, -0.00020472253995164867, -0.00024052648196566442], [0.00039114306485144013, 0.00034533802171619096, -0.00011991320244358903, 0.00010871196918780757, 6.010661773861302e-05, 0.00020992311253469008, 0.00028093093049544755, 2.7303006060967313e-05, -5.850644155921567e-05, 0.0004261469187757572, 0.0001439158451345493, 0.00035813943115136975, -0.00011451260783812298, -0.000377341545304138, 0.00034273773542467024, 5.3705913021023614e-05, -0.0001685185538927836, 0.0003351368985725328, -0.0001331146559236172, 0.00023752615162929438, -0.0001343147880581652, -1.0, 0.00011091221143447893, 0.0002973327363342704, -0.00021892410354380017, 0.0003469381978955883, 9.771075795445079e-05, -4.210463572039281e-05, -0.00023952637185354107, 0.00011091221143447893, 0.00015711729861457748, 0.00012131335660056172, -0.0005737631713251629, -0.0005997660342403698, 0.0007201792917400205, -0.00034493797767134164, 0.00026412908061177533, 0.00038034187564050804, 0.0003417376253125469, 0.00022792509455291028, -0.00023192553500140365, 0.0006309694697386182, 0.0003277360837428201, 0.0005303583924590097, 0.0005503605947014766, -0.00045094964955641616, 0.0005245577538086943, -0.0004423487025921554, -0.00021672386129712882, -0.00010811190312053357], [9.871086806657413e-05, 0.00026412908061177533, 0.0004457490769733748, 0.0002847313489215163, -8.870976694534068e-05, -4.90053954940439e-06, 3.0103314374912678e-05, -0.00021632381725227948, -0.000438948328210936, 0.0002425267021899111, 0.00045234980371338887, -0.00023792619567414373, 3.8304217294324106e-05, 0.00039434341721023485, 0.0003603396733980411, 0.00032293555520462804, 0.0004223465003496885, 0.00010191122042536883, 0.0001621178491751942, 0.00015311685816608408, -0.0008123894440777929, 0.00011091221143447893, -1.0, -0.00046195086078977294, -0.00016891859793763294, 0.00019052097635949717, -0.00010991210132235559, 0.00010191122042536883, 0.00020212225366012798, 0.0005229575776292969, 0.00023912632780869175, 1.4901640670637837e-05, -0.0003045335291415585, -0.0003977437915914542, -0.0005279581281899137, 3.6303997070077416e-05, -0.00010271130851506751, 7.110782897196981e-05, 0.00037214097272109657, -0.00045495009000490953, 1.7301904939733865e-05, -0.0004855534594358839, -0.00019992201141345663, 0.0004195461920357431, -0.00038774269047022077, -0.00022372463208199223, 6.73074105459011e-05, 0.00013651503030483655, -1.7901971007007873e-05, 6.510716829922975e-05], [1.7101882917309194e-05, -2.950324830763867e-05, -0.0003555391448598491, -7.170789503924382e-05, 0.00017091881816187963, 0.00013351469996846654, -1.3101442468815817e-05, 0.0002361259974723217, -0.00032413568733917605, -8.870976694534068e-05, -0.0001445159112018233, 0.000145315999291522, -4.5004955045550515e-06, -0.00024372683432445912, 0.0001615177831079202, -4.110452560826947e-05, 3.110342448703602e-05, -0.00018372022759705842, 0.00011651282806236966, 0.00025312786937841856, 0.0004529498697806629, 0.0002973327363342704, -0.00046195086078977294, -1.0, -0.0007089780584842391, 0.0003249357754288747, -9.591055975262876e-05, -0.0001537169242333581, 0.00022172441185774555, 5.6106177290119645e-05, 0.000321135357002806, 0.0007861865591401613, 1.5101662693062506e-05, 9.070998716958737e-05, 0.00038134198575263137, -0.00010651172694113622, -0.00031833504868886066, -6.170679391801038e-05, 0.00019892190130133328, 0.0001143125858156983, -9.591055975262876e-05, 0.00023892630578626706, -9.901090110021113e-06, -0.00010131115435809482, -0.0008937984072046332, 0.0001607176950182215, 0.00018732062400070247, -3.670404111492675e-05, -0.00026552923476874803, -0.00022172441185774555], [2.6102873926419297e-05, -1.050115617729512e-05, -0.0003153347183524906, 0.00023052538084443098, -8.330917233987461e-05, 0.0005165568729117076, -1.7301904939733865e-05, 0.00046435112505886897, 0.00037374114890049396, -0.00023132546893412964, -0.0004055446504660163, 0.00023512588736019835, 0.00010051106626839615, -0.00029313227386335234, -0.0003031333749845858, -9.571053773020409e-05, 0.00026052868420813134, 0.00018131996332796242, -0.0001697186860273316, 0.0001445159112018233, 0.0004615508167449236, -0.00021892410354380017, -0.00016891859793763294, -0.0007089780584842391, -1.0, -0.00035813943115136975, 1.8702059096706547e-05, -0.0001311144356993705, 0.0004275470729327299, -9.731071390960145e-05, -0.0009051996624828394, 6.030663976103769e-05, -2.3102543590049265e-05, -0.0004339477776503193, -0.00013971538266363128, -0.00018432029366433243, -9.010992110231336e-05, 0.00016251789322004352, 0.00019112104242677118, 0.0005081559479698715, 0.0005959656158143012, 0.000292732229818503, 0.0005459601102081339, -0.00036474015789138384, -0.0005807639421100264, 0.00011451260783812298, -0.00021452361905045745, 0.00015311685816608408, -0.0005341588108850784, 4.4104855944639504e-05], [-4.330476785494083e-05, 0.00013171450176664452, 0.00019892190130133328, -0.0003881427345150701, -0.00021632381725227948, -2.4902741791871285e-05, 0.00025212775926629523, -3.4303776845830726e-05, -5.690626537981832e-05, 0.0002849313709439409, 0.0007747853038619552, 0.0001305143696320965, -2.970327033006334e-05, 8.830972290049135e-05, -0.0004589505304534029, -0.0003063337273433805, -0.00044934947337701883, 0.0006239686989537548, -7.750853368955922e-05, 0.0010792188219923013, 0.0002289252046650336, 0.0003469381978955883, 0.00019052097635949717, 0.0003249357754288747, -0.00035813943115136975, -1.0, -0.0003691406423847266, -0.0005753633475045602, 0.00026172881634267935, 0.00048535343741345924, -0.00047895273269586984, -0.0003967436814793309, -0.000518157049091105, 6.870756470287378e-05, -0.00019992201141345663, -0.0003597396073307671, -0.0005039554854989535, 0.00018232007344008575, 0.0004917541421310486, 0.00011831302626419169, -0.0001711188401843043, 0.0001445159112018233, 0.0003837422500217274, 0.0003011331547603391, 0.0005731631052578889, 4.5505010101612186e-05, 0.00013931533861878193, -2.03022352761039e-05, -1.3901530558514492e-05, 0.00026672936690329605], [0.00014871637367274137, -5.190571481920159e-05, -0.00010631170491871156, -0.00044854938528732013, -4.790527437070822e-05, -0.00028213106262999556, -0.00015511707839033077, -0.0004887538117946785, 0.00045635024416188223, 8.100891908199093e-06, -0.00013531489817028854, -9.070998716958737e-05, 0.00011991320244358903, 0.0006203683025501108, 0.0002643291026342, 0.0004321475794484973, 0.0003051335952088325, 0.000664373147483538, 0.00014891639569516603, 0.00022472474219411556, 0.00036013965137561647, 9.771075795445079e-05, -0.00010991210132235559, -9.591055975262876e-05, 1.8702059096706547e-05, -0.0003691406423847266, -1.0, -0.00030973410172459987, 0.0003541389907028764, -8.590945863139532e-05, -0.0003457380657610403, -1.3901530558514492e-05, 0.00013191452378906918, 0.0001839202496194831, -5.230575886405093e-05, 0.0003567392769943971, 0.00026732943297057006, -0.0004765524684267738, 0.00017411917052067433, 0.0002755303358899815, -3.51038649355294e-05, 0.0005689626427869709, 6.41070581871064e-05, -5.7706353469516995e-05, -2.1002312354590242e-06, 2.8703160217939996e-05, 6.330697009740773e-05, 0.0003385372729537522, 0.00018932084422494915, -0.00014291573502242598], [0.00031773498262158665, 0.00025952857409600796, -0.0003061337053209558, 0.0003969437035017555, 0.0003115342999264219, 0.0001569172765921528, -0.00023972639387596575, -0.000293332295885777, -0.0004539499798927862, 0.0005159568068444335, -1.1001211233356793e-06, 0.0004959546046019666, 0.0003057336612761065, -3.910430538402278e-05, -0.0003547390567701504, 7.830862177925789e-05, 5.3305868976174274e-05, 0.0003037334410518598, 5.910650762648968e-05, -0.00024672716466082916, -0.0003213353790252307, -4.210463572039281e-05, 0.00010191122042536883, -0.0001537169242333581, -0.0001311144356993705, -0.0005753633475045602, -0.00030973410172459987, -1.0, -0.00011731291615206834, 0.0002479272967953772, 0.000493354318310446, -4.210463572039281e-05, 2.5302785836720623e-05, 0.00026172881634267935, -0.0002709298293742141, 0.000290932031616681, 0.0002431267682571851, -0.0002863315251009136, 0.0002895318774597083, 0.0001265139291836031, -0.00014211564693272728, -0.00022212445590259487, -0.0006109672674961513, -0.00020112214354800462, -0.0003675404662053292, 0.0007317805690406514, -1.2901420446391148e-05, -6.210683796285971e-05, 0.0001619178271527695, -0.0004671514333728144], [-0.00036574026800350717, -7.900869885774424e-06, 3.210353459915937e-05, -1.3001431457603482e-06, 8.050886402592925e-05, 0.0002103231565795394, 0.00023532590938262304, -0.00012511377502663043, 0.0002103231565795394, -1.4301574603363831e-05, 0.0002103231565795394, 0.0001853204037764558, 0.00018752064602312716, -0.0003681405322726032, 0.0004955545605571174, 0.00037174092867624725, -2.1702389433076583e-05, -3.810419527189944e-05, 0.00020052207748073064, 0.0003275360617203954, 0.00019492146085283988, -0.00023952637185354107, 0.00020212225366012798, 0.00022172441185774555, 0.0004275470729327299, 0.00026172881634267935, 0.0003541389907028764, -0.00011731291615206834, -1.0, 0.00020612269410862137, 0.0005719629731233409, 0.00010971207929993092, 0.0005263579520105164, -0.000559761629755436, 0.00028293115071969426, 0.000606366760980384, 0.0006497715398465371, -3.8904283361598114e-05, 0.0003401374491331496, -0.00022932524870988296, -8.430928245199797e-05, 0.00014891639569516603, 8.610948065381998e-05, 5.750633144709233e-05, 0.00016831853187035894, 0.00011231236559145162, 0.000520557313360201, 0.0001929212406285932, 0.0004325476234933466, 2.6302895948843968e-05], [-0.0008137895982347656, 0.0002793307543160502, -0.00043434782169516863, 4.5505010101612186e-05, 0.00025252780331114455, -0.00022612489635108826, 0.0003557391668822737, -0.0003843423160890014, 5.030553863980424e-05, 0.00015771736468185148, -0.0002581284199390353, 5.890648560406501e-05, 0.00021672386129712882, 0.00020952306848984073, 0.0005283581722347631, 0.0004553501340497589, 9.671064784232745e-05, 0.0006835752616363061, -0.00012511377502663043, -0.00015931754086124882, -0.000291532097683955, 0.00011091221143447893, 0.0005229575776292969, 5.6106177290119645e-05, -9.731071390960145e-05, 0.00048535343741345924, -8.590945863139532e-05, 0.0002479272967953772, 0.00020612269410862137, -1.0, 0.0002787306882487762, 0.0005997660342403698, -0.00034333780149194425, -0.00024532701050385646, -0.00016031765097337218, -0.00016731842175823558, -0.0003347368545276835, -0.0003897429106944675, -0.0003131344761058192, 0.00010591166087386221, 0.00011091221143447893, -0.0002919321417288043, 2.410265370217261e-05, 0.0002967326702669964, 0.0003071338154330792, -0.0002109232226468134, -0.0004275470729327299, 0.0002573283318493366, 0.00022652494039593758, 0.0002219244338801702], [-6.590725638892842e-05, 0.00010431148469446486, -0.00026692938892572074, 0.00011491265188297231, -0.0005541610131275453, -0.00020032205545830595, -0.00035293885856832837, -0.0005397594275129692, 0.00040134418799509826, -0.0003281361277876694, 0.0004553501340497589, -0.0001697186860273316, 5.450600111072229e-05, -0.00022112434579047154, 0.00048775370168255527, 0.00018432029366433243, -0.00035073861632165703, 0.00019852185725648393, -0.00020212225366012798, 0.00028733163521303695, -0.0007409815820721862, 0.00015711729861457748, 0.00023912632780869175, 0.000321135357002806, -0.0009051996624828394, -0.00047895273269586984, -0.0003457380657610403, 0.000493354318310446, 0.0005719629731233409, 0.0002787306882487762, -1.0, -0.0002097230905122654, -0.00018952086624737384, -8.7009579754731e-06, 0.000988808867856351, -0.0004339477776503193, 1.500165168185017e-06, 0.00025212775926629523, 6.030663976103769e-05, -0.0004983548688710627, -7.410815930833985e-05, 0.0005687626207645462, -0.00037894172148353534, -0.00017271901636370165, 0.0004553501340497589, 0.00030813392554520253, 5.6706243357393646e-05, 0.0007439819124085562, 0.0001827201174849351, -0.0002567282657820626], [0.0001607176950182215, 0.0006237686769313301, 0.00039814383563630353, 0.0004323476014709219, -0.00012031324648843838, 0.00022312456601471822, 0.00013491485412543922, -6.99076968374218e-05, 0.0002775305561142282, -8.15089741380526e-05, -1.45015966257885e-05, -0.0007219794899418426, -7.730851166713455e-05, 1.3101442468815817e-05, -0.0003289362158773681, -0.00016871857591520826, -0.0005593615857105868, -0.00020692278219832004, -0.0002515276931990212, -9.851084604414946e-05, 0.000262528904432378, 0.00012131335660056172, 1.4901640670637837e-05, 0.0007861865591401613, 6.030663976103769e-05, -0.0003967436814793309, -1.3901530558514492e-05, -4.210463572039281e-05, 0.00010971207929993092, 0.0005997660342403698, -0.0002097230905122654, -1.0, -0.0004125454212508797, -0.00017331908243097566, 0.00038014185361808335, -0.00015971758490609817, 1.6901860894884527e-05, 0.00028793170128031095, 0.0003225355111597787, 0.0005647621803160528, -0.0003675404662053292, -3.19035125767347e-05, 5.3705913021023614e-05, 3.750412920462543e-05, 0.00046915165359706103, -0.0002773305340918035, 1.45015966257885e-05, -0.00035753936508409575, 0.0002913320756615303, 0.00018111994130553773], [0.0002657292567911727, -0.00033253661228101216, -0.00018051987523826372, -0.00026712941094814537, -2.6902962016117976e-05, 0.00019532150489768923, -0.00021692388331955348, -0.0003257358635185734, 5.9306529648914345e-05, 0.0006851754378157035, 8.530939256412131e-05, -0.00043614801989699066, 2.8103094150665988e-05, -0.00018512038175403113, -0.0003059336832985312, 7.150787301681915e-05, -0.000437148130009114, -0.00014191562491030262, 0.00020632271613104603, 3.570393100280341e-05, 0.00023472584331534903, -0.0005737631713251629, -0.0003045335291415585, 1.5101662693062506e-05, -2.3102543590049265e-05, -0.000518157049091105, 0.00013191452378906918, 2.5302785836720623e-05, 0.0005263579520105164, -0.00034333780149194425, -0.00018952086624737384, -0.0004125454212508797, -1.0, -0.0002419266361226371, -2.010221325367923e-05, -0.00025272782533356924, 0.00021472364107288211, -0.00044914945135459414, -5.7706353469516995e-05, -0.0001143125858156983, 0.00022672496241836227, 0.00014991650580728938, 0.00013151447974421983, -0.0002507276051093225, -0.00024072650398808908, 0.00016891859793763294, -9.010992110231336e-05, 0.000612367421653124, 0.00017471923658794833, -0.0005155567627995843], [0.00024012643792081507, 0.00022032425770077284, 0.00014511597726909732, 0.0003333367003707108, 0.00042874720506727793, -0.0003343368104828342, -0.0002213243678128962, 0.00044314879068185406, -0.0004167458837217978, 0.00019912192332375794, -0.00034993852823195833, 1.1101222244569127e-05, 0.0002677294770154194, -0.0003763414351920146, 0.00028053088645059823, -0.00014651613142607002, -0.00018111994130553773, 0.00027973079836089953, -0.000203322385794676, 0.00037894172148353534, 0.000465551257193417, -0.0005997660342403698, -0.0003977437915914542, 9.070998716958737e-05, -0.0004339477776503193, 6.870756470287378e-05, 0.0001839202496194831, 0.00026172881634267935, -0.000559761629755436, -0.00024532701050385646, -8.7009579754731e-06, -0.00017331908243097566, -0.0002419266361226371, -1.0, -7.930873189138125e-05, -5.350589099859895e-05, -2.010221325367923e-05, 0.0003069337934106545, -9.211014132656006e-05, 0.00045615022213945755, 0.00044314879068185406, -0.00016331798130974221, 0.0001331146559236172, 0.00024092652601051377, -1.3501486513665155e-05, -0.0002511276491541719, -0.0004385482841660867, -0.000190921020404346