{"connections": [[-1.0, -0.00015390643874672253, 7.485799558250816e-05, -2.729291515626784e-05, -1.7411859760741045e-05, -2.1212265682097504e-05, -1.0871161148722296e-05, 9.10797282257718e-05, -0.00012506335801726982, -9.804047170278258e-05, -7.190768045934986e-06, 7.691821563461193e-05, 4.841517122443848e-05, -0.00011916272777095321, 0.0001623873445922759, -9.844051443134641e-05, 1.813193667215595e-05, -7.001747856688572e-05, 7.030750954509451e-06, -3.697394918751272e-05, 1.365145811224097e-05, 6.46769081405585e-05, 4.1814466203135155e-05, 3.517375690897545e-05, -4.9635301546558185e-05, 8.950956051615873e-06, 0.00017010816925355798, 4.991533145655288e-05, -9.618027301496073e-05, 1.8491975127863408e-05, -1.5871695255770267e-05, -4.2094496113129846e-05, -4.1004379677793384e-07, 4.695501526518048e-05, -8.257882024379024e-05, -0.0001229031272830251, -5.963636976065413e-05, -1.8301954831795584e-06, -0.00010476118954265504, -2.5772752787725256e-05, 8.029857669097637e-05, 0.0001241832640144294, -0.0001436653448954883, 4.2654555933119216e-05, 2.3092466506347544e-05, 0.00012206303755304104, 1.2151297880126575e-05, 9.215984359289416e-05, -0.00020735214728285128, -2.537271005916142e-05], [-0.00015390643874672253, -1.0, 0.00012156298414233624, 0.00011394217016319513, -5.023536563940394e-05, -0.00014860587259325167, -2.625280406200186e-05, 8.837943980796589e-05, 0.00010970171724041845, 8.667925821156957e-05, 0.0001056412835454955, -0.00010896163819257535, -1.325141538367713e-05, -4.1814466203135155e-05, -1.945207767641662e-05, -4.9175252408709774e-05, 3.767402396249944e-05, 0.00012078290082163676, -0.0002933413317876482, 1.3331423929389898e-05, 1.3191408974392554e-05, -0.00012000281750093727, -4.7095030220177816e-05, 0.00011440221930104355, -9.782044820207247e-05, 7.373787594252942e-05, -4.685500458303951e-05, 1.4491547842225028e-05, 6.73771965583644e-05, -4.090436899565243e-06, 0.00014468545385332607, 0.00010642136686619498, 9.145976881790744e-05, 1.3491441020815433e-05, -0.00011596238594244251, 1.821194521786872e-05, 5.030537311690261e-06, 4.671498962804217e-05, 5.5515929656446605e-05, 1.4101506181875285e-06, -5.537591470144926e-05, 0.00011804260813097447, -0.00019277058982669938, 6.9837459339032e-05, -0.00010122081139486508, 1.6471759348616025e-05, -0.00013800474028630998, -6.423686113913827e-05, 5.8896290712811036e-05, 2.1092252863528355e-05], [7.485799558250816e-05, 0.00012156298414233624, -1.0, 0.00019621095729234838, -8.945955517508825e-05, -2.085222722639005e-05, 0.00010814155059901948, 0.00013528444973207588, 0.000118722680769533, -4.147442988385589e-05, 0.00012650351184009963, 0.00016396751337010307, -0.00015040606487178897, 0.00021111254893135136, -1.0701142989082664e-06, -0.00016496762019151264, 3.497373554469353e-05, 0.00011936274913523513, -0.00019559089106307444, 8.327889501877696e-05, -9.52801768756921e-05, 9.6000253787107e-05, -2.8793075388382234e-05, -3.3753605222573826e-05, 0.0001855898228489785, -0.0001483058405468288, 1.0971171830863254e-05, 3.083329330405781e-05, -2.2292381049219866e-05, 1.2901377996183772e-06, 7.233772639255599e-05, 3.311353685687168e-05, 8.29188565630695e-05, 6.979745506617562e-05, -4.5574867851635236e-05, 5.8956297122095613e-05, -6.183660476775524e-05, 2.1972346866368797e-05, -1.4311528614371301e-05, -9.651030826602589e-06, 5.9936401807077014e-05, 6.181660263132705e-05, -0.00018098933147049436, 1.1331210286570709e-05, 3.557379963753928e-05, -4.0754352972440986e-05, 0.00020329171358792833, 7.151763879900012e-05, 1.90020296067823e-07, -8.570915459480228e-06], [-2.729291515626784e-05, 0.00011394217016319513, 0.00019621095729234838, -1.0, -5.7906184959615534e-06, 0.0001406650244312595, 0.00016208731254585302, 5.333569678577369e-05, -9.916059134276132e-05, 0.0001174825483109851, -0.00013618454587134451, 1.6811795667895288e-05, 6.543698932482978e-05, -0.00012530338365440813, -8.161871769523702e-05, -3.369359881328925e-05, -0.0001436653448954883, -3.990426217424283e-06, -5.7916186027829635e-05, -2.8353028386962012e-05, 0.00031922409632572854, -1.2311314971552112e-05, -0.0002132327753927397, 3.383361376828659e-05, 0.00019637097438377393, 7.125761102543363e-05, -5.093544041439066e-05, -0.00016744788510860846, -0.00011524230903102761, 2.5152686558451308e-05, -5.817621380139613e-05, -2.3512511371339572e-05, -0.00010952169801256472, 0.00010554127286335454, -1.7111827714318166e-05, 0.00022615415552535166, 0.00010608133054691572, -5.730612086676978e-06, 4.391469052809531e-05, 2.0102147110332854e-06, 0.0001313240267192939, -7.01074881808126e-06, -0.0001865699275339599, -4.693501312875228e-05, 8.667925821156957e-05, -0.0001411450757055361, -9.911058600169083e-06, 6.2106633609535835e-06, -0.00015608667161739546, 4.485479094022032e-05], [-1.7411859760741045e-05, -5.023536563940394e-05, -8.945955517508825e-05, -5.7906184959615534e-06, -1.0, 0.00019527085688022337, -9.000961392686352e-08, 8.113866642096042e-05, 0.00013782472105845626, 2.5112682285594924e-05, -9.010962460900449e-06, -0.00012308314651087883, 8.14386984673833e-05, 6.85973268804841e-05, -7.993853823526891e-05, 7.415792080752145e-05, 0.00024713639663852494, 5.517589333716734e-05, -0.0002310146746774023, -7.599811735891511e-05, -0.0001540264515652917, -1.6671780712897945e-05, -3.857412010176807e-05, 1.9032032811424588e-05, 6.619707050910107e-05, 5.185553869008749e-05, -8.345891424663068e-05, 8.441901679518389e-05, -9.391003053036094e-06, -0.0003127234019865662, -8.53791193437371e-05, 7.121760675257724e-05, 0.00010154084557771616, -0.00024277593089717912, -4.431473325665914e-05, 5.130547993831221e-06, 2.019215672425972e-05, -7.925846559671039e-05, 9.532018114854847e-05, 7.137762384400277e-05, 0.00012284312087374052, -2.4492616056320976e-05, 0.00013850479369701478, 1.2311314971552112e-05, 5.2035557917941215e-05, 4.603491698948365e-05, 2.549272287773057e-05, 6.76172221955027e-05, -2.9953199301217364e-05, -2.0792220817105476e-05], [-2.1212265682097504e-05, -0.00014860587259325167, -2.085222722639005e-05, 0.0001406650244312595, 0.00019527085688022337, -1.0, 4.950528765977494e-06, 0.00010838157623615778, -0.00011928274058952237, 4.207449397670165e-05, -4.7215043038746965e-05, 3.369359881328925e-05, -4.953529086441723e-05, -2.8373030523390203e-05, -0.00016002709249374926, 2.73929258384088e-05, -1.4051500840804806e-05, -5.023536563940394e-05, -0.0001663677697414861, 3.0933303986198765e-05, 4.34346392538187e-05, 7.197768793684854e-05, 1.8471972991435214e-05, -2.5092680149166734e-05, 8.235879674308013e-05, -4.895522890799967e-05, -5.4055773697188595e-05, -4.0234297425307996e-05, 1.1331210286570709e-05, 6.351678422772336e-05, 2.5312703649876844e-05, -6.919739097332986e-05, -7.55180660846385e-05, 3.2373457809028585e-05, 7.821835450244441e-05, 0.00010918166169328546, -8.889949535509888e-05, 7.387789089752677e-05, -4.8095137041587414e-05, -6.003641248921797e-05, 0.00010976172364970302, -6.49069327094827e-06, -0.00010128081780414966, 2.8273019841249244e-05, -8.39389655209073e-05, 0.00010832156982687321, 0.00018386963911615399, 8.557914070801902e-05, -7.439794644465976e-05, 2.4212586146326288e-05], [-1.0871161148722296e-05, -2.625280406200186e-05, 0.00010814155059901948, 0.00016208731254585302, -9.000961392686352e-08, 4.950528765977494e-06, -1.0, -5.717610697998653e-05, 0.00013268417199641095, 0.00010618134122905668, -8.599918557301105e-05, 0.0001722483978513745, 0.00014542553290116918, -3.790404853142364e-06, -8.327889501877696e-05, -6.9837459339032e-05, -0.00010876161682829342, -1.4411539296512261e-05, -5.769616252711952e-05, -3.85041126242694e-06, 0.00010590131131906199, -4.73750601301725e-05, -1.750186937466791e-06, -0.00014292526584764519, -2.5672742105584297e-05, -0.00017550874608916978, 3.445367999756054e-05, 6.399683550199997e-05, -6.989746574831658e-05, -8.831943339868132e-05, 5.537591470144926e-05, 1.9032032811424588e-05, 2.263241736849913e-05, 1.599170807433942e-05, -6.201662399560897e-05, 0.00012020283886521919, 1.2091291470842001e-05, 0.0001675478957907494, 7.777830750102418e-05, 8.07086204877543e-06, -4.163444697528143e-05, 5.6576042887140774e-05, 6.19566175863244e-05, 0.00021675315140410147, -1.1311208150142517e-05, -9.912058706990494e-05, 8.21987796516546e-05, 6.803726706049473e-05, 5.5475925383590224e-05, -0.00013686461850990304], [9.10797282257718e-05, 8.837943980796589e-05, 0.00013528444973207588, 5.333569678577369e-05, 8.113866642096042e-05, 0.00010838157623615778, -5.717610697998653e-05, -1.0, 0.0001695481094335686, 4.91052449312111e-06, -6.14565641756196e-05, 0.00011706250344599306, 8.131868564881416e-05, -1.569167602791654e-05, -6.109652571991214e-05, -6.010641996671665e-06, 2.8513045478387545e-05, -0.00021505296980770517, -0.00013156405235643218, 0.00020543194218574485, 5.92363270320903e-05, -7.051753197759052e-05, 8.075862582882477e-05, 0.0001510061289646347, 0.00012024284313807558, 3.125333816904984e-05, 8.899950603723984e-05, 5.481585488145989e-05, -8.767936503297917e-05, 3.100331146369744e-07, -0.0001535063960181587, 6.013642317135893e-05, 0.00025607735162192673, -2.107225072710016e-05, -2.4192584009898097e-05, 1.5171620480783553e-05, 6.86373311533405e-05, -9.638029437924264e-05, -0.00025607735162192673, 0.00016166726768086098, -0.00010866160614615247, -0.00014798580636397773, 5.0015342138693836e-05, 9.219984786575054e-05, 4.6234938353765564e-05, 0.00011092184756253816, -0.00011484226630246376, -0.0001296038429864694, -4.891522463514328e-05, -8.803940348868662e-05], [-0.00012506335801726982, 0.00010970171724041845, 0.000118722680769533, -9.916059134276132e-05, 0.00013782472105845626, -0.00011928274058952237, 0.00013268417199641095, 0.0001695481094335686, -1.0, 2.300245689242068e-07, 5.7396130480696645e-05, -4.103438288243567e-05, -4.24545345688373e-05, -0.00012694355884151987, 0.00014392537266905478, 3.60338487753877e-05, 0.00016596772701292224, 0.00012998388357860502, 8.181873905951894e-05, 1.525162902649632e-05, 5.710609950248786e-06, -3.703395559679729e-05, 2.7872977112685407e-05, -1.3091398292251596e-05, -2.233238532207625e-05, 2.0452184497826213e-05, 0.00010024070670988368, 0.00015458651138528106, 8.929953808366271e-05, -6.869733756262507e-05, 4.1754459793850584e-05, 1.6371748666475067e-05, 0.00020123149353582455, 0.0002357151767380274, 0.00018763004076465407, -3.390362124578526e-06, -1.3731466657953736e-05, -0.0001431452893483553, 1.3631455975812777e-05, 6.269669663416749e-05, -0.0001335042595899668, 0.00014556554785616653, -5.8306227688179375e-06, 7.983852755312795e-05, -2.4412607510608208e-05, -0.00011446222571032812, -1.55516610729192e-05, 2.290244621027972e-06, 5.7416132617124836e-05, -1.2301313903338015e-06], [-9.804047170278258e-05, 8.667925821156957e-05, -4.147442988385589e-05, 0.0001174825483109851, 2.5112682285594924e-05, 4.207449397670165e-05, 0.00010618134122905668, 4.91052449312111e-06, 2.300245689242068e-07, -1.0, -0.0001016808605327135, 0.00022737428584747137, 0.00011862267008739203, -0.00010592131345549018, -9.087970686148988e-05, -5.1995553645084835e-05, 4.945528231870446e-05, 8.651924112014404e-05, 6.695715169337237e-05, 7.510802228786057e-06, -7.611813017748426e-05, -0.00010758149077903011, -2.631281047128644e-05, 9.670032856209372e-05, 7.333783321396559e-05, -7.490800092357865e-06, 4.349464566310328e-05, 5.18355365536593e-05, -9.590024310496604e-05, -3.0193224938355665e-05, 6.937741020118359e-05, -0.00020567196782288316, -4.093437220029471e-05, -0.0001132620975246366, -4.4254726847374565e-05, 2.3502510303125477e-06, 5.4975871972885425e-05, -0.000327504980807, -3.830409125998748e-06, 3.1873404398323786e-05, -0.00016012710317589023, 4.2774568751688365e-05, 0.00023089466185883314, -0.00013360427027210776, 5.33056935811314e-06, 8.21787775152264e-05, -9.1309752794696e-06, -2.0252163133544293e-05, 2.631281047128644e-05, -0.00017214838716923356], [-7.190768045934986e-06, 0.0001056412835454955, 0.00012650351184009963, -0.00013618454587134451, -9.010962460900449e-06, -4.7215043038746965e-05, -8.599918557301105e-05, -6.14565641756196e-05, 5.7396130480696645e-05, -0.0001016808605327135, -1.0, -6.361679490986433e-05, 0.0001604271352223131, 1.325141538367713e-05, 3.965423546889043e-05, 4.993533359298107e-05, 7.665818786104544e-05, -0.0001446654517168979, 8.510909050195652e-06, 8.455903175018123e-05, -1.6231733711477724e-05, -0.0001761888187277283, 3.67739278232308e-05, 9.45000935549926e-05, 0.00022099360432687815, 5.087543400510609e-05, -2.2712425914211897e-05, -0.000187830062128936, -7.99785425081253e-05, 0.0001897502672260424, 8.405897833947644e-05, -4.610492446698232e-06, -0.0002334749374580699, 3.5473788955398324e-05, 0.00013044393271645344, -0.00010210090539770553, -5.375574165076572e-05, -0.00017188835939566704, -0.00013680461210061846, 0.0002449761659042802, 8.413898688518921e-05, -3.3913622313999356e-05, 0.00011528231330388399, 7.250774455219562e-06, -1.4551554251509604e-05, -6.311674149915953e-05, 5.727611766212749e-05, 0.00011364213811677226, -1.2331317107980304e-05, -8.965957653937018e-05], [7.691821563461193e-05, -0.00010896163819257535, 0.00016396751337010307, 1.6811795667895288e-05, -0.00012308314651087883, 3.369359881328925e-05, 0.0001722483978513745, 0.00011706250344599306, -4.103438288243567e-05, 0.00022737428584747137, -6.361679490986433e-05, -1.0, 7.87084068449351e-06, 6.311674149915953e-05, 0.00011704250130956487, -5.5015876245741806e-05, 4.135441706528674e-05, 3.785404319035316e-05, -1.071114405729676e-05, 0.0002557573174390757, -0.00011150190951895572, -2.759294720269072e-05, -7.890842820921702e-06, -0.00016794793851931326, 6.0876502219202035e-05, 0.00013662459287276473, -0.00018178941692762203, 4.770509538123767e-06, 4.017429101602342e-05, -0.0001090616488747163, 0.00012764363361650658, 0.0001273436015700837, -8.195875401451629e-05, -3.43036639743491e-06, 9.341997818787024e-05, 1.7301848010385989e-06, -1.5411646117921856e-05, 0.00014628562476758143, 6.291672013487761e-05, 4.893522677157147e-05, 7.199769007327673e-05, 0.00015972706044732637, -0.00011260202702250628, 3.0113216392642897e-05, 8.630921868764802e-06, 3.379360949543021e-05, 2.4132577600613523e-05, 5.777617107283229e-05, -9.556020678568677e-05, -9.295992905002184e-05], [4.841517122443848e-05, -1.325141538367713e-05, -0.00015040606487178897, 6.543698932482978e-05, 8.14386984673833e-05, -4.953529086441723e-05, 0.00014542553290116918, 8.131868564881416e-05, -4.24545345688373e-05, 0.00011862267008739203, 0.0001604271352223131, 7.87084068449351e-06, -1.0, -0.00013044393271645344, 3.2933517629017955e-05, 0.00018242948529332417, 1.9732107586411304e-05, 0.0001895302437253323, -0.00011206196933894509, 2.8072998476967324e-05, 0.00017602880163630278, 6.471691241341488e-05, 4.089436792743833e-05, -3.1473361669759945e-05, -4.511481871378682e-05, 5.3075669012207194e-05, -5.1515502370808226e-05, 6.19566175863244e-05, 0.00013700463346490039, 0.00010774150787045565, -6.270669770238159e-06, -3.7303984438577884e-06, -1.4651564933650564e-05, -4.9575295137273614e-05, 0.00012420326615085757, 9.063968122435157e-05, 0.0001342643407742381, -4.627494262662195e-05, -0.0001510061289646347, -9.000961392686352e-08, -9.191981795575586e-05, -0.00013368427881782052, 0.00010244094171698479, 9.47801234649873e-05, -7.871840791314921e-05, 0.00011374214879891321, 7.667818999747363e-05, -0.00015394644301957891, 6.543698932482978e-05, -0.00012150297773305167], [-0.00011916272777095321, -4.1814466203135155e-05, 0.00021111254893135136, -0.00012530338365440813, 6.85973268804841e-05, -2.8373030523390203e-05, -3.790404853142364e-06, -1.569167602791654e-05, -0.00012694355884151987, -0.00010592131345549018, 1.325141538367713e-05, 6.311674149915953e-05, -0.00013044393271645344, -1.0, 4.501480803164586e-05, 0.000127583627207222, 0.00014954597300537671, 3.7504005802859805e-06, 0.00013348425745353862, -2.949315016336895e-05, 7.733826049960397e-05, -1.0501121624800745e-06, 2.7852974976257213e-05, -8.887949321867069e-05, -1.3431434611530857e-05, -5.045538914011406e-05, -0.00017980920542123104, -3.8254085918917e-05, 0.0001016808605327135, 0.0001041411233133811, 5.5015876245741806e-05, -1.5851693119342077e-05, 4.859519045229221e-05, -0.00017766897682341452, -4.701502167446505e-05, -9.45100946232067e-06, 6.285671372559303e-05, -4.451475462094106e-05, -7.15576430718565e-05, -2.477264596631566e-05, 4.873520540728955e-05, -8.870947505903105e-06, -1.9532086222129387e-05, -3.647389577680792e-05, 3.057326553049131e-05, -0.0001021609118069901, 0.00016872802184001272, -8.617920480086479e-05, -0.0001522262592867544, 3.8274088055345194e-05], [0.0001623873445922759, -1.945207767641662e-05, -1.0701142989082664e-06, -8.161871769523702e-05, -7.993853823526891e-05, -0.00016002709249374926, -8.327889501877696e-05, -6.109652571991214e-05, 0.00014392537266905478, -9.087970686148988e-05, 3.965423546889043e-05, 0.00011704250130956487, 3.2933517629017955e-05, 4.501480803164586e-05, -1.0, 1.77718982164485e-05, 2.2652419504927323e-05, -5.237559423722048e-05, -2.1532299864948576e-05, -5.370573630969524e-06, -3.363359240400467e-05, 8.51190915701706e-05, 0.00013386429804567425, 8.721931589513075e-05, -8.479905738731955e-05, -3.905417137604468e-05, 9.470011491927453e-05, -1.62917401207623e-05, 0.00010844158264544236, 0.00015602666520811087, 1.9332064857847466e-05, -0.00013542446468707323, -2.0892231499246435e-05, 1.6911806350036246e-05, -6.545699146125797e-05, 9.195982222861224e-05, -5.79961945735424e-05, -0.00010516123227121889, 0.0001683479812478771, 4.087436579101014e-05, -0.00010592131345549018, 0.00014454543889832872, 3.7233976961079216e-05, 4.130441172421626e-06, -0.00022045354664331697, 5.6496034341428006e-05, -1.4171513659373959e-05, -0.00012058287945735485, -5.685607279713546e-05, 0.00014792579995469315], [-9.844051443134641e-05, -4.9175252408709774e-05, -0.00016496762019151264, -3.369359881328925e-05, 7.415792080752145e-05, 2.73929258384088e-05, -6.9837459339032e-05, -6.010641996671665e-06, 3.60338487753877e-05, -5.1995553645084835e-05, 4.993533359298107e-05, -5.5015876245741806e-05, 0.00018242948529332417, 0.000127583627207222, 1.77718982164485e-05, -1.0, 2.877307325195404e-05, 3.6953947051084524e-05, -0.00016638777187791428, 0.00016488761164579988, -2.019215672425972e-05, -8.893949962795526e-05, -2.307246436991935e-05, 5.6496034341428006e-05, -6.430686861663694e-06, 8.407898047590463e-05, -0.0001633674492772573, -0.00012310314864730703, 6.743720296764898e-05, 2.9653167254794486e-05, 0.00011150190951895572, -0.0001317840758571423, 4.311460507096763e-05, -4.3134607207395825e-05, -0.00010198089257913637, 1.4551554251509604e-05, 3.013321852907109e-05, 0.0003349657776947156, 1.4451543569368644e-05, -8.897950390081165e-05, 0.00011958277263594525, 7.781831177388056e-05, 5.103545109653162e-05, -1.5831690982913883e-05, -0.00013712464628346953, 4.633494903590652e-05, 2.463263101131832e-05, -2.201235113922518e-05, 6.947742088332454e-05, 0.00014184515048052283], [1.813193667215595e-05, 3.767402396249944e-05, 3.497373554469353e-05, -0.0001436653448954883, 0.00024713639663852494, -1.4051500840804806e-05, -0.00010876161682829342, 2.8513045478387545e-05, 0.00016596772701292224, 4.945528231870446e-05, 7.665818786104544e-05, 4.135441706528674e-05, 1.9732107586411304e-05, 0.00014954597300537671, 2.2652419504927323e-05, 2.877307325195404e-05, -1.0, 5.071541691368055e-05, -9.742040547350862e-05, 0.00023081465331312037, -1.6231733711477724e-05, -6.329676072701325e-05, -2.5472720741302377e-05, -1.915204562999374e-05, 9.329996536930109e-05, -0.00014182514834409462, -0.00015596665879882631, -8.253881597093386e-05, 0.00015696676562023588, -7.875841218600559e-05, -6.163658340347332e-05, 1.2431327790121262e-05, 8.567915139015999e-05, 0.00025209692647271657, -6.0896504355630225e-05, 1.663177644004156e-05, 0.0001068614138676152, 2.0372175952113445e-05, 8.085863651096574e-05, -4.2214508931698995e-05, -0.00010180087335128264, 1.081115473943772e-05, -4.641495758161929e-05, 5.7816175345688676e-05, -6.215663895060631e-05, -1.567167389148835e-05, -7.890842820921702e-06, -7.10975939340081e-05, -4.17044544527801e-06, 2.5032673739882156e-05], [-7.001747856688572e-05, 0.00012078290082163676, 0.00011936274913523513, -3.990426217424283e-06, 5.517589333716734e-05, -5.023536563940394e-05, -1.4411539296512261e-05, -0.00021505296980770517, 0.00012998388357860502, 8.651924112014404e-05, -0.0001446654517168979, 3.785404319035316e-05, 0.0001895302437253323, 3.7504005802859805e-06, -5.237559423722048e-05, 3.6953947051084524e-05, 5.071541691368055e-05, -1.0, -8.583916848158552e-05, -5.423579292504232e-05, 7.839837373029814e-05, 0.00011542232825888133, 0.00010396110408552738, 9.720038197279852e-05, 2.8393032659818396e-05, -7.691821563461193e-05, -7.729825622674757e-05, -0.00015184621869461878, -0.00012596345415653845, -3.2903514424375668e-06, 2.110225393174245e-06, 6.377681200128986e-05, -3.115332748690888e-05, 5.365573096862476e-05, -3.5503792160040614e-06, 0.00014650564826829154, -3.890415535283323e-06, 0.00016068716299587959, -4.6214936217337374e-05, -7.67581985431864e-05, -5.52959061557365e-05, 2.5552729287015145e-05, -0.0001836096113425875, -6.090650542384432e-06, 0.00012244307814517668, -0.00011914272563452502, 3.965423546889043e-05, 0.00013862480651558392, -0.0002526969905655623, 5.801619670997059e-05], [7.030750954509451e-06, -0.0002933413317876482, -0.00019559089106307444, -5.7916186027829635e-05, -0.0002310146746774023, -0.0001663677697414861, -5.769616252711952e-05, -0.00013156405235643218, 8.181873905951894e-05, 6.695715169337237e-05, 8.510909050195652e-06, -1.071114405729676e-05, -0.00011206196933894509, 0.00013348425745353862, -2.1532299864948576e-05, -0.00016638777187791428, -9.742040547350862e-05, -8.583916848158552e-05, -1.0, 2.2252376776363482e-05, 0.00020689209814500286, -5.615599802214874e-05, 0.00015936702199161891, -8.741933725941268e-05, -6.105652144705576e-05, -0.00011832263804096916, -0.00019143044668601053, -0.00014568556067473567, 5.6015983067151404e-05, -6.0416453081353616e-05, -9.077969617934892e-05, 0.00018787006640179238, -3.7103963074295964e-06, -0.00015584664598025714, 2.8933090343379576e-05, -0.00026833866125240837, 0.00015696676562023588, -6.81072745379934e-06, 2.719290447412688e-05, 5.625600870428971e-05, 8.059860873739924e-05, -1.5171620480783553e-05, 0.00014014496888412653, 3.747400259821751e-05, -0.00011642243508029093, -7.705823058960928e-05, 8.769936716940736e-05, -0.0001174425440381287, -0.00017756896614127356, 4.997533786583745e-05], [-3.697394918751272e-05, 1.3331423929389898e-05, 8.327889501877696e-05, -2.8353028386962012e-05, -7.599811735891511e-05, 3.0933303986198765e-05, -3.85041126242694e-06, 0.00020543194218574485, 1.525162902649632e-05, 7.510802228786057e-06, 8.455903175018123e-05, 0.0002557573174390757, 2.8072998476967324e-05, -2.949315016336895e-05, -5.370573630969524e-06, 0.00016488761164579988, 0.00023081465331312037, -5.423579292504232e-05, 2.2252376776363482e-05, -1.0, 0.00012696356097794805, 7.833836732101355e-05, 1.9192049902850124e-05, 0.00018020924814979487, 7.3107808645041375e-06, 6.41768547298537e-05, 2.423258828275448e-05, 4.1254406383145785e-05, 3.061326980334769e-05, 0.00020909233315210396, 5.587596811215406e-05, 0.00015126615673820122, -4.159444270242505e-05, 3.349357744900733e-05, -9.211983932003778e-05, -1.7191836260030935e-05, 5.2435600646505056e-05, 0.00017340852176420964, -2.865306043338489e-05, -0.0002507367811955995, 6.551699787054256e-05, 9.396003587143142e-05, -7.599811735891511e-05, 3.8874152148190945e-05, 0.00013040392844359706, 4.2194506795270805e-05, 5.6055987340007784e-05, -9.871054327312701e-06, 9.902057638776397e-05, -6.619707050910107e-05], [1.365145811224097e-05, 1.3191408974392554e-05, -9.52801768756921e-05, 0.00031922409632572854, -0.0001540264515652917, 4.34346392538187e-05, 0.00010590131131906199, 5.92363270320903e-05, 5.710609950248786e-06, -7.611813017748426e-05, -1.6231733711477724e-05, -0.00011150190951895572, 0.00017602880163630278, 7.733826049960397e-05, -3.363359240400467e-05, -2.019215672425972e-05, -1.6231733711477724e-05, 7.839837373029814e-05, 0.00020689209814500286, 0.00012696356097794805, -1.0, 2.6392819016999207e-05, 0.0003338056537818804, 0.0001285437297557752, 0.00012058287945735485, 3.707395986965368e-05, 3.2293449263315817e-05, -4.005427819745427e-05, 0.0001749686884056086, 2.0372175952113445e-05, 9.073969190649254e-05, -3.361359026757648e-05, -3.9304198081397074e-06, 6.319675004487229e-05, 4.875520754371774e-05, 4.550486037413656e-06, 0.0001443854218069032, -9.195982222861224e-05, 0.00010642136686619498, 6.559700641625532e-05, -0.00014412539403333671, -3.1103322145838398e-06, 2.9673169391222676e-05, -0.00010268096735412309, 0.00013238413994998805, 0.00011462224280175365, 8.90795145829526e-05, 0.00022969453367314163, -1.649176148504422e-05, -0.0001359445202342062], [6.46769081405585e-05, -0.00012000281750093727, 9.6000253787107e-05, -1.2311314971552112e-05, -1.6671780712897945e-05, 7.197768793684854e-05, -4.73750601301725e-05, -7.051753197759052e-05, -3.703395559679729e-05, -0.00010758149077903011, -0.0001761888187277283, -2.759294720269072e-05, 6.471691241341488e-05, -1.0501121624800745e-06, 8.51190915701706e-05, -8.893949962795526e-05, -6.329676072701325e-05, 0.00011542232825888133, -5.615599802214874e-05, 7.833836732101355e-05, 2.6392819016999207e-05, -1.0, -1.9812116132124072e-05, -0.00015910699421805243, 0.0001009207793484422, -5.903630566780838e-05, -3.909417564890106e-05, 1.7051821305033592e-05, 0.00016346745995939827, 6.78772499690692e-05, 9.251988204860161e-05, 4.733505585731612e-05, 4.450475355272697e-06, 6.081649580991746e-05, -1.1431220968711668e-05, -0.00010360106562981992, 0.0001273235994336555, 0.00013864480865201213, 2.8793075388382234e-05, -6.843730978905856e-05, -3.773403037178401e-05, -1.6451757212187835e-05, -5.710609950248786e-06, 0.00024153579843863123, 1.739185762431285e-05, -0.00014462544744404149, -8.655924539300043e-05, 0.00014046500306697757, -3.263348558259508e-05, -0.00022597413629749793], [4.1814466203135155e-05, -4.7095030220177816e-05, -2.8793075388382234e-05, -0.0002132327753927397, -3.857412010176807e-05, 1.8471972991435214e-05, -1.750186937466791e-06, 8.075862582882477e-05, 2.7872977112685407e-05, -2.631281047128644e-05, 3.67739278232308e-05, -7.890842820921702e-06, 4.089436792743833e-05, 2.7852974976257213e-05, 0.00013386429804567425, -2.307246436991935e-05, -2.5472720741302377e-05, 0.00010396110408552738, 0.00015936702199161891, 1.9192049902850124e-05, 0.0003338056537818804, -1.9812116132124072e-05, -1.0, 4.405470548309265e-05, 0.00016138723777086631, 0.00027201905435519566, -8.230879140200965e-06, -0.0001142622043460462, 8.867947185438877e-05, -5.235559210079229e-05, -2.1632310547089535e-05, -1.9732107586411304e-05, -0.0002102724592013673, 2.947314802694076e-05, 2.031216954282887e-05, 0.00014432541539761862, -2.5952772015578982e-05, -0.00011696249276385211, 8.58991748908701e-05, 9.548019823997401e-05, -8.967957867579837e-05, -0.0002235738799261149, 6.003641248921797e-05, 1.4371535023655877e-05, 6.325675645415687e-05, -9.283991623145268e-05, 3.015322066549928e-05, -2.1412287046379424e-05, -8.313888006377961e-05, -3.2533474900454114e-05], [3.517375690897545e-05, 0.00011440221930104355, -3.3753605222573826e-05, 3.383361376828659e-05, 1.9032032811424588e-05, -2.5092680149166734e-05, -0.00014292526584764519, 0.0001510061289646347, -1.3091398292251596e-05, 9.670032856209372e-05, 9.45000935549926e-05, -0.00016794793851931326, -3.1473361669759945e-05, -8.887949321867069e-05, 8.721931589513075e-05, 5.6496034341428006e-05, -1.915204562999374e-05, 9.720038197279852e-05, -8.741933725941268e-05, 0.00018020924814979487, 0.0001285437297557752, -0.00015910699421805243, 4.405470548309265e-05, -1.0, -0.00015776685107736358, -5.530590722395059e-06, -0.00028858082331773856, 2.9033101025520534e-05, -5.4505821766822915e-06, 7.170765909506794e-06, 6.165658553990151e-05, -4.973531222869915e-05, -0.00013234413567713167, -5.0535397685826825e-05, -5.773616679997591e-05, 8.300886617699637e-07, -0.00016888803893143827, 7.130761636650411e-06, -5.219557500936675e-05, 0.000122683103782315, -7.223771571041503e-05, 1.0731146193724952e-05, -4.869520113443317e-05, 9.730039265493948e-05, 8.56591492537318e-05, -9.480012560141549e-05, -0.00012566342211011558, 0.00020489188450218367, 0.00010108079643986774, 1.0701142989082664e-06], [-4.9635301546558185e-05, -9.782044820207247e-05, 0.0001855898228489785, 0.00019637097438377393, 6.619707050910107e-05, 8.235879674308013e-05, -2.5672742105584297e-05, 0.00012024284313807558, -2.233238532207625e-05, 7.333783321396559e-05, 0.00022099360432687815, 6.0876502219202035e-05, -4.511481871378682e-05, -1.3431434611530857e-05, -8.479905738731955e-05, -6.430686861663694e-06, 9.329996536930109e-05, 2.8393032659818396e-05, -6.105652144705576e-05, 7.3107808645041375e-06, 0.00012058287945735485, 0.0001009207793484422, 0.00016138723777086631, -0.00015776685107736358, -1.0, -0.00010362106776624811, 0.00026391818910177794, -1.53016343675668e-06, 8.04785959188301e-05, -6.0996515037771183e-05, 1.4971599116501633e-05, 2.4392605374180018e-05, 1.2911379064397868e-05, -3.1413355260475374e-05, -0.00010534125149907262, -8.237879887950833e-05, 5.225558141865133e-05, 0.00020051141662440965, 8.357892706519984e-05, 0.00013736467192060784, 4.250453990990777e-06, -6.939741233761178e-05, -3.477371418041161e-05, 0.00010674140104904605, -0.00021037246988350825, -0.00010572129209120826, 4.923525881799435e-05, -0.00015554661393383428, -9.47801234649873e-05, 3.847410941962711e-05], [8.950956051615873e-06, 7.373787594252942e-05, -0.0001483058405468288, 7.125761102543363e-05, 5.185553869008749e-05, -4.895522890799967e-05, -0.00017550874608916978, 3.125333816904984e-05, 2.0452184497826213e-05, -7.490800092357865e-06, 5.087543400510609e-05, 0.00013662459287276473, 5.3075669012207194e-05, -5.045538914011406e-05, -3.905417137604468e-05, 8.407898047590463e-05, -0.00014182514834409462, -7.691821563461193e-05, -0.00011832263804096916, 6.41768547298537e-05, 3.707395986965368e-05, -5.903630566780838e-05, 0.00027201905435519566, -5.530590722395059e-06, -0.00010362106776624811, -1.0, 4.155443842956866e-05, 9.037965345078508e-05, -1.071114405729676e-05, -7.989853396241252e-05, 5.4155784379329554e-05, -0.00016300741082154985, 0.0001021809139434183, -4.279457088811656e-05, -2.3632524189908724e-05, -2.5902766674508504e-06, 0.00016888803893143827, -9.731039372315357e-06, -0.0001559866609352545, 8.005855105383806e-05, -3.869413292033722e-05, -9.000961392686352e-08, 1.1571235923709012e-05, -0.00010658138395762051, 0.00024957665728276435, 0.00015320636397173583, 0.00014478546453546704, 6.605705555410374e-05, -1.4271524341514917e-05, 1.6691782849326136e-05], [0.00017010816925355798, -4.685500458303951e-05, 1.0971171830863254e-05, -5.093544041439066e-05, -8.345891424663068e-05, -5.4055773697188595e-05, 3.445367999756054e-05, 8.899950603723984e-05, 0.00010024070670988368, 4.349464566310328e-05, -2.2712425914211897e-05, -0.00018178941692762203, -5.1515502370808226e-05, -0.00017980920542123104, 9.470011491927453e-05, -0.0001633674492772573, -0.00015596665879882631, -7.729825622674757e-05, -0.00019143044668601053, 2.423258828275448e-05, 3.2293449263315817e-05, -3.909417564890106e-05, -8.230879140200965e-06, -0.00028858082331773856, 0.00026391818910177794, 4.155443842956866e-05, -1.0, -8.257882024379024e-05, -5.0575401958683206e-05, 0.00025855761653902255, 0.00011342211461606214, -0.00016422754114366956, 0.0001468056803147144, 1.935206699427566e-05, -3.5303770795758694e-06, 2.483265237560024e-05, -8.479905738731955e-05, -5.239559637364867e-05, -3.303352831115891e-05, -9.309994400501917e-05, -7.895843355028751e-05, -2.2712425914211897e-05, -8.065861514668382e-05, -0.00018849013263106632, -0.0002110125382492104, 8.289885442664131e-05, -3.5813825274677587e-05, 3.33135582211536e-05, -6.34167735455824e-05, -0.0001784290580076858], [4.991533145655288e-05, 1.4491547842225028e-05, 3.083329330405781e-05, -0.00016744788510860846, 8.441901679518389e-05, -4.0234297425307996e-05, 6.399683550199997e-05, 5.481585488145989e-05, 0.00015458651138528106, 5.18355365536593e-05, -0.000187830062128936, 4.770509538123767e-06, 6.19566175863244e-05, -3.8254085918917e-05, -1.62917401207623e-05, -0.00012310314864730703, -8.253881597093386e-05, -0.00015184621869461878, -0.00014568556067473567, 4.1254406383145785e-05, -4.005427819745427e-05, 1.7051821305033592e-05, -0.0001142622043460462, 2.9033101025520534e-05, -1.53016343675668e-06, 9.037965345078508e-05, -8.257882024379024e-05, -1.0, -5.171552373509014e-05, -8.770936823762146e-06, -1.4291526477943109e-05, -4.135441706528674e-05, -1.7551874715738388e-05, -0.0002406157001629344, -3.500373874933582e-07, -6.2306654973817755e-06, -0.00017714892127628152, 4.183446833956335e-05, 0.0001473657401347038, -0.00016196729972728388, 3.6833934232515375e-05, 1.5631669618631967e-05, -0.00011296206547821373, -0.00018771004931036683, -0.00012162299055162083, -4.881521395300232e-05, -0.00010508122372550612, -3.3873618041142975e-05, -0.00014800580850040594, -0.00010716144591403807], [-9.618027301496073e-05, 6.73771965583644e-05, -2.2292381049219866e-05, -0.00011524230903102761, -9.391003053036094e-06, 1.1331210286570709e-05, -6.989746574831658e-05, -8.767936503297917e-05, 8.929953808366271e-05, -9.590024310496604e-05, -7.99785425081253e-05, 4.017429101602342e-05, 0.00013700463346490039, 0.0001016808605327135, 0.00010844158264544236, 6.743720296764898e-05, 0.00015696676562023588, -0.00012596345415653845, 5.6015983067151404e-05, 3.061326980334769e-05, 0.0001749686884056086, 0.00016346745995939827, 8.867947185438877e-05, -5.4505821766822915e-06, 8.04785959188301e-05, -1.071114405729676e-05, -5.0575401958683206e-05, -5.171552373509014e-05, -1.0, 3.311353685687168e-05, 0.0001672878680171829, 8.497907661517327e-05, 7.465797421822625e-05, -1.8391964445722446e-05, 4.185447047599154e-05, -3.963423333246224e-05, -5.9976406079933395e-05, -0.00010454116604194494, 2.4512618192749166e-05, 6.301673081701856e-05, -5.049539341297044e-05, -0.00015690675921095133, -0.00013120401390072473, 5.439581001646786e-05, -0.0001325441570414136, -0.00015434648574814275, -6.300672974880447e-07, 7.729825622674757e-05, 0.00015718678912094602, -3.33135582211536e-05], [1.8491975127863408e-05, -4.090436899565243e-06, 1.2901377996183772e-06, 2.5152686558451308e-05, -0.0003127234019865662, 6.351678422772336e-05, -8.831943339868132e-05, 3.100331146369744e-07, -6.869733756262507e-05, -3.0193224938355665e-05, 0.0001897502672260424, -0.0001090616488747163, 0.00010774150787045565, 0.0001041411233133811, 0.00015602666520811087, 2.9653167254794486e-05, -7.875841218600559e-05, -3.2903514424375668e-06, -6.0416453081353616e-05, 0.00020909233315210396, 2.0372175952113445e-05, 6.78772499690692e-05, -5.235559210079229e-05, 7.170765909506794e-06, -6.0996515037771183e-05, -7.989853396241252e-05, 0.00025855761653902255, -8.770936823762146e-06, 3.311353685687168e-05, -1.0, -2.29524515513502e-05, 7.583810026748957e-05, -0.00016930808379643028, 0.00013988494111056, 0.00015308635115316666, 9.364000168858035e-05, -1.1471225241568052e-05, -0.00018480973952827903, -1.6871802077179862e-05, -6.500694339162366e-07, -9.900057425133578e-05, -4.750507401695575e-06, -5.3495713877199225e-05, -7.867840364029282e-05, 0.00016478760096365892, 0.00010770150359759925, 0.00011792259531240532, -8.650924005192994e-06, 6.767722860478728e-05, -1.1411218832283475e-05], [-1.5871695255770267e-05, 0.00014468545385332607, 7.233772639255599e-05, -5.817621380139613e-05, -8.53791193437371e-05, 2.5312703649876844e-05, 5.537591470144926e-05, -0.0001535063960181587, 4.1754459793850584e-05, 6.937741020118359e-05, 8.405897833947644e-05, 0.00012764363361650658, -6.270669770238159e-06, 5.5015876245741806e-05, 1.9332064857847466e-05, 0.00011150190951895572, -6.163658340347332e-05, 2.110225393174245e-06, -9.077969617934892e-05, 5.587596811215406e-05, 9.073969190649254e-05, 9.251988204860161e-05, -2.1632310547089535e-05, 6.165658553990151e-05, 1.4971599116501633e-05, 5.4155784379329554e-05, 0.00011342211461606214, -1.4291526477943109e-05, 0.0001672878680171829, -2.29524515513502e-05, -1.0, -3.4333667178991387e-05, 5.423579292504232e-05, 1.0911165421578678e-05, 0.00011532231757674037, -3.1853402261895595e-05, 0.00011250201634036531, 0.0001803892673776486, -4.679499817375494e-05, 3.795405387249412e-05, 7.35378545782475e-05, -5.3915758742191256e-05, -2.0102147110332854e-06, -0.00011024177492397963, 0.00011830263590454096, -3.719397268822283e-05, 0.00012580343706511293, 5.0115352820834794e-05, 6.379681413771805e-05, 0.00012656351824938422], [-4.2094496113129846e-05, 0.00010642136686619498, 3.311353685687168e-05, -2.3512511371339572e-05, 7.121760675257724e-05, -6.919739097332986e-05, 1.9032032811424588e-05, 6.013642317135893e-05, 1.6371748666475067e-05, -0.00020567196782288316, -4.610492446698232e-06, 0.0001273436015700837, -3.7303984438577884e-06, -1.5851693119342077e-05, -0.00013542446468707323, -0.0001317840758571423, 1.2431327790121262e-05, 6.377681200128986e-05, 0.00018787006640179238, 0.00015126615673820122, -3.361359026757648e-05, 4.733505585731612e-05, -1.9732107586411304e-05, -4.973531222869915e-05, 2.4392605374180018e-05, -0.00016300741082154985, -0.00016422754114366956, -4.135441706528674e-05, 8.497907661517327e-05, 7.583810026748957e-05, -3.4333667178991387e-05, -1.0, -1.3911485885807464e-05, -0.00021405286298629557, 0.000120182836728791, 0.0001311040032185838, -0.000113302101797493, 0.00015596665879882631, 4.291458370668571e-05, 2.4052569054900755e-05, 2.4712639557031087e-05, 0.0001628473937301243, -1.0271097055876538e-05, 6.371680559200528e-05, -9.558020892211498e-05, -8.330889822341925e-06, 4.2774568751688365e-05, 0.00017650885291057937, 0.00012398324265014746, -0.00013760469755774615], [-4.1004379677793384e-07, 9.145976881790744e-05, 8.29188565630695e-05, -0.00010952169801256472, 0.00010154084557771616, -7.55180660846385e-05, 2.263241736849913e-05, 0.00025607735162192673, 0.00020123149353582455, -4.093437220029471e-05, -0.0002334749374580699, -8.195875401451629e-05, -1.4651564933650564e-05, 4.859519045229221e-05, -2.0892231499246435e-05, 4.311460507096763e-05, 8.567915139015999e-05, -3.115332748690888e-05, -3.7103963074295964e-06, -4.159444270242505e-05, -3.9304198081397074e-06, 4.450475355272697e-06, -0.0002102724592013673, -0.00013234413567713167, 1.2911379064397868e-05, 0.0001021809139434183, 0.0001468056803147144, -1.7551874715738388e-05, 7.465797421822625e-05, -0.00016930808379643028, 5.423579292504232e-05, -1.3911485885807464e-05, -1.0, -5.390575767397715e-06, 8.173873051380618e-05, 0.00015386643447386615, -7.1817670845423e-05, 2.971317366407906e-05, -8.221878178808279e-05, -1.0271097055876538e-05, -8.629921761943393e-05, -4.3254620025964974e-05, 8.065861514668382e-05, 0.00014152511629767175, 7.119760461614905e-05, 3.235345567260039e-05, 0.00017510870336060594, -3.707395986965368e-05, 0.00022643418543534635, 0.0001039010976762428], [4.695501526518048e-05, 1.3491441020815433e-05, 6.979745506617562e-05, 0.00010554127286335454, -0.00024277593089717912, 3.2373457809028585e-05, 1.599170807433942e-05, -2.107225072710016e-05, 0.0002357151767380274, -0.0001132620975246366, 3.5473788955398324e-05, -3.43036639743491e-06, -4.9575295137273614e-05, -0.00017766897682341452, 1.6911806350036246e-05, -4.3134607207395825e-05, 0.00025209692647271657, 5.365573096862476e-05, -0.00015584664598025714, 3.349357744900733e-05, 6.319675004487229e-05, 6.081649580991746e-05, 2.947314802694076e-05, -5.0535397685826825e-05, -3.1413355260475374e-05, -4.279457088811656e-05, 1.935206699427566e-05, -0.0002406157001629344, -1.8391964445722446e-05, 0.00013988494111056, 1.0911165421578678e-05, -0.00021405286298629557, -5.390575767397715e-06, -1.0, -5.7916186027829635e-05, -4.583489562520173e-05, -0.0001379447338770254, -1.9532086222129387e-05, -8.025857241811997e-05, 0.00013414432795566894, 0.00013860480437915575, -9.049966626935422e-05, -8.547913002587806e-05, -4.8255154133012944e-05, -0.00022647418970820273, 4.795512208659007e-05, 0.00017622882300058468, -3.171338730689825e-05, 0.000165307656510