{"connections": [[-1.0, 2.4446676226539872e-05, 6.444705514802116e-06, 5.360586834161909e-07, -9.601051046260136e-08, 2.3848610755116586e-05, 3.520785427422311e-05, -1.1087213739462487e-05, 4.9727443762723596e-05, 3.095138831038111e-05, -1.3799510660030974e-05, 6.388699383698932e-06, -2.7679030078780785e-05, 7.0627731759051125e-06, -3.951432571226437e-05, 4.514494210710235e-06, -3.772612995489842e-05, -1.2041318187184588e-05, -2.036422931291134e-05, 3.008329327828176e-06, 2.1296331351985764e-05, -1.4515589050564544e-05, 9.080994114587712e-07, 4.490291561197788e-05, -2.8363104965826818e-05, 5.277177703197524e-05, 1.408954241038675e-05, -5.700023993026565e-05, 3.2853596548921405e-05, 3.8004160391446376e-08, 2.0422235662982498e-05, -1.701786297949609e-05, 4.920538661208319e-06, 1.2507369206721798e-05, -1.3133437743696678e-05, 4.4768900941123824e-05, -5.224771966236688e-05, 3.902427206511151e-06, 3.9188290020485124e-05, 3.236954355867245e-05, -1.0659166880316722e-05, 5.4858005415568854e-05, 9.723064403306359e-06, 2.0338226466327723e-05, 2.5766820745400642e-05, 5.226772185204659e-05, 1.2403357820387313e-05, 6.516713397649068e-05, 1.7683935895830388e-05, 6.99916621272364e-05], [2.4446676226539872e-05, -1.0, 3.468379690461474e-06, -3.264757399522041e-05, -2.3406562363195022e-05, 6.848149680641839e-05, 1.4497587079852806e-05, -9.050990830068149e-06, 2.9777259776182217e-05, 1.9602145886114444e-05, -2.274849032273261e-05, 3.469179778048663e-05, -2.2342445872234527e-05, -2.028822099212845e-05, -2.8861159488851562e-05, 5.4275941695889335e-05, -4.015039534407911e-05, -9.993093963982426e-06, -2.209641893917411e-05, -2.434666527814133e-05, -3.163746341639512e-05, 1.8604036621096983e-05, -4.888535157720786e-06, 1.5871737510848786e-05, -2.6238872421841765e-05, -1.569171780373141e-05, 2.7631024823549483e-05, -1.7795948158036756e-05, 2.2928510029849986e-05, 4.558499028005594e-06, 6.41910271201209e-05, -2.3934620170739332e-05, -4.182457862027072e-05, 3.705405638166021e-05, -4.876533843912961e-06, 1.0549154837078324e-05, -3.0453333787356368e-05, 6.622725002951523e-06, 2.2114420909885846e-05, -6.798744272132959e-06, 2.817708460180553e-05, 1.40655397827711e-05, -1.3263451976614784e-05, -2.8491118979776954e-05, -3.6359980399774326e-05, -3.877024425617921e-05, 3.284559567304952e-05, -4.29927064975657e-05, 5.7826330364037614e-06, -8.550536044281839e-05], [6.444705514802116e-06, 3.468379690461474e-06, -1.0, 3.56198993816251e-05, 4.423684269564358e-05, -3.131342794358384e-05, 4.58690213735078e-05, -1.2331349937540363e-05, 5.178566908076561e-06, 1.5893739919496467e-05, 2.5588801257251235e-05, -2.9311208756645008e-05, 2.116631711906766e-05, 2.3036521854120414e-05, -8.31090981191893e-06, 3.8266189076250556e-05, 2.3272547692340977e-05, 2.0274219459352654e-05, 5.6248157598308604e-05, 3.753610915294119e-05, 6.838748651492376e-06, -2.820308744838915e-07, 4.142853526461249e-05, -1.3131437524728707e-05, 1.2341351032380217e-05, -8.418921636189358e-06, -1.780194881494067e-05, 3.194549713746263e-05, -1.181529344380388e-05, 4.5735006702653754e-05, -3.5855925219845665e-05, 6.072664786759536e-06, -2.6846938988104905e-05, -3.400572267447262e-05, 1.3873518761845896e-05, -8.867770772602018e-05, 2.1000298944726076e-05, 1.4235558395048623e-05, 2.7995064675720182e-05, -5.654819044350423e-05, 1.49236337200306e-05, -3.984436184197956e-06, -4.339875094806378e-05, -2.6214869794226112e-05, -3.36156799757183e-05, -8.350914191278347e-06, -6.158674202382283e-06, -1.652180867543932e-05, 4.5827016775180413e-05, -2.931520919458095e-05], [5.360586834161909e-07, -3.264757399522041e-05, 3.56198993816251e-05, -1.0, -3.243555078461549e-05, 4.9759447266211124e-05, -3.1427440424758176e-05, 1.420755532949703e-05, 1.4239558832984564e-05, 1.2829404460565107e-05, 1.4983640289069725e-05, -6.752739235869629e-06, -3.0643354589313603e-06, 9.014986888644673e-06, -2.855312576778405e-05, 5.7372280658308225e-05, 1.1659276364302153e-05, 1.415754985529776e-05, 6.412101945624192e-05, -3.90042698754318e-06, -7.36220595541035e-05, 2.8377106498602613e-05, -3.504783675678544e-05, 8.149492141203681e-05, 4.795724997606938e-05, 1.8976077349139564e-05, -2.8167083506965675e-05, 4.069445490336718e-05, 1.2847406431276845e-05, 4.444286524934458e-05, -2.791905635493729e-05, 2.2498462951736253e-05, -3.8580223454221984e-05, 5.367587600549808e-05, 5.117760251450247e-05, 1.9954184424477316e-05, 3.9214292867068746e-05, -2.472470666308782e-05, -2.6770930667322012e-05, -7.598831859321304e-06, 1.135124264323464e-05, 4.076046212931022e-05, 2.7783041465115267e-06, -3.412773603151884e-05, -1.0037098781277783e-05, 2.312053105077519e-05, 3.954232877781596e-05, -3.077136860326374e-05, -2.258847280529494e-05, -2.3086527328319685e-05], [-9.601051046260136e-08, -2.3406562363195022e-05, 4.423684269564358e-05, -3.243555078461549e-05, -1.0, -7.597431706043725e-05, 2.825109270362045e-05, 5.648418343652917e-05, 6.724536148421239e-05, -3.3963718076145234e-06, -1.3821513068678653e-06, -7.156783467399743e-06, -5.680621869037247e-07, -1.4991641164941609e-05, -2.8833156423299972e-05, -3.13094275056479e-05, 3.196549932714234e-05, -3.800416039144637e-07, 4.814527055905864e-06, 2.989927313322844e-05, 5.694623401813043e-06, 9.28701666828871e-06, 5.5526078550871125e-06, -3.125742181248066e-05, -1.5893739919496467e-05, -4.393480963147998e-05, 2.650690176354986e-05, -3.4021724426216387e-05, 6.175276019816442e-05, 5.976054210606544e-05, 1.7905960201275155e-05, 4.375679014333057e-05, -7.56882857480174e-06, 1.348747650102752e-05, -7.5928312024173914e-06, 1.4209555548465001e-05, 7.138781496688006e-06, 1.4279563212343982e-05, -3.322363705799601e-05, -1.0043099438181697e-05, -4.1384530447317126e-06, 2.541478220703777e-05, 1.6035755466222398e-05, 2.388261447757209e-06, 6.695933017179257e-05, 1.1341241548394785e-06, -1.9142095523481146e-06, -1.2205336142558198e-05, -2.4276657614262347e-05, 2.6886943367464322e-05], [2.3848610755116586e-05, 6.848149680641839e-05, -3.131342794358384e-05, 4.9759447266211124e-05, -7.597431706043725e-05, -1.0, -1.5847734883233137e-05, 4.8829345446104674e-05, -7.880862733805195e-07, -8.394919008573707e-06, 9.122198625327912e-05, 2.2476460543088572e-05, 1.6651822908357423e-05, 1.934211742027823e-05, 3.3903711507106105e-05, 1.708186998647116e-05, 1.6773836265403646e-05, -1.8862064867965225e-06, -1.8866065305901168e-05, 1.4919633282094657e-05, -2.443867535066799e-05, -1.0229119802202987e-05, 3.45217791682091e-05, 1.3593488106329975e-05, -9.743066592986067e-06, -2.4818716954582452e-05, -1.9262108661559397e-06, 6.08066566263142e-07, -1.817398954298325e-05, -6.368697194019224e-06, -2.3984625644938603e-05, 4.784323749489504e-05, -2.8221089419100887e-05, -1.2113326070031538e-05, -5.816036693168875e-05, 1.9836171505367035e-05, 2.620686891835423e-05, -1.2589378184408603e-05, -1.618177145088427e-06, 3.0579347582338535e-05, -5.784633255371732e-06, 6.842749089428318e-06, -2.0434236976790324e-05, 2.1812387845722248e-05, 5.598612891350442e-06, -1.9506135375651843e-05, 3.353967165493541e-05, -3.92242939619086e-06, 5.20817014880253e-05, 5.235973192457325e-05], [3.520785427422311e-05, 1.4497587079852806e-05, 4.58690213735078e-05, -3.1427440424758176e-05, 2.825109270362045e-05, -1.5847734883233137e-05, -1.0, -3.435776121283549e-05, 5.862641795122596e-06, -2.5214760310240682e-05, -1.4781618173304667e-06, -1.374150430995982e-05, 1.4965638318357987e-05, -1.5955746707503564e-05, 6.273286749247013e-05, 3.6481993756820545e-05, 4.653109385190616e-05, -5.4005912135213266e-06, -7.418812152203926e-06, 3.6868036017638924e-05, 5.310581359962638e-06, 3.400972311240856e-05, 7.40961114495126e-05, 3.92582976843641e-05, 3.475180434952575e-05, 3.9978376512833615e-05, -2.7935058106681053e-05, 1.843201778985149e-05, 3.9114281918670204e-05, 3.492182296180328e-05, -1.5173661091026956e-05, -4.624506253948632e-06, -5.782633036403761e-05, 1.95021349377159e-06, 2.2754490979636524e-05, 1.0937197316864672e-05, 1.0055100751989521e-05, -2.4748709290703473e-05, -2.1034302667181583e-05, -2.9169193209919077e-05, 1.6671825098037132e-05, 2.1994407771807595e-05, 2.3832609003372818e-05, -7.80085397508636e-06, -3.3655684355077716e-05, 5.358386593297142e-05, 3.18034815907367e-07, 4.496492239998497e-06, -4.7619212970482306e-05, 5.996656465976643e-06], [-1.1087213739462487e-05, -9.050990830068149e-06, -1.2331349937540363e-05, 1.420755532949703e-05, 5.648418343652917e-05, 4.8829345446104674e-05, -3.435776121283549e-05, -1.0, -7.94086930284432e-06, -5.650618584517684e-06, -1.104920957907104e-05, -4.41048282437575e-06, -2.6220870451130025e-05, 6.179876523442774e-05, 2.8147081317285967e-05, -1.6121764881845145e-06, -1.1989312494017345e-05, -1.0411139728288335e-05, 2.595084089045396e-05, 2.1168317338035628e-05, 1.3361462706045357e-05, 2.1298331570953736e-05, -2.4640697466433046e-05, -4.0892476581196295e-05, -3.3461663115184545e-05, 2.2774493169316232e-05, -1.7743942464869513e-05, 5.595812584795283e-05, 9.84107732241664e-07, -1.1157221403341466e-05, -6.718735513414125e-06, 7.988674536178824e-05, 3.3183632678636595e-06, -1.0221118926331103e-05, 1.7163878964157963e-05, 2.0488242888925536e-05, 2.2666481345045805e-05, 5.928649021065634e-06, -9.999094620886337e-06, -1.056115615088615e-06, -6.42870376305835e-06, 3.552988952806642e-05, 1.2181333514942549e-05, -2.1456348869423434e-05, -1.6771836046435677e-05, -1.9142095523481148e-05, -1.5933744298855884e-05, 7.050771862097288e-06, 5.052553113094397e-06, 3.231353742756927e-05], [4.9727443762723596e-05, 2.9777259776182217e-05, 5.178566908076561e-06, 1.4239558832984564e-05, 6.724536148421239e-05, -7.880862733805195e-07, 5.862641795122596e-06, -7.94086930284432e-06, -1.0, -3.175347611653743e-05, 1.4801620362984376e-07, 1.1879300450778947e-05, 9.586849491587544e-05, 5.668620555229422e-06, -4.280468591457644e-06, -5.220571506403949e-06, 2.9239200873798056e-05, -1.306743051775364e-05, 1.1297236731099427e-05, -2.79730622670725e-05, 1.0905193813377138e-05, 1.620177364056398e-06, 1.766393370615068e-05, -3.247955560191085e-05, 9.389627901345616e-05, 1.81979921705989e-05, 4.2954702337174254e-05, 3.070336115835273e-05, 4.1820578182334776e-05, 1.0757177609747294e-05, -1.494763634764625e-05, -8.022878280531126e-06, -9.411030244302905e-06, 3.8316194550449824e-05, -2.6404890596183345e-05, 3.1473445461021506e-05, 2.0998298725758107e-05, 2.571881549016934e-05, -1.0461145202487606e-06, -2.5894834759350774e-05, -7.860860544125487e-06, 4.027840935802924e-05, -1.5241668535937967e-05, -2.933321116529269e-05, -1.1661276583270124e-06, -3.9048274692727165e-05, -2.672292541209071e-06, 8.554936526011375e-06, -2.7883052413513814e-06, 5.8466400433788284e-06], [3.095138831038111e-05, 1.9602145886114444e-05, 1.5893739919496467e-05, 1.2829404460565107e-05, -3.3963718076145234e-06, -8.394919008573707e-06, -2.5214760310240682e-05, -5.650618584517684e-06, -3.175347611653743e-05, -1.0, 7.478818721243052e-06, 6.583520711179295e-05, -1.8374011439780337e-05, -2.8313099491627547e-05, 4.090247767603615e-05, 4.45788801391666e-05, -8.521532869246261e-05, 4.380479539856187e-05, -1.2843405993340903e-05, 8.976982728253227e-06, -7.133780949268078e-05, 8.462926453484715e-06, -4.348476036368653e-06, 1.1995313150921258e-05, -1.130523760697131e-05, 5.4703988555035094e-05, 9.141000683626839e-06, 3.693404324358196e-05, -1.803197399625732e-05, -4.313072160635569e-05, 4.544897539023392e-05, -5.468598658432336e-06, 4.288469467329527e-06, -1.2683388475903234e-05, 1.9306113478854756e-05, 3.44877754457536e-05, 5.394590556617414e-06, 6.314091216193619e-05, 2.9587238974224988e-05, 3.0273314080238993e-05, -1.8091980565296444e-05, -1.8714048664335383e-05, 3.2469554507071e-05, 3.4435769752586356e-05, 3.1067401010523425e-05, -2.256447017767929e-05, -3.442976909568244e-05, 1.6401795537361066e-06, 5.470798899297104e-05, 6.960762008538598e-06], [-1.3799510660030974e-05, -2.274849032273261e-05, 2.5588801257251235e-05, 1.4983640289069725e-05, -1.3821513068678653e-06, 9.122198625327912e-05, -1.4781618173304667e-06, -1.104920957907104e-05, 1.4801620362984376e-07, 7.478818721243052e-06, -1.0, 4.492691823959352e-05, 5.178766929973358e-05, 3.749610477358177e-05, 1.2301346653020799e-05, -5.368587710033793e-06, 5.5446069792152286e-05, 1.8382012315652219e-06, 6.888754125691648e-06, 3.912628323247802e-05, -2.6570908770524925e-05, 2.2190429230668738e-05, 2.0348227561167578e-05, 8.736956452096725e-06, -6.180676611029963e-07, 1.3237449130031162e-05, 1.989217763647022e-05, 5.392990381443037e-05, 1.4081541534514867e-05, 6.16987542860292e-05, 6.461707376029869e-05, -1.9236105814975777e-05, -1.4501587517788748e-06, 9.309019076936391e-06, 2.1408343614192132e-05, -3.218952385155508e-05, 4.851331084916528e-05, 3.435576099386752e-05, -2.3000517912696938e-05, -1.4429579634941797e-05, -1.905808632682637e-05, -1.9188100559744478e-05, 5.720626248396665e-07, 3.420974500920565e-05, 2.0572252085580314e-05, -8.428922731029212e-06, 9.116998056011187e-06, 1.580773050387372e-05, 3.051934101329941e-05, -4.1250515776463084e-05], [6.388699383698932e-06, 3.469179778048663e-05, -2.9311208756645008e-05, -6.752739235869629e-06, -7.156783467399743e-06, 2.2476460543088572e-05, -1.374150430995982e-05, -4.41048282437575e-06, 1.1879300450778947e-05, 6.583520711179295e-05, 4.492691823959352e-05, -1.0, 2.1898397261344994e-05, 9.892882993687085e-05, -8.074883973698369e-06, 1.3667496208144897e-05, -3.867023330778067e-05, 5.420593403201035e-06, 1.78959591064353e-05, -1.1361243738074494e-06, 2.0896287558391593e-05, 6.435304485652653e-05, -4.5745007797493604e-05, 3.886425454767384e-06, -2.3742599149814127e-05, -2.9905273790132353e-05, -5.692623182845072e-06, 3.050133904258767e-05, -1.3267452414550726e-05, 3.0303317364758554e-06, 4.4804904882547304e-05, 3.080337210675127e-07, -4.49289184585615e-05, 4.061044570671241e-05, 6.272686683556623e-05, -2.0910289091167388e-05, 2.3000517912696938e-05, -3.866623286984473e-05, 3.149544786966919e-05, 3.843820790749605e-05, -3.6646011712194156e-05, -2.8403109345186236e-07, 2.6472898041094355e-05, 2.720697840233966e-05, -8.064882878858515e-06, -2.9381216420523987e-05, 1.9724159243160667e-05, -1.8682045160847848e-05, 7.5468261661540615e-06, -9.181005062986255e-06], [-2.7679030078780785e-05, -2.2342445872234527e-05, 2.116631711906766e-05, -3.0643354589313603e-06, -5.680621869037247e-07, 1.6651822908357423e-05, 1.4965638318357987e-05, -2.6220870451130025e-05, 9.586849491587544e-05, -1.8374011439780337e-05, 5.178766929973358e-05, 2.1898397261344994e-05, -1.0, 3.1461444147213686e-05, 5.873642999446435e-05, -9.739066155050126e-06, 2.8137080222446113e-05, 7.372807115940597e-06, 6.711734747026227e-05, -1.9658152017217628e-05, 1.0395137976544569e-05, -9.807073599961135e-06, -3.9732349579773195e-05, -5.188768024813212e-05, 6.868351892218346e-05, -5.057553660514324e-05, 2.439867097130857e-05, 3.644598981539707e-05, 6.825347184406971e-05, 2.5388779360454148e-05, 4.156855059237045e-05, -6.032660407400119e-06, 1.7541920349104457e-05, -3.7934152727567395e-05, -4.317672664261902e-05, -2.6890943805400266e-05, 3.462979099247953e-05, 2.6400890158247404e-05, 8.214499257662735e-05, 1.0001094839854308e-08, 2.9629243572552373e-05, 8.928977473021927e-06, -4.818527493841806e-06, -3.488381880141183e-06, -2.8611132117855204e-05, -5.8746431089304205e-06, -1.6655823346293364e-05, -1.0357133816153123e-05, 5.9346496779695465e-06, 3.9564331186463646e-05], [7.0627731759051125e-06, -2.028822099212845e-05, 2.3036521854120414e-05, 9.014986888644673e-06, -1.4991641164941609e-05, 1.934211742027823e-05, -1.5955746707503564e-05, 6.179876523442774e-05, 5.668620555229422e-06, -2.8313099491627547e-05, 3.749610477358177e-05, 9.892882993687085e-05, 3.1461444147213686e-05, -1.0, -8.872171254331554e-05, -6.600722594303844e-06, 4.0836470450093114e-05, 5.3891899654038925e-05, -6.61952465260277e-05, 5.2171711341583984e-05, 4.797725216574909e-05, 2.2466459448248718e-05, 5.622615518966093e-06, -4.675311815735092e-05, 5.1423629447562885e-05, -4.052043585315372e-05, 4.563499575425521e-05, 5.98865559010476e-06, -4.375679014333057e-05, -2.2858502365971007e-05, 3.620996397717651e-05, 2.079627660999305e-05, -3.224152954472232e-05, -2.251046426554408e-05, -1.671182947739655e-05, -2.288450521255463e-05, -3.5963937044116096e-05, 2.131033288476156e-05, 4.1406532855964806e-05, -3.716406842489861e-05, -1.3173442123056096e-05, 2.0464240261309887e-05, -5.168565813236706e-06, 2.304852316792824e-05, -9.207007909569877e-06, 5.97425401353537e-05, 9.393028273591167e-06, -2.5688812205649777e-05, 4.266067014888254e-05, 1.891607078010044e-05], [-3.951432571226437e-05, -2.8861159488851562e-05, -8.31090981191893e-06, -2.855312576778405e-05, -2.8833156423299972e-05, 3.3903711507106105e-05, 6.273286749247013e-05, 2.8147081317285967e-05, -4.280468591457644e-06, 4.090247767603615e-05, 1.2301346653020799e-05, -8.074883973698369e-06, 5.873642999446435e-05, -8.872171254331554e-05, -1.0, -2.6250873735649588e-05, 4.7345182971870295e-05, 4.8007255450268655e-05, 3.129142553493616e-05, -3.8038164113901875e-05, 7.692842150815934e-06, -3.500383193949008e-06, 4.57110040750381e-05, 2.5666809797002097e-05, -3.6183961130592886e-06, -3.572391076795959e-05, 2.9141190144367483e-05, -2.9155191677143282e-05, 4.076046212931022e-05, -1.6957856410456966e-05, 5.4465962497846565e-06, -2.5528794688212107e-05, -4.633507239304501e-05, -5.783833167784544e-05, 5.171166097895069e-05, 1.0575157683661946e-05, 3.456378376653649e-05, -8.40091966547762e-06, -1.9320115011630554e-05, -6.908756315371356e-06, 4.380479539856187e-05, -7.858860325157516e-06, 4.807726311414763e-05, 4.399881663845505e-05, 3.5385873762372515e-05, 5.568609606830879e-06, 4.008438811813607e-06, -1.2015315340600967e-05, 1.2329349718572391e-05, -8.822965867719471e-06], [4.514494210710235e-06, 5.4275941695889335e-05, 3.8266189076250556e-05, 5.7372280658308225e-05, -3.13094275056479e-05, 1.708186998647116e-05, 3.6481993756820545e-05, -1.6121764881845145e-06, -5.220571506403949e-06, 4.45788801391666e-05, -5.368587710033793e-06, 1.3667496208144897e-05, -9.739066155050126e-06, -6.600722594303844e-06, -2.6250873735649588e-05, -1.0, 1.4393575693518321e-05, 5.54520704490562e-05, 1.018911542284357e-05, 5.3007802870195805e-05, -5.776632379499848e-06, 2.6570908770524925e-05, -2.5264765784439953e-05, -3.6239967261696076e-05, 2.2412453536113506e-05, -4.364877831906014e-05, 3.90662766634389e-05, 8.70975347413232e-05, 8.048881127114748e-06, -9.585049294516369e-06, -2.1092309017252736e-05, -1.1695280305725629e-05, 5.558008446300633e-05, 2.0450238728534092e-05, 6.692932688727301e-05, -6.802744710068901e-06, -2.5642807169386447e-05, 1.2829404460565107e-05, 9.360424704413242e-05, -2.584282906618353e-06, 7.020768577577724e-06, 8.774960612488171e-06, 1.543768999479911e-05, 2.086828449284e-05, 2.8525122702232457e-05, 4.9709441792011856e-05, -4.060844548774443e-05, 2.556079819169964e-05, 1.0437142574871956e-05, -2.5660809140098184e-05], [-3.772612995489842e-05, -4.015039534407911e-05, 2.3272547692340977e-05, 1.1659276364302153e-05, 3.196549932714234e-05, 1.6773836265403646e-05, 4.653109385190616e-05, -1.1989312494017345e-05, 2.9239200873798056e-05, -8.521532869246261e-05, 5.5446069792152286e-05, -3.867023330778067e-05, 2.8137080222446113e-05, 4.0836470450093114e-05, 4.7345182971870295e-05, 1.4393575693518321e-05, -1.0, 4.398481510567925e-06, 4.178057380297536e-05, 2.5044741697963158e-05, 4.663310501927267e-05, 2.8395108469314353e-05, 4.633107195510907e-05, 6.093067020232839e-05, 5.969653509909037e-05, 5.125361083528536e-05, -2.9893272476324527e-05, 2.0178208948890053e-05, 1.0033098343341842e-05, -2.8075073434439015e-05, 3.392971435368973e-05, 1.1051209798039011e-05, 4.699114421453945e-05, -2.6682921032731294e-05, 1.0475146735263402e-05, 1.1431251401953474e-05, -5.667420423848639e-05, 1.7465912028321564e-05, 1.1355243081170581e-05, -3.0535342765043174e-05, 6.477909149670432e-05, 3.9610336222726976e-05, -3.057134670646665e-05, -5.594012387724109e-05, 2.432866330742959e-05, -4.0788465194861815e-05, -1.0205117174587336e-05, 4.9905463250873e-06, -9.437033090886525e-06, -2.2904507402234337e-05], [-1.2041318187184588e-05, -9.993093963982426e-06, 2.0274219459352654e-05, 1.415754985529776e-05, -3.800416039144637e-07, -1.8862064867965225e-06, -5.4005912135213266e-06, -1.0411139728288335e-05, -1.306743051775364e-05, 4.380479539856187e-05, 1.8382012315652219e-06, 5.420593403201035e-06, 7.372807115940597e-06, 5.3891899654038925e-05, 4.8007255450268655e-05, 5.54520704490562e-05, 4.398481510567925e-06, -1.0, -2.810907715689452e-05, 2.486672220981375e-05, 3.925029680849222e-05, 6.33329331828614e-05, 6.393899953015657e-05, 1.8932072531844206e-05, -1.6137766633588912e-05, 1.0951198849640468e-05, -1.7701937866542127e-05, 1.1475256219248833e-05, 3.7670123823795235e-05, 3.92242939619086e-06, 6.836348388730811e-05, -3.391171238297799e-05, 2.3414563239066908e-05, 6.05246257518303e-05, -2.2522465579351905e-06, 3.539187441927643e-05, -4.301070846827744e-05, 7.10277755526453e-06, 1.9762163403552115e-06, 4.167056175973696e-05, 4.552698392998478e-05, -8.744957327968607e-06, 4.714316085610524e-05, 4.096048402610731e-05, -1.098120213416003e-05, 3.5145847486216014e-05, -5.854640919250712e-06, -1.0753177171811353e-05, 2.894516868550634e-05, -1.4953637004550163e-05], [-2.036422931291134e-05, -2.209641893917411e-05, 5.6248157598308604e-05, 6.412101945624192e-05, 4.814527055905864e-06, -1.8866065305901168e-05, -7.418812152203926e-06, 2.595084089045396e-05, 1.1297236731099427e-05, -1.2843405993340903e-05, 6.888754125691648e-06, 1.78959591064353e-05, 6.711734747026227e-05, -6.61952465260277e-05, 3.129142553493616e-05, 1.018911542284357e-05, 4.178057380297536e-05, -2.810907715689452e-05, -1.0, 4.349476145852639e-05, 5.963052787314733e-05, 5.6138145555070204e-05, 3.52698610622302e-05, 5.6626198983255094e-05, 3.491382208593139e-05, -1.889406837145276e-05, -2.2108420252981936e-05, -1.218533395287849e-05, 1.4945636128678279e-05, 2.4086636812305117e-05, 1.3383465114693036e-05, -3.6774025726144296e-05, -3.52218558069989e-05, -1.2229338770173849e-05, 5.4535970161725544e-05, 2.84811178849371e-05, 3.265957530902823e-05, -7.420812371171897e-05, -2.1716377335259647e-05, -4.2428644748597916e-05, -7.372807115940597e-06, -3.469779843739054e-05, 6.456706828609942e-06, -1.6067758969709932e-05, -3.150344874554107e-06, -1.573772283999474e-05, -2.274649010376464e-05, -2.8497119636680867e-05, -1.2833404898501048e-05, -7.260794853734228e-07], [3.008329327828176e-06, -2.434666527814133e-05, 3.753610915294119e-05, -3.90042698754318e-06, 2.989927313322844e-05, 1.4919633282094657e-05, 3.6868036017638924e-05, 2.1168317338035628e-05, -2.79730622670725e-05, 8.976982728253227e-06, 3.912628323247802e-05, -1.1361243738074494e-06, -1.9658152017217628e-05, 5.2171711341583984e-05, -3.8038164113901875e-05, 5.3007802870195805e-05, 2.5044741697963158e-05, 2.486672220981375e-05, 4.349476145852639e-05, -1.0, -1.0403138852416453e-05, 1.573572262102677e-05, -3.981635877642797e-05, 4.261866555055515e-05, 1.0569157026758033e-05, 2.5436784615685447e-05, 6.05386272846061e-05, 9.41963118586518e-05, -1.4559593867859903e-05, 1.9696156177609076e-05, -4.1416533950804664e-05, -9.104996742203363e-06, -4.1324523878278004e-05, 9.77106965853766e-06, 3.537587266753266e-05, 3.828419104696229e-06, -2.6892944024368235e-05, 3.0553344735754913e-05, 7.068373789015431e-05, 3.458978661312011e-05, 3.500983259639399e-05, 4.4160834374860684e-05, -1.0175113890067773e-05, 1.9678154206897337e-05, 2.0342226904263664e-05, 6.158674202382283e-06, 1.5243668754905938e-05, -1.3641493361561278e-05, 2.2908507840170278e-05, -3.341965851685716e-05], [2.1296331351985764e-05, -3.163746341639512e-05, 6.838748651492376e-06, -7.36220595541035e-05, 5.694623401813043e-06, -2.443867535066799e-05, 5.310581359962638e-06, 1.3361462706045357e-05, 1.0905193813377138e-05, -7.133780949268078e-05, -2.6570908770524925e-05, 2.0896287558391593e-05, 1.0395137976544569e-05, 4.797725216574909e-05, 7.692842150815934e-06, -5.776632379499848e-06, 4.663310501927267e-05, 3.925029680849222e-05, 5.963052787314733e-05, -1.0403138852416453e-05, -1.0, -7.944869740780263e-06, 7.510822224730586e-06, -6.180676611029963e-06, 2.3680592361807033e-05, 4.008438811813607e-06, 3.228153392408174e-05, -8.900174319883147e-05, 1.0937197316864672e-05, 5.237773389528499e-05, 9.719063965370416e-06, -4.650509100532254e-06, -1.3263451976614784e-05, 8.800963459071791e-06, -1.3023425700458281e-05, 1.397552992921241e-05, 1.747791334212939e-05, -2.0302222524904248e-05, -6.206679457613584e-06, 1.82940026810615e-05, 6.1646748592861955e-06, -4.421083984905996e-05, -2.6818935922553315e-05, -1.357948657355418e-05, 1.7307894729851866e-05, -5.028550485478747e-06, -1.7157878307254053e-05, -1.490163131138292e-06, -5.675021255926929e-05, 3.871423812507603e-05], [-1.4515589050564544e-05, 1.8604036621096983e-05, -2.820308744838915e-07, 2.8377106498602613e-05, 9.28701666828871e-06, -1.0229119802202987e-05, 3.400972311240856e-05, 2.1298331570953736e-05, 1.620177364056398e-06, 8.462926453484715e-06, 2.2190429230668738e-05, 6.435304485652653e-05, -9.807073599961135e-06, 2.2466459448248718e-05, -3.500383193949008e-06, 2.6570908770524925e-05, 2.8395108469314353e-05, 6.33329331828614e-05, 5.6138145555070204e-05, 1.573572262102677e-05, -7.944869740780263e-06, -1.0, -5.1487636454537954e-05, 7.736446924317699e-05, -2.720897862130763e-05, 3.4271751797212745e-05, -8.974982509285257e-06, 1.8334007060420917e-05, 3.7504105649453655e-05, 4.248065044176516e-05, 1.1501259065832455e-06, 6.208079610891164e-05, 1.3981530586116323e-06, 2.9431221894723258e-05, 2.1664371642092404e-05, -7.660838647328401e-07, -1.443758051081368e-05, -1.8113982973944125e-05, -8.133490389459915e-05, -5.9806547142328765e-06, 7.736846968111294e-06, 5.300580265122783e-07, 6.060663472951711e-06, -3.997437607489767e-05, 3.340365676511339e-07, 1.5241668535937967e-05, 3.4803810042692994e-07, 8.670949226153685e-06, -4.044442753237082e-06, 1.0179114328003716e-05], [9.080994114587712e-07, -4.888535157720786e-06, 4.142853526461249e-05, -3.504783675678544e-05, 5.5526078550871125e-06, 3.45217791682091e-05, 7.40961114495126e-05, -2.4640697466433046e-05, 1.766393370615068e-05, -4.348476036368653e-06, 2.0348227561167578e-05, -4.5745007797493604e-05, -3.9732349579773195e-05, 5.622615518966093e-06, 4.57110040750381e-05, -2.5264765784439953e-05, 4.633107195510907e-05, 6.393899953015657e-05, 3.52698610622302e-05, -3.981635877642797e-05, 7.510822224730586e-06, -5.1487636454537954e-05, -1.0, -3.657800426728315e-05, 7.894864266580991e-05, 2.598084417497352e-05, -5.840639386474916e-06, -6.493710879517402e-05, 9.315019733840303e-06, -4.618305575147923e-05, 6.992765512026132e-06, 5.8606415761546245e-06, 1.596574780234342e-05, 2.3600583603088196e-05, 1.9974186614157025e-05, -3.1723472832017864e-05, 5.871242736684871e-05, -3.2943606402480092e-06, 5.608613986190297e-06, 1.6259779990635134e-05, 1.6863846118962334e-05, -2.4202649512447425e-06, -2.3200539809494025e-05, 2.0758272449601603e-05, -1.6441799916720482e-06, -9.595050389356223e-06, 4.82232790988095e-05, -2.4758710385543327e-05, 2.8709142847285777e-05, -9.553045791028836e-06], [4.490291561197788e-05, 1.5871737510848786e-05, -1.3131437524728707e-05, 8.149492141203681e-05, -3.125742181248066e-05, 1.3593488106329975e-05, 3.92582976843641e-05, -4.0892476581196295e-05, -3.247955560191085e-05, 1.1995313150921258e-05, 8.736956452096725e-06, 3.886425454767384e-06, -5.188768024813212e-05, -4.675311815735092e-05, 2.5666809797002097e-05, -3.6239967261696076e-05, 6.093067020232839e-05, 1.8932072531844206e-05, 5.6626198983255094e-05, 4.261866555055515e-05, -6.180676611029963e-06, 7.736446924317699e-05, -3.657800426728315e-05, -1.0, 1.4887629778607124e-05, 8.80936437873727e-05, 3.3617680194686275e-05, 0.00011570066598330653, -7.840858354445777e-07, 2.759902132006195e-05, 1.6927853125937403e-05, 2.648489935490218e-05, -7.143782044107932e-05, 1.5185662404834783e-05, -1.6587815901382357e-05, 7.900864923484904e-07, -3.3359651947818034e-05, 1.5653713643339963e-05, 3.0021286490274662e-05, 6.501511733492488e-05, -1.3357462268109414e-05, 4.3506762772334214e-05, -3.792415163272754e-06, 9.749667315580371e-05, 2.799706489468815e-05, -2.4482680167963347e-05, -5.528605227471461e-06, 1.5491695906934324e-05, -8.68095032099354e-06, 3.2825593483369814e-05], [-2.8363104965826818e-05, -2.6238872421841765e-05, 1.2341351032380217e-05, 4.795724997606938e-05, -1.5893739919496467e-05, -9.743066592986067e-06, 3.475180434952575e-05, -3.3461663115184545e-05, 9.389627901345616e-05, -1.130523760697131e-05, -6.180676611029963e-07, -2.3742599149814127e-05, 6.868351892218346e-05, 5.1423629447562885e-05, -3.6183961130592886e-06, 2.2412453536113506e-05, 5.969653509909037e-05, -1.6137766633588912e-05, 3.491382208593139e-05, 1.0569157026758033e-05, 2.3680592361807033e-05, -2.720897862130763e-05, 7.894864266580991e-05, 1.4887629778607124e-05, -1.0, 1.107521242565466e-05, 1.9290111727110992e-05, 3.2743584505683004e-06, 2.9889272038388586e-05, -9.000985355868878e-08, 5.789033737101268e-05, 1.4745614231881193e-05, 3.704005484888442e-05, -1.193130614394619e-05, 2.5450786148461246e-05, -1.1333240672522903e-05, 1.4851625837183648e-05, -2.1480351497039084e-05, 3.656000229657141e-05, 3.565790354201655e-05, 3.8362199586713154e-05, 4.102449103308237e-05, -2.0088199095331365e-05, 6.992765512026132e-06, 4.9729443981691565e-05, -1.6323786997610204e-05, 4.0678453151623416e-05, -1.57337224020588e-05, 6.610523667246901e-05, 4.338474941528799e-05], [5.277177703197524e-05, -1.569171780373141e-05, -8.418921636189358e-06, 1.8976077349139564e-05, -4.393480963147998e-05, -2.4818716954582452e-05, 3.9978376512833615e-05, 2.2774493169316232e-05, 1.81979921705989e-05, 5.4703988555035094e-05, 1.3237449130031162e-05, -2.9905273790132353e-05, -5.057553660514324e-05, -4.052043585315372e-05, -3.572391076795959e-05, -4.364877831906014e-05, 5.125361083528536e-05, 1.0951198849640468e-05, -1.889406837145276e-05, 2.5436784615685447e-05, 4.008438811813607e-06, 3.4271751797212745e-05, 2.598084417497352e-05, 8.80936437873727e-05, 1.107521242565466e-05, -1.0, -8.342913315406463e-06, 6.618324521221987e-05, 4.39608124780636e-05, 4.58690213735078e-05, -9.102996523235392e-06, 4.220262000521721e-05, -4.604304042372127e-05, -3.902027162717557e-05, 1.1675278116045919e-05, 3.80501654277097e-05, 6.876752811883823e-06, -4.4832907948098894e-05, -2.6542905704973333e-06, -4.139253132318901e-05, 2.6566908332588984e-05, -1.650180648575961e-06, -7.880862733805195e-07, -3.8986267904720065e-05, -5.586611577542617e-06, -1.4905631749318862e-05, 3.898026724781615e-05, -4.2142613436178086e-05, -8.176895141064883e-06, -5.999256750635006e-05], [1.408954241038675e-05, 2.7631024823549483e-05, -1.780194881494067e-05, -2.8167083506965675e-05, 2.650690176354986e-05, -1.9262108661559397e-06, -2.7935058106681053e-05, -1.7743942464869513e-05, 4.2954702337174254e-05, 9.141000683626839e-06, 1.989217763647022e-05, -5.692623182845072e-06, 2.439867097130857e-05, 4.563499575425521e-05, 2.9141190144367483e-05, 3.90662766634389e-05, -2.9893272476324527e-05, -1.7701937866542127e-05, -2.2108420252981936e-05, 6.05386272846061e-05, 3.228153392408174e-05, -8.974982509285257e-06, -5.840639386474916e-06, 3.3617680194686275e-05, 1.9290111727110992e-05, -8.342913315406463e-06, -1.0, -1.1279234760387689e-05, 1.5815731379745602e-05, 1.4291564526151807e-05, 5.880643765834334e-06, 1.142125030711362e-05, 3.1223418090025154e-05, -8.766359670925895e-05, 1.7189881810741584e-05, 1.7561922538784165e-05, 2.7429002707784427e-05, -1.318144299892798e-06, 2.348657112191386e-05, 4.075046103447037e-05, 1.1127218118821904e-05, -2.039823303536685e-05, -4.682512604019788e-06, 3.173147370788975e-05, -6.488710332097476e-06, 1.0181114546971686e-06, -5.5864115556458193e-05, -1.8462021074371053e-05, -3.932230469133917e-05, 2.968324948468759e-06], [-5.700023993026565e-05, -1.7795948158036756e-05, 3.194549713746263e-05, 4.069445490336718e-05, -3.4021724426216387e-05, 6.08066566263142e-07, 1.843201778985149e-05, 5.595812584795283e-05, 3.070336115835273e-05, 3.693404324358196e-05, 5.392990381443037e-05, 3.050133904258767e-05, 3.644598981539707e-05, 5.98865559010476e-06, -2.9155191677143282e-05, 8.70975347413232e-05, 2.0178208948890053e-05, 1.1475256219248833e-05, -1.218533395287849e-05, 9.41963118586518e-05, -8.900174319883147e-05, 1.8334007060420917e-05, -6.493710879517402e-05, 0.00011570066598330653, 3.2743584505683004e-06, 6.618324521221987e-05, -1.1279234760387689e-05, -1.0, 1.5401686053375636e-05, 9.025788071071716e-05, -3.286159742479329e-05, 1.91040913630897e-05, 9.619053016971874e-06, 2.973525517785483e-05, -3.606194777354667e-05, -3.6113953466713905e-05, -5.771831853976719e-05, -4.880534281848902e-07, -1.9702156834512988e-06, 3.9592334252015236e-05, -2.511474936184214e-05, 6.702933783567155e-05, 2.82270900760048e-05, 2.544078505362139e-05, 3.486381661173212e-06, -1.7021863417432032e-05, -4.14965427095235e-05, 3.644999025333301e-05, 1.5425688680991285e-05, -3.142544020579021e-05], [3.2853596548921405e-05, 2.2928510029849986e-05, -1.181529344380388e-05, 1.2847406431276845e-05, 6.175276019816442e-05, -1.817398954298325e-05, 3.9114281918670204e-05, 9.84107732241664e-07, 4.1820578182334776e-05, -1.803197399625732e-05, 1.4081541534514867e-05, -1.3267452414550726e-05, 6.825347184406971e-05, -4.375679014333057e-05, 4.076046212931022e-05, 8.048881127114748e-06, 1.0033098343341842e-05, 3.7670123823795235e-05, 1.4945636128678279e-05, -1.4559593867859903e-05, 1.0937197316864672e-05, 3.7504105649453655e-05, 9.315019733840303e-06, -7.840858354445777e-07, 2.9889272038388586e-05, 4.39608124780636e-05, 1.5815731379745602e-05, 1.5401686053375636e-05, -1.0, 5.548607417151171e-06, 8.102687017353164e-05, 3.3385654794401656e-05, -1.2019315778536908e-05, 5.8374390361261626e-05, 8.15789306086916e-05, -8.436723585004297e-05, 3.923229483778048e-05, 2.3470569370170092e-05, -1.8462021074371053e-06, -8.140891199641407e-06, 3.779213718084146e-05, 6.619724674499567e-05, -2.5262765565471985e-05, 4.751520158414782e-05, 9.066992581811916e-06, -2.7891053289385696e-05, 5.400591213521326e-07, 1.5891739700528495e-05, 2.569881330048963e-05, 2.9265203720381678e-05], [3.8004160391446376e-08, 4.558499028005594e-06, 4.5735006702653754e-05, 4.444286524934458e-05, 5.976054210606544e-05, -6.368697194019224e-06, 3.492182296180328e-05, -1.1157221403341466e-05, 1.0757177609747294e-05, -4.313072160635569e-05, 6.16987542860292e-05, 3.0303317364758554e-06, 2.5388779360454148e-05, -2.2858502365971007e-05, -1.6957856410456966e-05, -9.585049294516369e-06, -2.8075073434439015e-05, 3.92242939619086e-06, 2.4086636812305117e-05, 1.9696156177609076e-05, 5.237773389528499e-05, 4.248065044176516e-05, -4.618305575147923e-05, 2.759902132006195e-05, -9.000985355868878e-08, 4.58690213735078e-05, 1.4291564526151807e-05, 9.025788071071716e-05, 5.548607417151171e-06, -1.0, 3.694604455738979e-05, 9.258413537046727e-05, 5.300580265122783e-07, 5.5466071981831995e-05, -3.854421951279851e-06, -1.6099762473197467e-05, 4.8357293769663555e-05, 1.8257998739638024e-05, 1.0547154618110354e-05, 3.363168172746207e-05, -2.5002737099635773e-06, 2.511674958081011e-05, 6.392699821634874e-06, -9.971091555334745e-06, -1.607976028351776e-05, -2.6642916653371877e-05, 4.28486907318718e-05, 5.470798899297104e-05, 7.164784343271627e-06, -1.888806771454885e-05], [2.0422235662982498e-05, 6.41910271201209e-05, -3.5855925219845665e-05, -2.791905635493729e-05, 1.7905960201275155e-05, -2.3984625644938603e-05, -1.5173661091026956e-05, -6.718735513414125e-06, -1.494763634764625e-05, 4.544897539023392e-05, 6.461707376029869e-05, 4.4804904882547304e-05, 4.156855059237045e-05, 3.620996397717651e-05, 5.4465962497846565e-06, -2.1092309017252736e-05, 3.392971435368973e-05, 6.836348388730811e-05, 1.3383465114693036e-05, -4.1416533950804664e-05, 9.719063965370416e-06, 1.1501259065832455e-06, 6.992765512026132e-06, 1.6927853125937403e-05, 5.789033737101268e-05, -9.102996523235392e-06, 5.880643765834334e-06, -3.286159742479329e-05, 8.102687017353164e-05, 3.694604455738979e-05, -1.0, -5.4914011546672035e-05, -6.268686245620681e-06, -3.7934152727567395e-05, 2.0134204131594695e-05, -4.533296269009161e-05, 5.475599424820234e-05, 8.98298338515714e-06, 2.745500555436805e-05, -2.1156316024227805e-05, 6.19327799052818e-05, 8.44892492070892e-06, 1.8115983192912093e-05, -2.9931276636715975e-05, 1.5125655835795656e-05, -7.438814341883635e-06, 1.0901193375441197e-06, -9.86507995003229e-06, 1.5383684082663896e-05, 2.5306770382767342e-05], [-1.701786297949609e-05, -2.3934620170739332e-05, 6.072664786759536e-06, 2.2498462951736253e-05, 4.375679014333057e-05, 4.784323749489504e-05, -4.624506253948632e-06, 7.988674536178824e-05, -8.022878280531126e-06, -5.468598658432336e-06, -1.9236105814975777e-05, 3.080337210675127e-07, -6.032660407400119e-06, 2.079627660999305e-05, -2.5528794688212107e-05, -1.1695280305725629e-05, 1.1051209798039011e-05, -3.391171238297799e-05, -3.6774025726144296e-05, -9.104996742203363e-06, -4.650509100532254e-06, 6.208079610891164e-05, 5.8606415761546245e-06, 2.648489935490218e-05, 1.4745614231881193e-05, 4.220262000521721e-05, 1.142125030711362e-05, 1.91040913630897e-05, 3.3385654794401656e-05, 9.258413537046727e-05, -5.4914011546672035e-05, -1.0, 3.1803481590736704e-05, 0.00011401048095537115, -2.5562798410667615e-06, 2.929920744283718e-05, 1.8171989324015278e-05, 5.693223248535463e-05, 3.694804477635776e-05, 3.0361323714829708e-05, -3.5265860624294264e-05, -1.622577626817963e-05, -8.591540533125243e-05, -7.796853537150419e-06, -7.89286404761302e-06, 2.8165083287997703e-05, 5.398590994553356e-06, -4.537296706945103e-05, -2.5260765346504012e-05, -3.603594492696305e-05], [4.920538661208319e-06, -4.182457862027072e-05, -2.6846938988104905e-05, -3.8580223454221984e-05, -7.56882857480174e-06, -2.8221089419100887e-05, -5.782633036403761e-05, 3.3183632678636595e-06, -9.411030244302905e-06, 4.288469467329527e-06, -1.4501587517788748e-06, -4.49289184585615e-05, 1.7541920349104457e-05, -3.224152954472232e-05, -4.633507239304501e-05, 5.558008446300633e-05, 4.699114421453945e-05, 2.3414563239066908e-05, -3.52218558069989e-05, -4.1324523878278004e-05, -1.3263451976614784e-05, 1.3981530586116323e-06, 1.596574780234342e-05, -7.143782044107932e-05, 3.704005484888442e-05, -4.604304042372127e-05, 3.1223418090025154e-05, 9.619053016971874e-06, -1.2019315778536908e-05, 5.300580265122783e-07, -6.268686245620681e-06, 3.1803481590736704e-05, -1.0, -2.3782603529173544e-06, 1.4617600217931058e-05, 7.488819816082906e-06, 6.56531871857076e-05, -2.834110255717914e-05, 7.39520956838187e-05, 1.2971420007291038e-05, 3.748210324080598e-05, -1.272139263629468e-06, 5.20196947000182e-05, -5.496601723983928e-06, -4.195259263422085e-05, -8.194897111776621e-06, 9.735065717114184e-06, -4.680512385051816e-07, 4.2466648908989364e-05, -1.4073540658642983e-05], [1.2507369206721798e-05, 3.705405638166021e-05, -3.400572267447262e-05, 5.367587600549808e-05, 1.348747650102752e-05, -1.2113326070031538e-05, 1.95021349377159e-06, -1.0221118926331103e-05, 3.8316194550449824e-05, -1.2683388475903234e-05, 9.309019076936391e-06, 4.061044570671241e-05, -3.7934152727567395e-05, -2.251046426554408e-05, -5.783833167784544e-05, 2.0450238728534092e-05, -2.6682921032731294e-05, 6.05246257518303e-05, -1.2229338770173849e-05, 9.77106965853766e-06, 8.800963459071791e-06, 2.9431221894723258e-05, 2.3600583603088196e-05, 1.5185662404834783e-05, -1.193130614394619e-05, -3.902027162717557e-05, -8.766359670925895e-05, 2.973525517785483e-05, 5.8374390361261626e-05, 5.5466071981831995e-05, -3.7934152727567395e-05, 0.00011401048095537115, -2.3782603529173544e-06, -1.0, 1.2679388037967293e-05, 7.245393167680853e-05, 2.5250764251664158e-05, 1.2317348404764566e-05, -7.326202013986875e-05, 6.139072056496168e-05, -3.42677513592768e-05, 2.906318160461662e-06, 4.246064825208545e-05, 3.576591536628698e-05, -9.110397333416884e-05, 1.692185246903349e-05, 5.9186479262257795e-05, 6.842749089428318e-06, 2.4062634184689468e-05, -2.8103076499990607e-06], [-1.3133437743696678e-05, -4.876533843912961e-06, 1.3873518761845896e-05, 5.117760251450247e