{"connections": [[-999901.0, -1321.0, -1093.0, 1307.0, -523.0, 2057.0, 195.0, 375.0, -759.0, -673.0, -1847.0, -661.0, -135.0, -1887.0, 1957.0, 1081.0, 1809.0, -267.0, 447.0, 27.0, 271.0, 87.0, -105.0, 567.0, -1027.0, -1351.0, -65.0, -2225.0, -697.0, -765.0, 1003.0, -291.0, 357.0, 131.0, -2471.0, -59.0, -923.0, -1473.0, 1243.0, -2975.0, 317.0, 999.0, 1407.0, 749.0, 1085.0, 397.0, -203.0, -889.0, 81.0, -1135.0], [-1321.0, -999901.0, 715.0, 1367.0, 2149.0, -3183.0, -1033.0, 275.0, -567.0, 651.0, 445.0, 1487.0, -1151.0, -771.0, 633.0, 1233.0, -811.0, 453.0, 467.0, -2849.0, 383.0, 1291.0, 727.0, 871.0, 121.0, -487.0, 135.0, 367.0, -545.0, -841.0, 607.0, 1989.0, 949.0, 79.0, -2239.0, -1551.0, 33.0, -625.0, -1309.0, -423.0, -1415.0, 1823.0, 547.0, -499.0, 505.0, 1929.0, 461.0, -421.0, -687.0, -1463.0], [-1093.0, 715.0, -999901.0, 747.0, 1477.0, 2509.0, -257.0, -17.0, -163.0, 1131.0, 1401.0, -93.0, -131.0, 873.0, -1035.0, -1883.0, 437.0, 369.0, -1053.0, 1355.0, -1993.0, 227.0, 251.0, -1665.0, 629.0, 541.0, -1713.0, 1807.0, -57.0, -1457.0, -441.0, 953.0, -263.0, -125.0, 233.0, -599.0, -1075.0, 779.0, 1411.0, 1613.0, 1001.0, -925.0, 1639.0, 605.0, 1525.0, 1093.0, -115.0, 899.0, 1721.0, 297.0], [1307.0, 1367.0, 747.0, -999901.0, -571.0, -1731.0, -921.0, 747.0, -447.0, -13.0, 289.0, 643.0, -1019.0, 1357.0, -31.0, -711.0, -1015.0, 613.0, 3539.0, -865.0, 943.0, -1629.0, 499.0, 543.0, -275.0, 1613.0, -257.0, 943.0, -1761.0, 971.0, -665.0, -699.0, -495.0, -1121.0, 317.0, -139.0, 281.0, -1321.0, 299.0, 449.0, 1129.0, 91.0, -449.0, -1003.0, 505.0, -359.0, -59.0, 1071.0, -111.0, -231.0], [-523.0, 2149.0, 1477.0, -571.0, -999901.0, -373.0, 121.0, 621.0, -2113.0, 1117.0, -1541.0, -547.0, -669.0, -1065.0, -385.0, 847.0, 1723.0, -1089.0, 1457.0, 105.0, -575.0, -1943.0, -1371.0, -1087.0, 1247.0, -1189.0, -127.0, 1209.0, -443.0, -1247.0, -383.0, 1319.0, 611.0, 33.0, -329.0, 635.0, 375.0, -635.0, 377.0, 3.0, -721.0, 205.0, -719.0, 163.0, -877.0, 359.0, -137.0, 381.0, -453.0, 603.0], [2057.0, -3183.0, 2509.0, -1731.0, -373.0, -999901.0, 933.0, -1583.0, -1081.0, 657.0, 1203.0, -927.0, 339.0, -1809.0, 1647.0, -1473.0, -365.0, -1701.0, -1095.0, 205.0, -459.0, 893.0, 289.0, 1753.0, -265.0, -1133.0, -479.0, -1043.0, 445.0, -831.0, 1377.0, 995.0, -985.0, 1185.0, -553.0, -1517.0, -509.0, -1227.0, -1527.0, 191.0, 935.0, 105.0, 1229.0, -41.0, 359.0, 107.0, -413.0, 2901.0, -1101.0, 2227.0], [195.0, -1033.0, -257.0, -921.0, 121.0, 933.0, -999901.0, 691.0, -207.0, -1.0, -1203.0, -1625.0, -1555.0, 1105.0, 1017.0, -1415.0, 433.0, 2605.0, 3.0, 903.0, -21.0, 2343.0, 1559.0, -601.0, 669.0, -1771.0, -125.0, 331.0, -1005.0, -73.0, -1105.0, 801.0, -567.0, 1483.0, 1809.0, 225.0, -147.0, -181.0, -697.0, -3.0, 201.0, 435.0, -177.0, 57.0, -811.0, 1585.0, -2323.0, -161.0, 1685.0, 409.0], [375.0, 275.0, -17.0, 747.0, 621.0, -1583.0, 691.0, -999901.0, -867.0, 899.0, 353.0, -113.0, 245.0, 125.0, -327.0, 217.0, -695.0, 1493.0, -201.0, 35.0, -57.0, 991.0, -501.0, 27.0, -1227.0, -543.0, -1057.0, -565.0, -1601.0, 1219.0, -1625.0, 325.0, 409.0, -501.0, -155.0, -367.0, -1019.0, -741.0, 755.0, -1143.0, -279.0, -1505.0, -633.0, -303.0, 549.0, 1037.0, -707.0, -65.0, -139.0, -143.0], [-759.0, -567.0, -163.0, -447.0, -2113.0, -1081.0, -207.0, -867.0, -999901.0, 157.0, 815.0, 1089.0, 927.0, 315.0, -793.0, -1817.0, 1563.0, -417.0, -63.0, -183.0, -343.0, -879.0, 1197.0, 969.0, 807.0, -1037.0, 97.0, -575.0, -715.0, 261.0, 317.0, -37.0, 23.0, 101.0, 127.0, 963.0, 951.0, -631.0, 1237.0, -993.0, -1501.0, -923.0, -675.0, 1043.0, 699.0, -2037.0, -1333.0, -1527.0, -977.0, 1519.0], [-673.0, 651.0, 1131.0, -13.0, 1117.0, 657.0, -1.0, 899.0, 157.0, -999901.0, -1775.0, -1257.0, 1005.0, 645.0, -815.0, -895.0, 969.0, 1169.0, 159.0, -673.0, 1143.0, 467.0, 71.0, -85.0, 2101.0, -583.0, 1087.0, -357.0, 659.0, 335.0, 623.0, 325.0, -367.0, 55.0, 337.0, -1367.0, 405.0, -1145.0, 255.0, -987.0, 729.0, 1607.0, 1395.0, 237.0, 1397.0, 1033.0, 453.0, -689.0, 945.0, -1367.0], [-1847.0, 445.0, 1401.0, 289.0, -1541.0, 1203.0, -1203.0, 353.0, 815.0, -1775.0, -999901.0, -847.0, -269.0, 43.0, -825.0, -845.0, 1331.0, -1025.0, 717.0, 225.0, -551.0, 685.0, -2035.0, 429.0, 1291.0, -13.0, -935.0, -791.0, 317.0, -643.0, -371.0, -1513.0, -405.0, 597.0, -2129.0, 823.0, -1289.0, 1045.0, -1951.0, 343.0, 255.0, 1.0, -863.0, -13.0, -729.0, -521.0, -525.0, 497.0, -877.0, 1623.0], [-661.0, 1487.0, -93.0, 643.0, -547.0, -927.0, -1625.0, -113.0, 1089.0, -1257.0, -847.0, -999901.0, -203.0, -899.0, -1639.0, 593.0, -203.0, 133.0, 947.0, 1187.0, 203.0, 2015.0, -2505.0, -1529.0, 1681.0, -1059.0, -1857.0, 1455.0, -137.0, -577.0, -301.0, -847.0, -971.0, 563.0, -159.0, 497.0, 1341.0, -1033.0, -465.0, 245.0, 337.0, 443.0, 951.0, 1013.0, 685.0, -479.0, -43.0, 1471.0, 357.0, -2531.0], [-135.0, -1151.0, -131.0, -1019.0, -669.0, 339.0, -1555.0, 245.0, 927.0, 1005.0, -269.0, -203.0, -999901.0, 1391.0, -577.0, -1501.0, 591.0, -185.0, 1493.0, 157.0, 817.0, 189.0, 477.0, 713.0, 1331.0, -581.0, 509.0, 1573.0, -723.0, -403.0, -335.0, -1557.0, -1569.0, -7.0, 295.0, -881.0, -1397.0, 1341.0, 1057.0, 131.0, -1229.0, -35.0, -831.0, 135.0, -589.0, 551.0, 903.0, 837.0, 819.0, -365.0], [-1887.0, -771.0, 873.0, 1357.0, -1065.0, -1809.0, 1105.0, 125.0, 315.0, 645.0, 43.0, -899.0, 1391.0, -999901.0, 895.0, -677.0, -113.0, -745.0, 2237.0, 73.0, 777.0, 1157.0, -179.0, -1971.0, 807.0, 63.0, -727.0, 677.0, 769.0, 1665.0, -119.0, -553.0, 531.0, -79.0, -625.0, -1609.0, 1099.0, 1425.0, 245.0, 719.0, 727.0, 305.0, 1233.0, -13.0, -681.0, -1317.0, -429.0, 2393.0, -53.0, 499.0], [1957.0, 633.0, -1035.0, -31.0, -385.0, 1647.0, 1017.0, -327.0, -793.0, -815.0, -825.0, -1639.0, -577.0, 895.0, -999901.0, 1191.0, -225.0, 451.0, 1009.0, -2091.0, -163.0, 333.0, 653.0, -1623.0, -789.0, 587.0, -63.0, -295.0, 689.0, -1431.0, -135.0, -721.0, -33.0, -783.0, -1557.0, 871.0, -681.0, -1151.0, -1479.0, 2771.0, -61.0, -639.0, -359.0, 2363.0, 147.0, 1431.0, -421.0, -1099.0, -833.0, -741.0], [1081.0, 1233.0, -1883.0, -711.0, 847.0, -1473.0, -1415.0, 217.0, -1817.0, -895.0, -845.0, 593.0, -1501.0, -677.0, 1191.0, -999901.0, -369.0, 1135.0, 297.0, -1155.0, -1347.0, 617.0, 617.0, 213.0, -1045.0, 595.0, -91.0, -235.0, 161.0, -943.0, 117.0, 2331.0, 395.0, -111.0, 715.0, 331.0, -109.0, -1327.0, 65.0, 555.0, 1279.0, 709.0, 505.0, 379.0, 1131.0, -257.0, 1031.0, 265.0, -257.0, -173.0], [1809.0, -811.0, 437.0, -1015.0, 1723.0, -365.0, 433.0, -695.0, 1563.0, 969.0, 1331.0, -203.0, 591.0, -113.0, -225.0, -369.0, -999901.0, -241.0, 1165.0, 929.0, -411.0, 1413.0, -1095.0, -1283.0, 79.0, 451.0, -1523.0, -1487.0, 793.0, 453.0, -655.0, 787.0, 707.0, -219.0, -593.0, -597.0, 407.0, 609.0, -1875.0, -425.0, -581.0, -511.0, -1119.0, -37.0, -181.0, -1609.0, 83.0, -727.0, 1267.0, -2709.0], [-267.0, 453.0, 369.0, 613.0, -1089.0, -1701.0, 2605.0, 1493.0, -417.0, 1169.0, -1025.0, 133.0, -185.0, -745.0, 451.0, 1135.0, -241.0, -999901.0, 45.0, 2173.0, 885.0, -1091.0, -799.0, 1481.0, 1919.0, -1.0, 285.0, 1037.0, -179.0, 453.0, 1077.0, 91.0, 1863.0, 1333.0, -69.0, 2207.0, 2331.0, -123.0, -355.0, -2441.0, -497.0, -299.0, 1257.0, -1329.0, 247.0, -645.0, 223.0, 349.0, 1047.0, 827.0], [447.0, 467.0, -1053.0, 3539.0, 1457.0, -1095.0, 3.0, -201.0, -63.0, 159.0, 717.0, 947.0, 1493.0, 2237.0, 1009.0, 297.0, 1165.0, 45.0, -999901.0, 15.0, 1235.0, -9.0, 103.0, -9.0, -351.0, -119.0, -1397.0, -1445.0, 359.0, -629.0, 1063.0, -1547.0, -1843.0, 863.0, 1829.0, -863.0, 89.0, 123.0, -325.0, 1161.0, -771.0, -1673.0, 223.0, 497.0, 629.0, -339.0, -471.0, -485.0, 181.0, -1427.0], [27.0, -2849.0, 1355.0, -865.0, 105.0, 205.0, 903.0, 35.0, -183.0, -673.0, 225.0, 1187.0, 157.0, 73.0, -2091.0, -1155.0, 929.0, 2173.0, 15.0, -999901.0, 71.0, -905.0, -1713.0, -161.0, 533.0, 2281.0, -1273.0, -2697.0, -421.0, -217.0, 259.0, 1385.0, -1571.0, 1883.0, -1971.0, -631.0, -227.0, -1317.0, 1419.0, 321.0, 609.0, -1365.0, -1397.0, 709.0, 1061.0, -747.0, 2137.0, -1197.0, 177.0, 265.0], [271.0, 383.0, -1993.0, 943.0, -575.0, -459.0, -21.0, -57.0, -343.0, 1143.0, -551.0, 203.0, 817.0, 777.0, -163.0, -1347.0, -411.0, 885.0, 1235.0, 71.0, -999901.0, 699.0, -369.0, -41.0, 649.0, 1733.0, 1055.0, 799.0, -229.0, -1261.0, 599.0, 181.0, 161.0, -493.0, 545.0, 797.0, -1427.0, -257.0, 651.0, -643.0, -431.0, -473.0, 463.0, 1605.0, 133.0, 913.0, -47.0, 203.0, -419.0, -1375.0], [87.0, 1291.0, 227.0, -1629.0, -1943.0, 893.0, 2343.0, 991.0, -879.0, 467.0, 685.0, 2015.0, 189.0, 1157.0, 333.0, 617.0, 1413.0, -1091.0, -9.0, -905.0, 699.0, -999901.0, 523.0, 895.0, 1829.0, -991.0, -1033.0, -485.0, -973.0, 1451.0, -377.0, -419.0, -559.0, -689.0, -1247.0, -1055.0, 1757.0, -269.0, 219.0, -867.0, 1077.0, 511.0, 479.0, 297.0, 1669.0, 405.0, 821.0, -2037.0, 449.0, 921.0], [-105.0, 727.0, 251.0, 499.0, -1371.0, 289.0, 1559.0, -501.0, 1197.0, 71.0, -2035.0, -2505.0, 477.0, -179.0, 653.0, 617.0, -1095.0, -799.0, 103.0, -1713.0, -369.0, 523.0, -999901.0, -249.0, 445.0, 465.0, 1063.0, 175.0, 407.0, -829.0, 739.0, -1323.0, -1675.0, -1197.0, 793.0, -603.0, -1787.0, -961.0, 247.0, 1169.0, 81.0, -697.0, -929.0, -1795.0, -1691.0, 617.0, -1315.0, 411.0, -879.0, -1443.0], [567.0, 871.0, -1665.0, 543.0, -1087.0, 1753.0, -601.0, 27.0, 969.0, -85.0, 429.0, -1529.0, 713.0, -1971.0, -1623.0, 213.0, -1283.0, 1481.0, -9.0, -161.0, -41.0, 895.0, -249.0, -999901.0, -359.0, 5.0, 855.0, 1651.0, -1409.0, -653.0, 531.0, -31.0, -75.0, -177.0, 813.0, -915.0, -367.0, 471.0, 631.0, -559.0, 209.0, -1361.0, -365.0, -1887.0, -1443.0, -1415.0, -1295.0, -445.0, -1447.0, 49.0], [-1027.0, 121.0, 629.0, -275.0, 1247.0, -265.0, 669.0, -1227.0, 807.0, 2101.0, 1291.0, 1681.0, 1331.0, 807.0, -789.0, -1045.0, 79.0, 1919.0, -351.0, 533.0, 649.0, 1829.0, 445.0, -359.0, -999901.0, -853.0, 521.0, -627.0, 1005.0, -1591.0, 913.0, -93.0, -81.0, -335.0, 507.0, 159.0, -121.0, 185.0, -375.0, -533.0, 1359.0, -391.0, -71.0, -253.0, 1223.0, 155.0, -381.0, -1675.0, -1793.0, 1191.0], [-1351.0, -487.0, 541.0, 1613.0, -1189.0, -1133.0, -1771.0, -543.0, -1037.0, -583.0, -13.0, -1059.0, -581.0, 63.0, 587.0, 595.0, 451.0, -1.0, -119.0, 2281.0, 1733.0, -991.0, 465.0, 5.0, -853.0, -999901.0, -1159.0, 961.0, 601.0, 249.0, 197.0, 883.0, 1815.0, -567.0, -1501.0, 1031.0, 991.0, 829.0, -1307.0, 515.0, 1551.0, 333.0, -227.0, 591.0, 975.0, 1035.0, -169.0, 157.0, 287.0, -85.0], [-65.0, 135.0, -1713.0, -257.0, -127.0, -479.0, -125.0, -1057.0, 97.0, 1087.0, -935.0, -1857.0, 509.0, -727.0, -63.0, -91.0, -1523.0, 285.0, -1397.0, -1273.0, 1055.0, -1033.0, 1063.0, 855.0, 521.0, -1159.0, -999901.0, 1863.0, -513.0, 135.0, -1513.0, -591.0, -283.0, 1067.0, 241.0, 2349.0, -315.0, -1821.0, -1045.0, 1025.0, -715.0, -1117.0, -561.0, -707.0, 73.0, -207.0, 737.0, 443.0, 1389.0, 109.0], [-2225.0, 367.0, 1807.0, 943.0, 1209.0, -1043.0, 331.0, -565.0, -575.0, -357.0, -791.0, 1455.0, 1573.0, 677.0, -295.0, -235.0, -1487.0, 1037.0, -1445.0, -2697.0, 799.0, -485.0, 175.0, 1651.0, -627.0, 961.0, 1863.0, -999901.0, -1005.0, -981.0, 167.0, -527.0, 377.0, -1353.0, -2275.0, -1535.0, 89.0, 1379.0, 851.0, -1003.0, 525.0, -385.0, -37.0, 97.0, 857.0, -1203.0, -223.0, 399.0, 149.0, -875.0], [-697.0, -545.0, -57.0, -1761.0, -443.0, 445.0, -1005.0, -1601.0, -715.0, 659.0, 317.0, -137.0, -723.0, 769.0, 689.0, 161.0, 793.0, -179.0, 359.0, -421.0, -229.0, -973.0, 407.0, -1409.0, 1005.0, 601.0, -513.0, -1005.0, -999901.0, -1153.0, -493.0, 1073.0, 2293.0, -1085.0, 1005.0, 581.0, -23.0, 1279.0, -1077.0, 1041.0, -1123.0, -205.0, -1993.0, -363.0, 2033.0, 937.0, -51.0, 1979.0, -1251.0, -1151.0], [-765.0, -841.0, -1457.0, 971.0, -1247.0, -831.0, -73.0, 1219.0, 261.0, 335.0, -643.0, -577.0, -403.0, 1665.0, -1431.0, -943.0, 453.0, 453.0, -629.0, -217.0, -1261.0, 1451.0, -829.0, -653.0, -1591.0, 249.0, 135.0, -981.0, -1153.0, -999901.0, 355.0, -411.0, -723.0, 111.0, 617.0, 973.0, 2717.0, 1131.0, -1073.0, 533.0, -695.0, 627.0, -985.0, 821.0, 253.0, -1543.0, -311.0, 1575.0, -215.0, -1243.0], [1003.0, 607.0, -441.0, -665.0, -383.0, 1377.0, -1105.0, -1625.0, 317.0, 623.0, -371.0, -301.0, -335.0, -119.0, -135.0, 117.0, -655.0, 1077.0, 1063.0, 259.0, 599.0, -377.0, 739.0, 531.0, 913.0, 197.0, -1513.0, 167.0, -493.0, 355.0, -999901.0, 1553.0, -499.0, 779.0, 1249.0, 161.0, -1831.0, -565.0, 1079.0, 797.0, -1003.0, 547.0, -1465.0, 1441.0, -531.0, 717.0, 397.0, -1449.0, -851.0, -375.0], [-291.0, 1989.0, 953.0, -699.0, 1319.0, 995.0, 801.0, 325.0, -37.0, 325.0, -1513.0, -847.0, -1557.0, -553.0, -721.0, 2331.0, 787.0, 91.0, -1547.0, 1385.0, 181.0, -419.0, -1323.0, -31.0, -93.0, 883.0, -591.0, -527.0, 1073.0, -411.0, 1553.0, -999901.0, -873.0, 1753.0, 451.0, 699.0, -257.0, -1143.0, -1287.0, 63.0, -225.0, -583.0, 1385.0, 2587.0, -193.0, -557.0, -113.0, -307.0, 171.0, 335.0], [357.0, 949.0, -263.0, -495.0, 611.0, -985.0, -567.0, 409.0, 23.0, -367.0, -405.0, -971.0, -1569.0, 531.0, -33.0, 395.0, 707.0, 1863.0, -1843.0, -1571.0, 161.0, -559.0, -1675.0, -75.0, -81.0, 1815.0, -283.0, 377.0, 2293.0, -723.0, -499.0, -873.0, -999901.0, 129.0, 2195.0, -1693.0, -1037.0, 1981.0, -2043.0, 2187.0, 1155.0, 441.0, 1469.0, -741.0, -433.0, -757.0, -921.0, -239.0, -197.0, -501.0], [131.0, 79.0, -125.0, -1121.0, 33.0, 1185.0, 1483.0, -501.0, 101.0, 55.0, 597.0, 563.0, -7.0, -79.0, -783.0, -111.0, -219.0, 1333.0, 863.0, 1883.0, -493.0, -689.0, -1197.0, -177.0, -335.0, -567.0, 1067.0, -1353.0, -1085.0, 111.0, 779.0, 1753.0, 129.0, -999901.0, 1933.0, 1569.0, -1055.0, -909.0, 699.0, -1495.0, -251.0, 1695.0, -449.0, 941.0, 513.0, -439.0, 193.0, 811.0, -727.0, 861.0], [-2471.0, -2239.0, 233.0, 317.0, -329.0, -553.0, 1809.0, -155.0, 127.0, 337.0, -2129.0, -159.0, 295.0, -625.0, -1557.0, 715.0, -593.0, -69.0, 1829.0, -1971.0, 545.0, -1247.0, 793.0, 813.0, 507.0, -1501.0, 241.0, -2275.0, 1005.0, 617.0, 1249.0, 451.0, 2195.0, 1933.0, -999901.0, -273.0, -501.0, -611.0, -107.0, 843.0, 195.0, -2075.0, -807.0, 1075.0, 999.0, 819.0, 683.0, -271.0, 359.0, 623.0], [-59.0, -1551.0, -599.0, -139.0, 635.0, -1517.0, 225.0, -367.0, 963.0, -1367.0, 823.0, 497.0, -881.0, -1609.0, 871.0, 331.0, -597.0, 2207.0, -863.0, -631.0, 797.0, -1055.0, -603.0, -915.0, 159.0, 1031.0, 2349.0, -1535.0, 581.0, 973.0, 161.0, 699.0, -1693.0, 1569.0, -273.0, -999901.0, -1037.0, 161.0, 185.0, -657.0, 91.0, -1375.0, 781.0, 775.0, -521.0, -565.0, -993.0, -1655.0, -453.0, 619.0], [-923.0, 33.0, -1075.0, 281.0, 375.0, -509.0, -147.0, -1019.0, 951.0, 405.0, -1289.0, 1341.0, -1397.0, 1099.0, -681.0, -109.0, 407.0, 2331.0, 89.0, -227.0, -1427.0, 1757.0, -1787.0, -367.0, -121.0, 991.0, -315.0, 89.0, -23.0, 2717.0, -1831.0, -257.0, -1037.0, -1055.0, -501.0, -1037.0, -999901.0, -527.0, -135.0, 943.0, -909.0, 49.0, 1417.0, 91.0, 935.0, 1399.0, -317.0, -2011.0, -721.0, 803.0], [-1473.0, -625.0, 779.0, -1321.0, -635.0, -1227.0, -181.0, -741.0, -631.0, -1145.0, 1045.0, -1033.0, 1341.0, 1425.0, -1151.0, -1327.0, 609.0, -123.0, 123.0, -1317.0, -257.0, -269.0, -961.0, 471.0, 185.0, 829.0, -1821.0, 1379.0, 1279.0, 1131.0, -565.0, -1143.0, 1981.0, -909.0, -611.0, 161.0, -527.0, -999901.0, 1555.0, -763.0, 1705.0, -117.0, 519.0, 1053.0, -107.0, -975.0, -687.0, -93.0, 745.0, 665.0], [1243.0, -1309.0, 1411.0, 299.0, 377.0, -1527.0, -697.0, 755.0, 1237.0, 255.0, -1951.0, -465.0, 1057.0, 245.0, -1479.0, 65.0, -1875.0, -355.0, -325.0, 1419.0, 651.0, 219.0, 247.0, 631.0, -375.0, -1307.0, -1045.0, 851.0, -1077.0, -1073.0, 1079.0, -1287.0, -2043.0, 699.0, -107.0, 185.0, -135.0, 1555.0, -999901.0, -1223.0, -159.0, 1039.0, -2373.0, -1299.0, 665.0, -639.0, 297.0, -253.0, 589.0, -991.0], [-2975.0, -423.0, 1613.0, 449.0, 3.0, 191.0, -3.0, -1143.0, -993.0, -987.0, 343.0, 245.0, 131.0, 719.0, 2771.0, 555.0, -425.0, -2441.0, 1161.0, 321.0, -643.0, -867.0, 1169.0, -559.0, -533.0, 515.0, 1025.0, -1003.0, 1041.0, 533.0, 797.0, 63.0, 2187.0, -1495.0, 843.0, -657.0, 943.0, -763.0, -1223.0, -999901.0, 1071.0, -667.0, -167.0, -1705.0, -201.0, -765.0, -469.0, 193.0, 1187.0, 1127.0], [317.0, -1415.0, 1001.0, 1129.0, -721.0, 935.0, 201.0, -279.0, -1501.0, 729.0, 255.0, 337.0, -1229.0, 727.0, -61.0, 1279.0, -581.0, -497.0, -771.0, 609.0, -431.0, 1077.0, 81.0, 209.0, 1359.0, 1551.0, -715.0, 525.0, -1123.0, -695.0, -1003.0, -225.0, 1155.0, -251.0, 195.0, 91.0, -909.0, 1705.0, -159.0, 1071.0, -999901.0, -83.0, -71.0, 1143.0, 1199.0, 1187.0, -117.0, 477.0, 95.0, 259.0], [999.0, 1823.0, -925.0, 91.0, 205.0, 105.0, 435.0, -1505.0, -923.0, 1607.0, 1.0, 443.0, -35.0, 305.0, -639.0, 709.0, -511.0, -299.0, -1673.0, -1365.0, -473.0, 511.0, -697.0, -1361.0, -391.0, 333.0, -1117.0, -385.0, -205.0, 627.0, 547.0, -583.0, 441.0, 1695.0, -2075.0, -1375.0, 49.0, -117.0, 1039.0, -667.0, -83.0, -999901.0, 59.0, -315.0, -1119.0, -591.0, 69.0, -2081.0, 781.0, -431.0], [1407.0, 547.0, 1639.0, -449.0, -719.0, 1229.0, -177.0, -633.0, -675.0, 1395.0, -863.0, 951.0, -831.0, 1233.0, -359.0, 505.0, -1119.0, 1257.0, 223.0, -1397.0, 463.0, 479.0, -929.0, -365.0, -71.0, -227.0, -561.0, -37.0, -1993.0, -985.0, -1465.0, 1385.0, 1469.0, -449.0, -807.0, 781.0, 1417.0, 519.0, -2373.0, -167.0, -71.0, 59.0, -999901.0, -1151.0, -275.0, -363.0, 753.0, -1021.0, 449.0, -1935.0], [749.0, -499.0, 605.0, -1003.0, 163.0, -41.0, 57.0, -303.0, 1043.0, 237.0, -13.0, 1013.0, 135.0, -13.0, 2363.0, 379.0, -37.0, -1329.0, 497.0, 709.0, 1605.0, 297.0, -1795.0, -1887.0, -253.0, 591.0, -707.0, 97.0, -363.0, 821.0, 1441.0, 2587.0, -741.0, 941.0, 1075.0, 775.0, 91.0, 1053.0, -1299.0, -1705.0, 1143.0, -315.0, -1151.0, -999901.0, 283.0, 887.0, -561.0, -495.0, -689.0, 1135.0], [1085.0, 505.0, 1525.0, 505.0, -877.0, 359.0, -811.0, 549.0, 699.0, 1397.0, -729.0, 685.0, -589.0, -681.0, 147.0, 1131.0, -181.0, 247.0, 629.0, 1061.0, 133.0, 1669.0, -1691.0, -1443.0, 1223.0, 975.0, 73.0, 857.0, 2033.0, 253.0, -531.0, -193.0, -433.0, 513.0, 999.0, -521.0, 935.0, -107.0, 665.0, -201.0, 1199.0, -1119.0, -275.0, 283.0, -999901.0, -1241.0, 39.0, 113.0, -713.0, -877.0], [397.0, 1929.0, 1093.0, -359.0, 359.0, 107.0, 1585.0, 1037.0, -2037.0, 1033.0, -521.0, -479.0, 551.0, -1317.0, 1431.0, -257.0, -1609.0, -645.0, -339.0, -747.0, 913.0, 405.0, 617.0, -1415.0, 155.0, 1035.0, -207.0, -1203.0, 937.0, -1543.0, 717.0, -557.0, -757.0, -439.0, 819.0, -565.0, 1399.0, -975.0, -639.0, -765.0, 1187.0, -591.0, -363.0, 887.0, -1241.0, -999901.0, 911.0, -67.0, -461.0, 1507.0], [-203.0, 461.0, -115.0, -59.0, -137.0, -413.0, -2323.0, -707.0, -1333.0, 453.0, -525.0, -43.0, 903.0, -429.0, -421.0, 1031.0, 83.0, 223.0, -471.0, 2137.0, -47.0, 821.0, -1315.0, -1295.0, -381.0, -169.0, 737.0, -223.0, -51.0, -311.0, 397.0, -113.0, -921.0, 193.0, 683.0, -993.0, -317.0, -687.0, 297.0, -469.0, -117.0, 69.0, 753.0, -561.0, 39.0, 911.0, -999901.0, -871.0, -169.0, 1379.0], [-889.0, -421.0, 899.0, 1071.0, 381.0, 2901.0, -161.0, -65.0, -1527.0, -689.0, 497.0, 1471.0, 837.0, 2393.0, -1099.0, 265.0, -727.0, 349.0, -485.0, -1197.0, 203.0, -2037.0, 411.0, -445.0, -1675.0, 157.0, 443.0, 399.0, 1979.0, 1575.0, -1449.0, -307.0, -239.0, 811.0, -271.0, -1655.0, -2011.0, -93.0, -253.0, 193.0, 477.0, -2081.0, -1021.0, -495.0, 113.0, -67.0, -871.0, -999901.0, 481.0, -451.0], [81.0, -687.0, 1721.0, -111.0, -453.0, -1101.0, 1685.0, -139.0, -977.0, 945.0, -877.0, 357.0, 819.0, -53.0, -833.0, -257.0, 1267.0, 1047.0, 181.0, 177.0, -419.0, 449.0, -879.0, -1447.0, -1793.0, 287.0, 1389.0, 149.0, -1251.0, -215.0, -851.0, 171.0, -197.0, -727.0, 359.0, -453.0, -721.0, 745.0, 589.0, 1187.0, 95.0, 781.0, 449.0, -689.0, -713.0, -461.0, -169.0, 481.0, -999901.0, 911.0], [-1135.0, -1463.0, 297.0, -231.0, 603.0, 2227.0, 409.0, -143.0, 1519.0, -1367.0, 1623.0, -2531.0, -365.0, 499.0, -741.0, -173.0, -2709.0, 827.0, -1427.0, 265.0, -1375.0, 921.0, -1443.0, 49.0, 1191.0, -85.0, 109.0, -875.0, -1151.0, -1243.0, -375.0, 335.0, -501.0, 861.0, 623.0, 619.0, 803.0, 665.0, -991.0, 1127.0, 259.0, -431.0, -1935.0, 1135.0, -877.0, 1507.0, 1379.0, -451.0, 911.0, -999901.0]]}