{"connections": [[-9998899.0, -1017.0, -3729.0, 6357.0, 2299.0, 1681.0, 4595.0, -5201.0, -2539.0, -1813.0, 717.0, 103.0, -1471.0, -535.0, 2377.0, -369.0, 6017.0, 9497.0, -2673.0, -2487.0, 203.0, 3911.0, 987.0, 171.0, 261.0, -433.0, 1487.0, 3177.0, -3657.0, -8137.0, -659.0, 1607.0, 2657.0, 2401.0, 3495.0, -1183.0, 2035.0, 2877.0, -4793.0, 441.0, -2253.0, -3513.0, -1785.0, 3709.0, 189.0, 3229.0, 5515.0, 1139.0, -3529.0, -4699.0], [-1017.0, -9998899.0, 2933.0, 3491.0, 929.0, 6483.0, -1751.0, -2071.0, -8189.0, 4137.0, -657.0, -1303.0, 1043.0, 3791.0, -4629.0, 4433.0, -593.0, 3775.0, -315.0, -2393.0, 5413.0, 3453.0, 2641.0, -295.0, -105.0, 1317.0, -519.0, 2595.0, -79.0, 2793.0, 1043.0, 6237.0, -3325.0, 2203.0, 873.0, -1973.0, -4519.0, 3455.0, 1061.0, -4433.0, -911.0, 1229.0, -2383.0, -333.0, -173.0, -393.0, 137.0, -3959.0, 657.0, -4389.0], [-3729.0, 2933.0, -9998899.0, 2639.0, 1409.0, 2271.0, -75.0, 2325.0, 5151.0, 2345.0, -589.0, -3087.0, -5285.0, 2927.0, 4215.0, -8159.0, 303.0, -7333.0, -4515.0, -5573.0, -367.0, -1199.0, 4457.0, -3555.0, -3153.0, 1989.0, -1063.0, -3061.0, 321.0, -4343.0, -2669.0, 3981.0, -1805.0, 1451.0, 1281.0, -933.0, -1675.0, -5781.0, -1711.0, 1243.0, -7683.0, -3675.0, 1873.0, -1109.0, 6523.0, -5.0, -3235.0, -3539.0, 3005.0, 3451.0], [6357.0, 3491.0, 2639.0, -9998899.0, -2469.0, 1101.0, -585.0, 939.0, 2441.0, -1549.0, 2029.0, 59.0, 737.0, 349.0, 2249.0, 1691.0, -1227.0, 3289.0, -3501.0, 7345.0, 2315.0, 1087.0, 2847.0, -717.0, 2305.0, -3881.0, -4485.0, 3969.0, -13.0, 455.0, 1149.0, 4323.0, -2671.0, 3333.0, 1119.0, 2953.0, -3233.0, 417.0, -273.0, 805.0, 1859.0, 859.0, -981.0, -463.0, 37.0, -3379.0, 2103.0, -1441.0, -2985.0, 2333.0], [2299.0, 929.0, 1409.0, -2469.0, -9998899.0, 1847.0, 1361.0, -1463.0, -1241.0, -3731.0, -3277.0, 3469.0, 1207.0, -3649.0, -4861.0, -3243.0, -2989.0, 3815.0, -267.0, -1197.0, -635.0, 601.0, -887.0, 1709.0, -833.0, -2163.0, -479.0, 3115.0, 805.0, 2525.0, -5541.0, -1203.0, -269.0, 4287.0, 5185.0, -465.0, 2397.0, 7255.0, 2037.0, -1661.0, 4925.0, -1203.0, -3419.0, 6395.0, 2935.0, 4751.0, 6057.0, -767.0, 2485.0, 1275.0], [1681.0, 6483.0, 2271.0, 1101.0, 1847.0, -9998899.0, 1335.0, -3945.0, -2167.0, 4367.0, -2547.0, -1593.0, 877.0, 1161.0, -3891.0, -349.0, -3911.0, -3955.0, -2393.0, -5891.0, -4701.0, 2099.0, -49.0, 1335.0, 5165.0, -249.0, -2821.0, 1569.0, 2103.0, -2261.0, -2003.0, 2231.0, 1953.0, -3343.0, -337.0, -1995.0, 5711.0, -2843.0, 2151.0, -1807.0, -2665.0, 371.0, 3247.0, 981.0, 489.0, 825.0, 371.0, 7143.0, 227.0, 3377.0], [4595.0, -1751.0, -75.0, -585.0, 1361.0, 1335.0, -9998899.0, 4189.0, -33.0, 2501.0, 1715.0, -3287.0, 47.0, -1973.0, 139.0, -2455.0, 139.0, -717.0, 1253.0, 335.0, 2329.0, 2809.0, 301.0, -131.0, -173.0, 2521.0, -1551.0, -2397.0, 2353.0, 3557.0, -3529.0, 1349.0, -2169.0, -2213.0, 5761.0, 171.0, 6069.0, -2657.0, -667.0, -861.0, -371.0, 1321.0, 2429.0, 4047.0, 839.0, -1821.0, 449.0, 2033.0, 793.0, -605.0], [-5201.0, -2071.0, 2325.0, 939.0, -1463.0, -3945.0, 4189.0, -9998899.0, 1179.0, 3213.0, 123.0, -5179.0, 6315.0, -725.0, -4077.0, -667.0, -2957.0, 7275.0, 3117.0, 2719.0, 2549.0, 273.0, -2163.0, 2361.0, 4643.0, -343.0, -4887.0, -2933.0, -1251.0, -3843.0, -5397.0, -699.0, -3257.0, 4431.0, 4013.0, -2809.0, -363.0, -2973.0, 1297.0, 3575.0, 2913.0, -3067.0, -2395.0, 3799.0, -5309.0, 1735.0, 1429.0, 4625.0, 2321.0, -3257.0], [-2539.0, -8189.0, 5151.0, 2441.0, -1241.0, -2167.0, -33.0, 1179.0, -9998899.0, -909.0, 309.0, -1421.0, -3855.0, 3473.0, 6397.0, -5329.0, 377.0, 1953.0, 4919.0, -5931.0, -813.0, -585.0, -4389.0, -3241.0, 3737.0, -569.0, 4563.0, -4539.0, 2103.0, 503.0, 4013.0, 2775.0, 593.0, -4167.0, 1571.0, 1929.0, 5723.0, -1683.0, -1037.0, 3197.0, 2407.0, 3471.0, 583.0, -887.0, -91.0, -1095.0, -2993.0, 3263.0, 1467.0, -1211.0], [-1813.0, 4137.0, 2345.0, -1549.0, -3731.0, 4367.0, 2501.0, 3213.0, -909.0, -9998899.0, 1583.0, -4151.0, 75.0, 751.0, 423.0, -5199.0, -69.0, 3651.0, 7797.0, 3723.0, -811.0, 4261.0, 2425.0, -887.0, -2313.0, 2849.0, 81.0, 5159.0, -143.0, 1577.0, -3281.0, -815.0, 6851.0, 1991.0, -343.0, -301.0, -1963.0, -1633.0, 2365.0, -2297.0, -5539.0, -6287.0, 2337.0, 2087.0, -3385.0, -3289.0, 1477.0, 277.0, -2267.0, 203.0], [717.0, -657.0, -589.0, 2029.0, -3277.0, -2547.0, 1715.0, 123.0, 309.0, 1583.0, -9998899.0, -4217.0, -343.0, 3161.0, -3279.0, 1747.0, -1351.0, 1917.0, -4417.0, 273.0, -2041.0, 1439.0, 4523.0, -1445.0, -4055.0, 7747.0, -1353.0, -11.0, 2103.0, -2581.0, 4553.0, -145.0, 853.0, -3499.0, 1187.0, 2621.0, 971.0, -5275.0, 6415.0, 4669.0, 347.0, -4189.0, -5641.0, 1713.0, -1115.0, 1645.0, 2847.0, 3759.0, -4069.0, -927.0], [103.0, -1303.0, -3087.0, 59.0, 3469.0, -1593.0, -3287.0, -5179.0, -1421.0, -4151.0, -4217.0, -9998899.0, 5235.0, -273.0, 3815.0, -2167.0, -1909.0, 3103.0, -1887.0, -201.0, 2397.0, 3581.0, -2379.0, 1453.0, 2351.0, 1305.0, -907.0, 4959.0, 1853.0, 589.0, -1697.0, -7219.0, -4361.0, 111.0, -175.0, -3461.0, -695.0, 395.0, -1547.0, 531.0, 2413.0, 3889.0, -1115.0, 2223.0, -1561.0, 1467.0, -1907.0, -271.0, -1507.0, -945.0], [-1471.0, 1043.0, -5285.0, 737.0, 1207.0, 877.0, 47.0, 6315.0, -3855.0, 75.0, -343.0, 5235.0, -9998899.0, -3719.0, 945.0, 1831.0, 109.0, -4751.0, -3121.0, -1275.0, 2167.0, -1145.0, 383.0, -45.0, 1005.0, -297.0, 1199.0, 3057.0, 1875.0, 2167.0, 545.0, -773.0, 281.0, 2677.0, 2215.0, -4511.0, 2935.0, 1189.0, 1979.0, 1621.0, -7561.0, 711.0, 1407.0, 389.0, -1767.0, 233.0, -5641.0, 4343.0, -757.0, 401.0], [-535.0, 3791.0, 2927.0, 349.0, -3649.0, 1161.0, -1973.0, -725.0, 3473.0, 751.0, 3161.0, -273.0, -3719.0, -9998899.0, -811.0, -257.0, 1993.0, 913.0, -4189.0, 385.0, -3533.0, -3773.0, 3943.0, -2437.0, -2931.0, 883.0, 6203.0, -391.0, -3681.0, 2095.0, -2211.0, 131.0, -1851.0, -3763.0, 2327.0, 213.0, -4805.0, -1251.0, -3485.0, -7.0, -5309.0, -45.0, -1661.0, 949.0, 865.0, -1607.0, -5665.0, 4767.0, 3087.0, -383.0], [2377.0, -4629.0, 4215.0, 2249.0, -4861.0, -3891.0, 139.0, -4077.0, 6397.0, 423.0, -3279.0, 3815.0, 945.0, -811.0, -9998899.0, 4759.0, 1641.0, 2169.0, 5247.0, -2639.0, -349.0, 3427.0, 3603.0, 1615.0, -3031.0, -4589.0, 2643.0, -3547.0, 4955.0, 5283.0, 4877.0, -3289.0, -3059.0, 2805.0, 3051.0, 249.0, 4323.0, 1881.0, -2325.0, 2041.0, -2033.0, 443.0, 1407.0, -211.0, -431.0, -2543.0, -1513.0, 1395.0, 415.0, -1327.0], [-369.0, 4433.0, -8159.0, 1691.0, -3243.0, -349.0, -2455.0, -667.0, -5329.0, -5199.0, 1747.0, -2167.0, 1831.0, -257.0, 4759.0, -9998899.0, 267.0, -913.0, -1507.0, 1895.0, -2827.0, 537.0, 3229.0, -411.0, -957.0, -3063.0, 4321.0, 783.0, 3717.0, 4553.0, 1843.0, -1687.0, 715.0, -1465.0, 6733.0, 1447.0, -3379.0, -2577.0, 3781.0, -997.0, -3983.0, -6499.0, -359.0, -53.0, -3033.0, 3631.0, -3807.0, -2291.0, -7871.0, 115.0], [6017.0, -593.0, 303.0, -1227.0, -2989.0, -3911.0, 139.0, -2957.0, 377.0, -69.0, -1351.0, -1909.0, 109.0, 1993.0, 1641.0, 267.0, -9998899.0, -1207.0, 3971.0, -4459.0, 2275.0, -1685.0, 4223.0, 311.0, 2605.0, -4493.0, 3051.0, 533.0, -217.0, 967.0, -3507.0, -5593.0, -4371.0, -1811.0, 2015.0, -515.0, 3267.0, -1015.0, 2623.0, -6383.0, 5135.0, -705.0, 3963.0, 4069.0, 1753.0, 3009.0, -6001.0, 2631.0, -4697.0, -719.0], [9497.0, 3775.0, -7333.0, 3289.0, 3815.0, -3955.0, -717.0, 7275.0, 1953.0, 3651.0, 1917.0, 3103.0, -4751.0, 913.0, 2169.0, -913.0, -1207.0, -9998899.0, -1529.0, 837.0, -2377.0, 3351.0, 1019.0, -1837.0, 1813.0, 6239.0, 6643.0, 3037.0, -381.0, 6835.0, 1985.0, -2069.0, -1419.0, 2797.0, -3693.0, 2805.0, -7841.0, 585.0, 4191.0, 865.0, -785.0, 831.0, -8529.0, -515.0, -2675.0, -15.0, 5055.0, -2145.0, 3335.0, -4615.0], [-2673.0, -315.0, -4515.0, -3501.0, -267.0, -2393.0, 1253.0, 3117.0, 4919.0, 7797.0, -4417.0, -1887.0, -3121.0, -4189.0, 5247.0, -1507.0, 3971.0, -1529.0, -9998899.0, -2809.0, 1821.0, -1331.0, 1621.0, 1165.0, -1697.0, -775.0, 1489.0, 591.0, 2005.0, -1251.0, -2021.0, -2515.0, 2063.0, -2033.0, 4093.0, -1997.0, -911.0, 495.0, 1637.0, 395.0, 1337.0, -467.0, 1653.0, -1581.0, -3381.0, -969.0, -4619.0, 141.0, -2751.0, -4241.0], [-2487.0, -2393.0, -5573.0, 7345.0, -1197.0, -5891.0, 335.0, 2719.0, -5931.0, 3723.0, 273.0, -201.0, -1275.0, 385.0, -2639.0, 1895.0, -4459.0, 837.0, -2809.0, -9998899.0, -5937.0, 2375.0, 1531.0, 2531.0, 1445.0, 10791.0, 2247.0, -2467.0, 3275.0, -1593.0, 2873.0, -985.0, 357.0, 3789.0, -2809.0, 2493.0, 139.0, -3883.0, -441.0, 2457.0, -4865.0, -4033.0, -2669.0, -1615.0, 6737.0, 1241.0, -1829.0, 6487.0, -4897.0, 1161.0], [203.0, 5413.0, -367.0, 2315.0, -635.0, -4701.0, 2329.0, 2549.0, -813.0, -811.0, -2041.0, 2397.0, 2167.0, -3533.0, -349.0, -2827.0, 2275.0, -2377.0, 1821.0, -5937.0, -9998899.0, -1343.0, -8123.0, 4529.0, 4615.0, 2289.0, 3601.0, -3213.0, 1949.0, -2915.0, -7409.0, 2625.0, 2347.0, 4655.0, 3413.0, 7123.0, -4127.0, 535.0, 1341.0, -781.0, 1701.0, -3371.0, -5431.0, -1413.0, -5713.0, -8169.0, -735.0, -2707.0, -2047.0, -2405.0], [3911.0, 3453.0, -1199.0, 1087.0, 601.0, 2099.0, 2809.0, 273.0, -585.0, 4261.0, 1439.0, 3581.0, -1145.0, -3773.0, 3427.0, 537.0, -1685.0, 3351.0, -1331.0, 2375.0, -1343.0, -9998899.0, 1109.0, 2973.0, -2189.0, 3469.0, 977.0, -421.0, -2395.0, 1109.0, 1571.0, 1213.0, -5737.0, -5997.0, 7201.0, -3449.0, 2641.0, 3803.0, 3417.0, 2279.0, -2319.0, 6309.0, 3277.0, 5303.0, 5503.0, -4509.0, 5245.0, -4423.0, -2167.0, -1081.0], [987.0, 2641.0, 4457.0, 2847.0, -887.0, -49.0, 301.0, -2163.0, -4389.0, 2425.0, 4523.0, -2379.0, 383.0, 3943.0, 3603.0, 3229.0, 4223.0, 1019.0, 1621.0, 1531.0, -8123.0, 1109.0, -9998899.0, -4619.0, -1689.0, 1905.0, -1099.0, 1019.0, 2021.0, 5229.0, 2391.0, 149.0, -3045.0, -3977.0, -5279.0, 363.0, -1027.0, 711.0, 3721.0, -4549.0, 173.0, -4855.0, -1999.0, 4195.0, -3877.0, -2237.0, 673.0, 1365.0, -179.0, 651.0], [171.0, -295.0, -3555.0, -717.0, 1709.0, 1335.0, -131.0, 2361.0, -3241.0, -887.0, -1445.0, 1453.0, -45.0, -2437.0, 1615.0, -411.0, 311.0, -1837.0, 1165.0, 2531.0, 4529.0, 2973.0, -4619.0, -9998899.0, -7089.0, 3249.0, -959.0, -1537.0, 2217.0, 561.0, 3211.0, 7861.0, 151.0, 907.0, 3813.0, -1065.0, -3183.0, -617.0, 1989.0, 1143.0, -959.0, 2389.0, -99.0, -1013.0, -8937.0, 1607.0, 1873.0, -367.0, -2655.0, -2217.0], [261.0, -105.0, -3153.0, 2305.0, -833.0, 5165.0, -173.0, 4643.0, 3737.0, -2313.0, -4055.0, 2351.0, 1005.0, -2931.0, -3031.0, -957.0, 2605.0, 1813.0, -1697.0, 1445.0, 4615.0, -2189.0, -1689.0, -7089.0, -9998899.0, -3581.0, 187.0, -1311.0, 4275.0, -973.0, -9051.0, 603.0, -231.0, -4339.0, -1397.0, -1843.0, -901.0, 1625.0, 1911.0, 5081.0, 5959.0, 2927.0, 5459.0, -3647.0, -5807.0, 1145.0, -2145.0, 1531.0, -5341.0, 441.0], [-433.0, 1317.0, 1989.0, -3881.0, -2163.0, -249.0, 2521.0, -343.0, -569.0, 2849.0, 7747.0, 1305.0, -297.0, 883.0, -4589.0, -3063.0, -4493.0, 6239.0, -775.0, 10791.0, 2289.0, 3469.0, 1905.0, 3249.0, -3581.0, -9998899.0, -3691.0, -5753.0, 2617.0, 4853.0, -4789.0, -3967.0, -5181.0, 687.0, -1999.0, -3597.0, -5039.0, 1823.0, 4917.0, 1183.0, -1711.0, 1445.0, 3837.0, 3011.0, 5731.0, 455.0, 1393.0, -203.0, -139.0, 2667.0], [1487.0, -519.0, -1063.0, -4485.0, -479.0, -2821.0, -1551.0, -4887.0, 4563.0, 81.0, -1353.0, -907.0, 1199.0, 6203.0, 2643.0, 4321.0, 3051.0, 6643.0, 1489.0, 2247.0, 3601.0, 977.0, -1099.0, -959.0, 187.0, -3691.0, -9998899.0, -3097.0, 3541.0, -859.0, -3457.0, -139.0, 1319.0, 1839.0, -523.0, 3567.0, 2673.0, -4765.0, 1741.0, 2755.0, -351.0, 5689.0, 641.0, -577.0, -21.0, 287.0, 633.0, 3385.0, 1893.0, -1429.0], [3177.0, 2595.0, -3061.0, 3969.0, 3115.0, 1569.0, -2397.0, -2933.0, -4539.0, 5159.0, -11.0, 4959.0, 3057.0, -391.0, -3547.0, 783.0, 533.0, 3037.0, 591.0, -2467.0, -3213.0, -421.0, 1019.0, -1537.0, -1311.0, -5753.0, -3097.0, -9998899.0, -1173.0, 2479.0, 4933.0, -421.0, 253.0, 2617.0, -2709.0, 2909.0, 2431.0, -2863.0, 2895.0, 1265.0, -1421.0, -2221.0, -6109.0, -2011.0, -3675.0, 7317.0, -129.0, -621.0, 1619.0, -4671.0], [-3657.0, -79.0, 321.0, -13.0, 805.0, 2103.0, 2353.0, -1251.0, 2103.0, -143.0, 2103.0, 1853.0, 1875.0, -3681.0, 4955.0, 3717.0, -217.0, -381.0, 2005.0, 3275.0, 1949.0, -2395.0, 2021.0, 2217.0, 4275.0, 2617.0, 3541.0, -1173.0, -9998899.0, 2061.0, 5719.0, 1097.0, 5263.0, -5597.0, 2829.0, 6063.0, 6497.0, -389.0, 3401.0, -2293.0, -843.0, 1489.0, 861.0, 575.0, 1683.0, 1123.0, 5205.0, 1929.0, 4325.0, 263.0], [-8137.0, 2793.0, -4343.0, 455.0, 2525.0, -2261.0, 3557.0, -3843.0, 503.0, 1577.0, -2581.0, 589.0, 2167.0, 2095.0, 5283.0, 4553.0, 967.0, 6835.0, -1251.0, -1593.0, -2915.0, 1109.0, 5229.0, 561.0, -973.0, 4853.0, -859.0, 2479.0, 2061.0, -9998899.0, 2787.0, 5997.0, -3433.0, -2453.0, -1603.0, -1673.0, -3347.0, -3897.0, -3131.0, 1059.0, 1109.0, -2919.0, 241.0, 2967.0, 3071.0, -2109.0, -4275.0, 2573.0, 2265.0, 2219.0], [-659.0, 1043.0, -2669.0, 1149.0, -5541.0, -2003.0, -3529.0, -5397.0, 4013.0, -3281.0, 4553.0, -1697.0, 545.0, -2211.0, 4877.0, 1843.0, -3507.0, 1985.0, -2021.0, 2873.0, -7409.0, 1571.0, 2391.0, 3211.0, -9051.0, -4789.0, -3457.0, 4933.0, 5719.0, 2787.0, -9998899.0, -2097.0, -1895.0, -87.0, 9887.0, -4339.0, 15.0, 2521.0, 603.0, -4983.0, -741.0, 5687.0, -3789.0, -1727.0, 4553.0, 3081.0, 567.0, 7439.0, 1827.0, -2567.0], [1607.0, 6237.0, 3981.0, 4323.0, -1203.0, 2231.0, 1349.0, -699.0, 2775.0, -815.0, -145.0, -7219.0, -773.0, 131.0, -3289.0, -1687.0, -5593.0, -2069.0, -2515.0, -985.0, 2625.0, 1213.0, 149.0, 7861.0, 603.0, -3967.0, -139.0, -421.0, 1097.0, 5997.0, -2097.0, -9998899.0, -4125.0, -1733.0, 3801.0, -1597.0, 169.0, 2879.0, 3225.0, 5647.0, -3675.0, -319.0, 537.0, 375.0, 4691.0, -2773.0, 145.0, -3575.0, 2913.0, 1811.0], [2657.0, -3325.0, -1805.0, -2671.0, -269.0, 1953.0, -2169.0, -3257.0, 593.0, 6851.0, 853.0, -4361.0, 281.0, -1851.0, -3059.0, 715.0, -4371.0, -1419.0, 2063.0, 357.0, 2347.0, -5737.0, -3045.0, 151.0, -231.0, -5181.0, 1319.0, 253.0, 5263.0, -3433.0, -1895.0, -4125.0, -9998899.0, -2419.0, -201.0, -2527.0, 2147.0, -4491.0, -577.0, -1143.0, 2267.0, 1499.0, 1315.0, -2507.0, -2407.0, 1689.0, -901.0, 6123.0, 1747.0, -5155.0], [2401.0, 2203.0, 1451.0, 3333.0, 4287.0, -3343.0, -2213.0, 4431.0, -4167.0, 1991.0, -3499.0, 111.0, 2677.0, -3763.0, 2805.0, -1465.0, -1811.0, 2797.0, -2033.0, 3789.0, 4655.0, -5997.0, -3977.0, 907.0, -4339.0, 687.0, 1839.0, 2617.0, -5597.0, -2453.0, -87.0, -1733.0, -2419.0, -9998899.0, -793.0, -535.0, -201.0, 3069.0, -921.0, 4561.0, 4431.0, -1633.0, 1331.0, 2409.0, -135.0, -2511.0, -4385.0, -1909.0, 1115.0, 285.0], [3495.0, 873.0, 1281.0, 1119.0, 5185.0, -337.0, 5761.0, 4013.0, 1571.0, -343.0, 1187.0, -175.0, 2215.0, 2327.0, 3051.0, 6733.0, 2015.0, -3693.0, 4093.0, -2809.0, 3413.0, 7201.0, -5279.0, 3813.0, -1397.0, -1999.0, -523.0, -2709.0, 2829.0, -1603.0, 9887.0, 3801.0, -201.0, -793.0, -9998899.0, -2281.0, -6503.0, -61.0, -4871.0, 2399.0, -1671.0, 1229.0, 4737.0, -2233.0, 1807.0, 2231.0, -3831.0, 5261.0, 17.0, 4643.0], [-1183.0, -1973.0, -933.0, 2953.0, -465.0, -1995.0, 171.0, -2809.0, 1929.0, -301.0, 2621.0, -3461.0, -4511.0, 213.0, 249.0, 1447.0, -515.0, 2805.0, -1997.0, 2493.0, 7123.0, -3449.0, 363.0, -1065.0, -1843.0, -3597.0, 3567.0, 2909.0, 6063.0, -1673.0, -4339.0, -1597.0, -2527.0, -535.0, -2281.0, -9998899.0, -761.0, -3475.0, -1125.0, 1549.0, -817.0, -2065.0, -129.0, 1133.0, 717.0, 865.0, -1345.0, -113.0, 4483.0, -2731.0], [2035.0, -4519.0, -1675.0, -3233.0, 2397.0, 5711.0, 6069.0, -363.0, 5723.0, -1963.0, 971.0, -695.0, 2935.0, -4805.0, 4323.0, -3379.0, 3267.0, -7841.0, -911.0, 139.0, -4127.0, 2641.0, -1027.0, -3183.0, -901.0, -5039.0, 2673.0, 2431.0, 6497.0, -3347.0, 15.0, 169.0, 2147.0, -201.0, -6503.0, -761.0, -9998899.0, 2707.0, 10297.0, -2669.0, -4303.0, -923.0, 1297.0, 2523.0, -4801.0, -4297.0, -1371.0, -4759.0, -2899.0, 535.0], [2877.0, 3455.0, -5781.0, 417.0, 7255.0, -2843.0, -2657.0, -2973.0, -1683.0, -1633.0, -5275.0, 395.0, 1189.0, -1251.0, 1881.0, -2577.0, -1015.0, 585.0, 495.0, -3883.0, 535.0, 3803.0, 711.0, -617.0, 1625.0, 1823.0, -4765.0, -2863.0, -389.0, -3897.0, 2521.0, 2879.0, -4491.0, 3069.0, -61.0, -3475.0, 2707.0, -9998899.0, -1373.0, 6169.0, -6593.0, -2197.0, 3719.0, -1847.0, 2193.0, 2225.0, -2597.0, -1549.0, 1259.0, -2423.0], [-4793.0, 1061.0, -1711.0, -273.0, 2037.0, 2151.0, -667.0, 1297.0, -1037.0, 2365.0, 6415.0, -1547.0, 1979.0, -3485.0, -2325.0, 3781.0, 2623.0, 4191.0, 1637.0, -441.0, 1341.0, 3417.0, 3721.0, 1989.0, 1911.0, 4917.0, 1741.0, 2895.0, 3401.0, -3131.0, 603.0, 3225.0, -577.0, -921.0, -4871.0, -1125.0, 10297.0, -1373.0, -9998899.0, -181.0, -8707.0, 4997.0, 1897.0, 1487.0, -869.0, 1555.0, 1101.0, -3703.0, -2851.0, -1893.0], [441.0, -4433.0, 1243.0, 805.0, -1661.0, -1807.0, -861.0, 3575.0, 3197.0, -2297.0, 4669.0, 531.0, 1621.0, -7.0, 2041.0, -997.0, -6383.0, 865.0, 395.0, 2457.0, -781.0, 2279.0, -4549.0, 1143.0, 5081.0, 1183.0, 2755.0, 1265.0, -2293.0, 1059.0, -4983.0, 5647.0, -1143.0, 4561.0, 2399.0, 1549.0, -2669.0, 6169.0, -181.0, -9998899.0, -969.0, 2467.0, -301.0, 1401.0, -1523.0, 1593.0, -105.0, -977.0, 7147.0, -503.0], [-2253.0, -911.0, -7683.0, 1859.0, 4925.0, -2665.0, -371.0, 2913.0, 2407.0, -5539.0, 347.0, 2413.0, -7561.0, -5309.0, -2033.0, -3983.0, 5135.0, -785.0, 1337.0, -4865.0, 1701.0, -2319.0, 173.0, -959.0, 5959.0, -1711.0, -351.0, -1421.0, -843.0, 1109.0, -741.0, -3675.0, 2267.0, 4431.0, -1671.0, -817.0, -4303.0, -6593.0, -8707.0, -969.0, -9998899.0, -963.0, -23.0, 2403.0, 2671.0, -945.0, 189.0, -2427.0, -3215.0, 5435.0], [-3513.0, 1229.0, -3675.0, 859.0, -1203.0, 371.0, 1321.0, -3067.0, 3471.0, -6287.0, -4189.0, 3889.0, 711.0, -45.0, 443.0, -6499.0, -705.0, 831.0, -467.0, -4033.0, -3371.0, 6309.0, -4855.0, 2389.0, 2927.0, 1445.0, 5689.0, -2221.0, 1489.0, -2919.0, 5687.0, -319.0, 1499.0, -1633.0, 1229.0, -2065.0, -923.0, -2197.0, 4997.0, 2467.0, -963.0, -9998899.0, 2201.0, -5141.0, 5647.0, 2635.0, -1571.0, 2629.0, -1371.0, 547.0], [-1785.0, -2383.0, 1873.0, -981.0, -3419.0, 3247.0, 2429.0, -2395.0, 583.0, 2337.0, -5641.0, -1115.0, 1407.0, -1661.0, 1407.0, -359.0, 3963.0, -8529.0, 1653.0, -2669.0, -5431.0, 3277.0, -1999.0, -99.0, 5459.0, 3837.0, 641.0, -6109.0, 861.0, 241.0, -3789.0, 537.0, 1315.0, 1331.0, 4737.0, -129.0, 1297.0, 3719.0, 1897.0, -301.0, -23.0, 2201.0, -9998899.0, 3331.0, 4047.0, -3013.0, 705.0, 1073.0, -1451.0, -2809.0], [3709.0, -333.0, -1109.0, -463.0, 6395.0, 981.0, 4047.0, 3799.0, -887.0, 2087.0, 1713.0, 2223.0, 389.0, 949.0, -211.0, -53.0, 4069.0, -515.0, -1581.0, -1615.0, -1413.0, 5303.0, 4195.0, -1013.0, -3647.0, 3011.0, -577.0, -2011.0, 575.0, 2967.0, -1727.0, 375.0, -2507.0, 2409.0, -2233.0, 1133.0, 2523.0, -1847.0, 1487.0, 1401.0, 2403.0, -5141.0, 3331.0, -9998899.0, 4409.0, 5921.0, 5087.0, -2885.0, -37.0, 2129.0], [189.0, -173.0, 6523.0, 37.0, 2935.0, 489.0, 839.0, -5309.0, -91.0, -3385.0, -1115.0, -1561.0, -1767.0, 865.0, -431.0, -3033.0, 1753.0, -2675.0, -3381.0, 6737.0, -5713.0, 5503.0, -3877.0, -8937.0, -5807.0, 5731.0, -21.0, -3675.0, 1683.0, 3071.0, 4553.0, 4691.0, -2407.0, -135.0, 1807.0, 717.0, -4801.0, 2193.0, -869.0, -1523.0, 2671.0, 5647.0, 4047.0, 4409.0, -9998899.0, -363.0, -1985.0, 2503.0, 295.0, 637.0], [3229.0, -393.0, -5.0, -3379.0, 4751.0, 825.0, -1821.0, 1735.0, -1095.0, -3289.0, 1645.0, 1467.0, 233.0, -1607.0, -2543.0, 3631.0, 3009.0, -15.0, -969.0, 1241.0, -8169.0, -4509.0, -2237.0, 1607.0, 1145.0, 455.0, 287.0, 7317.0, 1123.0, -2109.0, 3081.0, -2773.0, 1689.0, -2511.0, 2231.0, 865.0, -4297.0, 2225.0, 1555.0, 1593.0, -945.0, 2635.0, -3013.0, 5921.0, -363.0, -9998899.0, -885.0, 5199.0, 2771.0, -6103.0], [5515.0, 137.0, -3235.0, 2103.0, 6057.0, 371.0, 449.0, 1429.0, -2993.0, 1477.0, 2847.0, -1907.0, -5641.0, -5665.0, -1513.0, -3807.0, -6001.0, 5055.0, -4619.0, -1829.0, -735.0, 5245.0, 673.0, 1873.0, -2145.0, 1393.0, 633.0, -129.0, 5205.0, -4275.0, 567.0, 145.0, -901.0, -4385.0, -3831.0, -1345.0, -1371.0, -2597.0, 1101.0, -105.0, 189.0, -1571.0, 705.0, 5087.0, -1985.0, -885.0, -9998899.0, 5113.0, 3225.0, -1929.0], [1139.0, -3959.0, -3539.0, -1441.0, -767.0, 7143.0, 2033.0, 4625.0, 3263.0, 277.0, 3759.0, -271.0, 4343.0, 4767.0, 1395.0, -2291.0, 2631.0, -2145.0, 141.0, 6487.0, -2707.0, -4423.0, 1365.0, -367.0, 1531.0, -203.0, 3385.0, -621.0, 1929.0, 2573.0, 7439.0, -3575.0, 6123.0, -1909.0, 5261.0, -113.0, -4759.0, -1549.0, -3703.0, -977.0, -2427.0, 2629.0, 1073.0, -2885.0, 2503.0, 5199.0, 5113.0, -9998899.0, -4399.0, 2887.0], [-3529.0, 657.0, 3005.0, -2985.0, 2485.0, 227.0, 793.0, 2321.0, 1467.0, -2267.0, -4069.0, -1507.0, -757.0, 3087.0, 415.0, -7871.0, -4697.0, 3335.0, -2751.0, -4897.0, -2047.0, -2167.0, -179.0, -2655.0, -5341.0, -139.0, 1893.0, 1619.0, 4325.0, 2265.0, 1827.0, 2913.0, 1747.0, 1115.0, 17.0, 4483.0, -2899.0, 1259.0, -2851.0, 7147.0, -3215.0, -1371.0, -1451.0, -37.0, 295.0, 2771.0, 3225.0, -4399.0, -9998899.0, 1511.0], [-4699.0, -4389.0, 3451.0, 2333.0, 1275.0, 3377.0, -605.0, -3257.0, -1211.0, 203.0, -927.0, -945.0, 401.0, -383.0, -1327.0, 115.0, -719.0, -4615.0, -4241.0, 1161.0, -2405.0, -1081.0, 651.0, -2217.0, 441.0, 2667.0, -1429.0, -4671.0, 263.0, 2219.0, -2567.0, 1811.0, -5155.0, 285.0, 4643.0, -2731.0, 535.0, -2423.0, -1893.0, -503.0, 5435.0, 547.0, -2809.0, 2129.0, 637.0, -6103.0, -1929.0, 2887.0, 1511.0, -9998899.0]]}