{"connections": [[-99986.0, 126.0, -102.0, -178.0, -668.0, -118.0, -300.0, 22.0, -88.0, 112.0, -266.0, -18.0, 570.0, -108.0, 418.0, 204.0, 378.0, -6.0, -340.0, -244.0, -26.0, -216.0, -116.0, -352.0, -724.0, -458.0, -108.0, 242.0, 222.0, 144.0, 630.0, 272.0, 312.0, 240.0, 896.0, 302.0, 190.0, 226.0, -422.0, 354.0, -510.0, 198.0, -110.0, -308.0, 678.0, -408.0, -334.0, 70.0, 158.0, -696.0], [126.0, -99986.0, -378.0, 338.0, 72.0, -302.0, -140.0, 2.0, -16.0, 220.0, -110.0, -394.0, 486.0, -80.0, 298.0, -0.0, -70.0, -150.0, -276.0, 28.0, 502.0, -224.0, -232.0, 84.0, 192.0, -78.0, 64.0, -126.0, 286.0, 340.0, 606.0, -28.0, 244.0, -36.0, -396.0, 318.0, -18.0, -94.0, 366.0, -150.0, 54.0, -214.0, 278.0, -436.0, 110.0, -204.0, 138.0, -158.0, 374.0, 400.0], [-102.0, -378.0, -99986.0, 334.0, -184.0, -54.0, -40.0, 262.0, 708.0, 416.0, -366.0, -154.0, -298.0, -156.0, -278.0, 16.0, -154.0, -362.0, -428.0, -536.0, 14.0, 32.0, 320.0, -336.0, 340.0, -382.0, -368.0, -10.0, 390.0, 324.0, -102.0, 516.0, 424.0, 364.0, 84.0, 298.0, 98.0, -158.0, -278.0, -418.0, -274.0, 130.0, -338.0, 552.0, 210.0, 28.0, 310.0, 118.0, -38.0, -36.0], [-178.0, 338.0, 334.0, -99986.0, -64.0, 522.0, -244.0, -398.0, -548.0, -60.0, -114.0, 318.0, -34.0, 252.0, -514.0, -536.0, 774.0, 146.0, 160.0, 452.0, 70.0, -172.0, -100.0, 32.0, -20.0, 306.0, 504.0, -378.0, 166.0, -332.0, -1022.0, -16.0, -800.0, 544.0, 476.0, -262.0, 18.0, -50.0, 122.0, 250.0, 138.0, 326.0, -234.0, -320.0, 62.0, -536.0, -58.0, -782.0, 578.0, -440.0], [-668.0, 72.0, -184.0, -64.0, -99986.0, -540.0, 390.0, -500.0, -230.0, -58.0, 956.0, 268.0, -732.0, -422.0, -176.0, 190.0, 44.0, -536.0, 210.0, -170.0, -24.0, 318.0, -86.0, 318.0, 186.0, -596.0, 298.0, 188.0, 164.0, 98.0, -356.0, 694.0, -38.0, -134.0, 86.0, -380.0, 44.0, -272.0, 216.0, 288.0, -168.0, -292.0, -588.0, -322.0, 400.0, -50.0, -240.0, 168.0, 132.0, 226.0], [-118.0, -302.0, -54.0, 522.0, -540.0, -99986.0, -36.0, -186.0, -376.0, 20.0, -214.0, 178.0, -790.0, 24.0, -74.0, 240.0, 350.0, -330.0, 552.0, 272.0, -198.0, 4.0, -36.0, 444.0, -336.0, -22.0, 420.0, -714.0, -410.0, 120.0, -178.0, 236.0, -132.0, 32.0, -244.0, 178.0, 198.0, -346.0, -522.0, -378.0, 278.0, 10.0, -198.0, -24.0, 118.0, -112.0, 254.0, -426.0, 262.0, -276.0], [-300.0, -140.0, -40.0, -244.0, 390.0, -36.0, -99986.0, -80.0, 178.0, -190.0, 364.0, -320.0, -124.0, -142.0, -92.0, 558.0, -112.0, -396.0, -110.0, -102.0, 316.0, -18.0, -898.0, -154.0, 2.0, -372.0, 362.0, -124.0, -100.0, -26.0, 92.0, 202.0, 490.0, -430.0, 614.0, 328.0, 452.0, 216.0, -184.0, 460.0, 220.0, -168.0, -392.0, -350.0, -132.0, 182.0, -44.0, -64.0, 36.0, -406.0], [22.0, 2.0, 262.0, -398.0, -500.0, -186.0, -80.0, -99986.0, 148.0, -156.0, 274.0, 158.0, 42.0, -556.0, -438.0, -444.0, -294.0, 558.0, 136.0, -308.0, 14.0, -68.0, -96.0, 112.0, 192.0, -10.0, 360.0, 6.0, 74.0, 424.0, 290.0, -192.0, -296.0, -428.0, 120.0, -154.0, -138.0, 406.0, 470.0, -102.0, 394.0, -822.0, -18.0, -316.0, 74.0, 380.0, 114.0, 286.0, 166.0, -316.0], [-88.0, -16.0, 708.0, -548.0, -230.0, -376.0, 178.0, 148.0, -99986.0, 382.0, -424.0, 532.0, -44.0, -798.0, -452.0, -766.0, -192.0, 36.0, -2.0, -58.0, 480.0, 82.0, 114.0, 630.0, 174.0, -136.0, 466.0, -36.0, 312.0, 130.0, 72.0, -486.0, -158.0, -382.0, 22.0, 396.0, 188.0, -16.0, -560.0, 32.0, -296.0, 152.0, -384.0, -438.0, -108.0, -242.0, 244.0, -76.0, 240.0, 514.0], [112.0, 220.0, 416.0, -60.0, -58.0, 20.0, -190.0, -156.0, 382.0, -99986.0, 488.0, 600.0, 676.0, -34.0, 296.0, 146.0, 492.0, -704.0, 90.0, -398.0, -64.0, 6.0, 58.0, 6.0, -878.0, -676.0, 206.0, -176.0, 192.0, 450.0, 220.0, -578.0, 118.0, 294.0, 294.0, -164.0, 416.0, 80.0, 132.0, -168.0, 152.0, -188.0, 200.0, 246.0, -140.0, 238.0, 308.0, -8.0, -132.0, -366.0], [-266.0, -110.0, -366.0, -114.0, 956.0, -214.0, 364.0, 274.0, -424.0, 488.0, -99986.0, -170.0, 26.0, 636.0, -402.0, 164.0, -338.0, 62.0, -92.0, -316.0, 434.0, -40.0, -204.0, 40.0, -332.0, 138.0, 336.0, 22.0, -254.0, 144.0, 358.0, 28.0, 136.0, -716.0, 464.0, 582.0, -366.0, -410.0, 322.0, 34.0, -150.0, -154.0, 570.0, -120.0, 202.0, -648.0, 386.0, 666.0, 434.0, -40.0], [-18.0, -394.0, -154.0, 318.0, 268.0, 178.0, -320.0, 158.0, 532.0, 600.0, -170.0, -99986.0, 510.0, -196.0, -290.0, 168.0, 738.0, -350.0, -40.0, -124.0, -170.0, 492.0, 368.0, 68.0, 68.0, -22.0, 68.0, 114.0, -150.0, 92.0, 18.0, -228.0, -332.0, 184.0, -128.0, -134.0, 182.0, 18.0, 398.0, -446.0, -386.0, 230.0, 390.0, -464.0, 254.0, 664.0, 50.0, -466.0, -6.0, 732.0], [570.0, 486.0, -298.0, -34.0, -732.0, -790.0, -124.0, 42.0, -44.0, 676.0, 26.0, 510.0, -99986.0, -176.0, -330.0, 448.0, -98.0, 822.0, -196.0, 240.0, -78.0, -16.0, -368.0, -868.0, 192.0, 126.0, 280.0, 82.0, 122.0, 660.0, 250.0, -148.0, -84.0, 40.0, -184.0, 82.0, -286.0, 254.0, 226.0, -182.0, -2.0, 254.0, 434.0, 488.0, -558.0, 224.0, 314.0, -370.0, -462.0, -104.0], [-108.0, -80.0, -156.0, 252.0, -422.0, 24.0, -142.0, -556.0, -798.0, -34.0, 636.0, -196.0, -176.0, -99986.0, -72.0, -142.0, -168.0, -176.0, -294.0, 26.0, -380.0, -258.0, 66.0, 366.0, -458.0, -32.0, -142.0, 132.0, -424.0, 434.0, 28.0, -542.0, -162.0, 70.0, 98.0, -64.0, 340.0, 472.0, 352.0, -472.0, 196.0, 864.0, 308.0, -162.0, -260.0, -334.0, 168.0, 296.0, -552.0, 534.0], [418.0, 298.0, -278.0, -514.0, -176.0, -74.0, -92.0, -438.0, -452.0, 296.0, -402.0, -290.0, -330.0, -72.0, -99986.0, -28.0, -226.0, -46.0, 24.0, 348.0, 54.0, 616.0, 528.0, -684.0, -296.0, -142.0, -44.0, -486.0, 190.0, -60.0, -18.0, -296.0, 96.0, 556.0, -312.0, -414.0, 126.0, -38.0, 418.0, 90.0, -230.0, 214.0, 362.0, -72.0, 18.0, 172.0, -462.0, -586.0, -354.0, 288.0], [204.0, -0.0, 16.0, -536.0, 190.0, 240.0, 558.0, -444.0, -766.0, 146.0, 164.0, 168.0, 448.0, -142.0, -28.0, -99986.0, -284.0, -80.0, -502.0, -190.0, -108.0, 298.0, -110.0, 454.0, -306.0, -120.0, 394.0, -376.0, 192.0, -22.0, -336.0, 22.0, -158.0, 154.0, -106.0, 136.0, -540.0, -500.0, -332.0, 236.0, 188.0, 156.0, -852.0, -150.0, -336.0, -22.0, -592.0, -132.0, -276.0, 130.0], [378.0, -70.0, -154.0, 774.0, 44.0, 350.0, -112.0, -294.0, -192.0, 492.0, -338.0, 738.0, -98.0, -168.0, -226.0, -284.0, -99986.0, -94.0, -512.0, -40.0, 2.0, -128.0, -364.0, -200.0, -340.0, -502.0, 200.0, 350.0, -226.0, -0.0, -54.0, -68.0, -924.0, -324.0, 224.0, 302.0, -150.0, 182.0, -158.0, -526.0, 158.0, -226.0, 78.0, 300.0, 258.0, -320.0, 102.0, 690.0, 282.0, 256.0], [-6.0, -150.0, -362.0, 146.0, -536.0, -330.0, -396.0, 558.0, 36.0, -704.0, 62.0, -350.0, 822.0, -176.0, -46.0, -80.0, -94.0, -99986.0, 120.0, 68.0, -46.0, 88.0, 144.0, -432.0, -100.0, -230.0, 120.0, -350.0, 26.0, -124.0, -286.0, 948.0, -368.0, -300.0, 72.0, 262.0, 470.0, 406.0, -62.0, -170.0, 122.0, -34.0, -82.0, 176.0, -134.0, 256.0, -738.0, -218.0, -26.0, 612.0], [-340.0, -276.0, -428.0, 160.0, 210.0, 552.0, -110.0, 136.0, -2.0, 90.0, -92.0, -40.0, -196.0, -294.0, 24.0, -502.0, -512.0, 120.0, -99986.0, 42.0, -712.0, 18.0, 1094.0, 394.0, 630.0, 152.0, -126.0, 492.0, -192.0, -74.0, 408.0, 46.0, 42.0, -174.0, -154.0, 644.0, 600.0, -144.0, -120.0, -244.0, -144.0, 224.0, -52.0, -50.0, 372.0, -14.0, -408.0, -220.0, -52.0, -342.0], [-244.0, 28.0, -536.0, 452.0, -170.0, 272.0, -102.0, -308.0, -58.0, -398.0, -316.0, -124.0, 240.0, 26.0, 348.0, -190.0, -40.0, 68.0, 42.0, -99986.0, -40.0, -166.0, 446.0, -334.0, 110.0, -296.0, -406.0, 308.0, 8.0, 750.0, 348.0, 346.0, 106.0, -182.0, 130.0, -384.0, 108.0, -612.0, -488.0, -8.0, 36.0, -464.0, 96.0, -154.0, -168.0, 342.0, -480.0, -108.0, -64.0, 362.0], [-26.0, 502.0, 14.0, 70.0, -24.0, -198.0, 316.0, 14.0, 480.0, -64.0, 434.0, -170.0, -78.0, -380.0, 54.0, -108.0, 2.0, -46.0, -712.0, -40.0, -99986.0, -96.0, -352.0, 120.0, -4.0, 2.0, 352.0, -386.0, 130.0, 304.0, 170.0, -328.0, -172.0, 48.0, -8.0, 330.0, -318.0, -182.0, -126.0, -54.0, 114.0, 298.0, -106.0, 116.0, -422.0, 344.0, 474.0, 358.0, -166.0, -60.0], [-216.0, -224.0, 32.0, -172.0, 318.0, 4.0, -18.0, -68.0, 82.0, 6.0, -40.0, 492.0, -16.0, -258.0, 616.0, 298.0, -128.0, 88.0, 18.0, -166.0, -96.0, -99986.0, 82.0, -182.0, 206.0, 396.0, 102.0, 132.0, 184.0, -198.0, -352.0, 526.0, -590.0, -262.0, -46.0, -724.0, 56.0, -68.0, 248.0, 108.0, 204.0, 280.0, -72.0, -310.0, 348.0, 154.0, 328.0, -136.0, -368.0, -98.0], [-116.0, -232.0, 320.0, -100.0, -86.0, -36.0, -898.0, -96.0, 114.0, 58.0, -204.0, 368.0, -368.0, 66.0, 528.0, -110.0, -364.0, 144.0, 1094.0, 446.0, -352.0, 82.0, -99986.0, -242.0, -326.0, 164.0, -378.0, -520.0, -404.0, 210.0, 364.0, -598.0, -234.0, 86.0, 158.0, 464.0, -200.0, 212.0, -404.0, -16.0, 352.0, 84.0, 200.0, -802.0, -136.0, 306.0, -148.0, -188.0, 336.0, 50.0], [-352.0, 84.0, -336.0, 32.0, 318.0, 444.0, -154.0, 112.0, 630.0, 6.0, 40.0, 68.0, -868.0, 366.0, -684.0, 454.0, -200.0, -432.0, 394.0, -334.0, 120.0, -182.0, -242.0, -99986.0, 206.0, -232.0, 182.0, -280.0, -236.0, -302.0, -96.0, -94.0, -418.0, -142.0, -278.0, 132.0, 920.0, -316.0, -36.0, -584.0, -136.0, 20.0, -384.0, 426.0, 400.0, 330.0, 16.0, 448.0, -48.0, -282.0], [-724.0, 192.0, 340.0, -20.0, 186.0, -336.0, 2.0, 192.0, 174.0, -878.0, -332.0, 68.0, 192.0, -458.0, -296.0, -306.0, -340.0, -100.0, 630.0, 110.0, -4.0, 206.0, -326.0, 206.0, -99986.0, 200.0, -74.0, 4.0, -596.0, -6.0, -448.0, 146.0, -698.0, 394.0, 162.0, 112.0, -56.0, -192.0, -56.0, 48.0, 80.0, 452.0, -644.0, -158.0, -348.0, -142.0, 416.0, 136.0, -64.0, 598.0], [-458.0, -78.0, -382.0, 306.0, -596.0, -22.0, -372.0, -10.0, -136.0, -676.0, 138.0, -22.0, 126.0, -32.0, -142.0, -120.0, -502.0, -230.0, 152.0, -296.0, 2.0, 396.0, 164.0, -232.0, 200.0, -99986.0, 104.0, -178.0, -6.0, -624.0, -114.0, -8.0, 152.0, -388.0, -48.0, -102.0, 418.0, 442.0, 382.0, -38.0, -74.0, 362.0, -366.0, -184.0, 158.0, 516.0, 142.0, 142.0, 18.0, 304.0], [-108.0, 64.0, -368.0, 504.0, 298.0, 420.0, 362.0, 360.0, 466.0, 206.0, 336.0, 68.0, 280.0, -142.0, -44.0, 394.0, 200.0, 120.0, -126.0, -406.0, 352.0, 102.0, -378.0, 182.0, -74.0, 104.0, -99986.0, 324.0, 84.0, 94.0, 92.0, -2.0, -310.0, 286.0, 10.0, 12.0, 184.0, -172.0, 68.0, 364.0, -176.0, 56.0, 832.0, 114.0, -172.0, 118.0, -232.0, -568.0, -308.0, 146.0], [242.0, -126.0, -10.0, -378.0, 188.0, -714.0, -124.0, 6.0, -36.0, -176.0, 22.0, 114.0, 82.0, 132.0, -486.0, -376.0, 350.0, -350.0, 492.0, 308.0, -386.0, 132.0, -520.0, -280.0, 4.0, -178.0, 324.0, -99986.0, 318.0, 540.0, -158.0, 428.0, 56.0, -416.0, 216.0, -198.0, 246.0, 206.0, 18.0, -590.0, 122.0, 262.0, -274.0, 20.0, 218.0, -372.0, -22.0, -66.0, 6.0, 200.0], [222.0, 286.0, 390.0, 166.0, 164.0, -410.0, -100.0, 74.0, 312.0, 192.0, -254.0, -150.0, 122.0, -424.0, 190.0, 192.0, -226.0, 26.0, -192.0, 8.0, 130.0, 184.0, -404.0, -236.0, -596.0, -6.0, 84.0, 318.0, -99986.0, 136.0, 86.0, 180.0, -72.0, -0.0, -556.0, 114.0, -126.0, 382.0, 194.0, -254.0, -422.0, 62.0, -18.0, 20.0, 498.0, 348.0, -866.0, 230.0, 182.0, 332.0], [144.0, 340.0, 324.0, -332.0, 98.0, 120.0, -26.0, 424.0, 130.0, 450.0, 144.0, 92.0, 660.0, 434.0, -60.0, -22.0, -0.0, -124.0, -74.0, 750.0, 304.0, -198.0, 210.0, -302.0, -6.0, -624.0, 94.0, 540.0, 136.0, -99986.0, 76.0, 162.0, -90.0, -62.0, -686.0, 56.0, -4.0, -432.0, -100.0, -528.0, 68.0, 452.0, 436.0, 418.0, 152.0, 218.0, 464.0, -164.0, -8.0, 534.0], [630.0, 606.0, -102.0, -1022.0, -356.0, -178.0, 92.0, 290.0, 72.0, 220.0, 358.0, 18.0, 250.0, 28.0, -18.0, -336.0, -54.0, -286.0, 408.0, 348.0, 170.0, -352.0, 364.0, -96.0, -448.0, -114.0, 92.0, -158.0, 86.0, 76.0, -99986.0, 12.0, 424.0, -688.0, -344.0, 306.0, -254.0, -490.0, -234.0, 58.0, -14.0, -262.0, 94.0, 16.0, -170.0, -256.0, -10.0, 122.0, 150.0, -52.0], [272.0, -28.0, 516.0, -16.0, 694.0, 236.0, 202.0, -192.0, -486.0, -578.0, 28.0, -228.0, -148.0, -542.0, -296.0, 22.0, -68.0, 948.0, 46.0, 346.0, -328.0, 526.0, -598.0, -94.0, 146.0, -8.0, -2.0, 428.0, 180.0, 162.0, 12.0, -99986.0, -318.0, -214.0, 138.0, 128.0, 360.0, -236.0, 144.0, -560.0, -124.0, -156.0, 332.0, 198.0, 40.0, -382.0, -112.0, 20.0, -176.0, -310.0], [312.0, 244.0, 424.0, -800.0, -38.0, -132.0, 490.0, -296.0, -158.0, 118.0, 136.0, -332.0, -84.0, -162.0, 96.0, -158.0, -924.0, -368.0, 42.0, 106.0, -172.0, -590.0, -234.0, -418.0, -698.0, 152.0, -310.0, 56.0, -72.0, -90.0, 424.0, -318.0, -99986.0, 42.0, 30.0, 152.0, 28.0, 392.0, -328.0, -144.0, 252.0, 116.0, -72.0, 310.0, -624.0, -378.0, -12.0, 76.0, -60.0, -286.0], [240.0, -36.0, 364.0, 544.0, -134.0, 32.0, -430.0, -428.0, -382.0, 294.0, -716.0, 184.0, 40.0, 70.0, 556.0, 154.0, -324.0, -300.0, -174.0, -182.0, 48.0, -262.0, 86.0, -142.0, 394.0, -388.0, 286.0, -416.0, -0.0, -62.0, -688.0, -214.0, 42.0, -99986.0, 506.0, 320.0, 176.0, -60.0, -120.0, 212.0, -40.0, -256.0, -108.0, -166.0, -236.0, 66.0, 252.0, -84.0, 412.0, 42.0], [896.0, -396.0, 84.0, 476.0, 86.0, -244.0, 614.0, 120.0, 22.0, 294.0, 464.0, -128.0, -184.0, 98.0, -312.0, -106.0, 224.0, 72.0, -154.0, 130.0, -8.0, -46.0, 158.0, -278.0, 162.0, -48.0, 10.0, 216.0, -556.0, -686.0, -344.0, 138.0, 30.0, 506.0, -99986.0, -112.0, -36.0, 356.0, 484.0, -92.0, 24.0, -272.0, 388.0, -90.0, -244.0, 114.0, 64.0, -60.0, -68.0, -138.0], [302.0, 318.0, 298.0, -262.0, -380.0, 178.0, 328.0, -154.0, 396.0, -164.0, 582.0, -134.0, 82.0, -64.0, -414.0, 136.0, 302.0, 262.0, 644.0, -384.0, 330.0, -724.0, 464.0, 132.0, 112.0, -102.0, 12.0, -198.0, 114.0, 56.0, 306.0, 128.0, 152.0, 320.0, -112.0, -99986.0, 346.0, 338.0, 58.0, 302.0, 6.0, -70.0, 230.0, 144.0, -346.0, -172.0, 246.0, -206.0, 66.0, -496.0], [190.0, -18.0, 98.0, 18.0, 44.0, 198.0, 452.0, -138.0, 188.0, 416.0, -366.0, 182.0, -286.0, 340.0, 126.0, -540.0, -150.0, 470.0, 600.0, 108.0, -318.0, 56.0, -200.0, 920.0, -56.0, 418.0, 184.0, 246.0, -126.0, -4.0, -254.0, 360.0, 28.0, 176.0, -36.0, 346.0, -99986.0, -598.0, -230.0, 14.0, -134.0, 150.0, -150.0, -44.0, 202.0, -300.0, 478.0, -74.0, -574.0, 148.0], [226.0, -94.0, -158.0, -50.0, -272.0, -346.0, 216.0, 406.0, -16.0, 80.0, -410.0, 18.0, 254.0, 472.0, -38.0, -500.0, 182.0, 406.0, -144.0, -612.0, -182.0, -68.0, 212.0, -316.0, -192.0, 442.0, -172.0, 206.0, 382.0, -432.0, -490.0, -236.0, 392.0, -60.0, 356.0, 338.0, -598.0, -99986.0, -782.0, 266.0, 22.0, -454.0, 246.0, -228.0, 842.0, -232.0, -370.0, 170.0, -266.0, 332.0], [-422.0, 366.0, -278.0, 122.0, 216.0, -522.0, -184.0, 470.0, -560.0, 132.0, 322.0, 398.0, 226.0, 352.0, 418.0, -332.0, -158.0, -62.0, -120.0, -488.0, -126.0, 248.0, -404.0, -36.0, -56.0, 382.0, 68.0, 18.0, 194.0, -100.0, -234.0, 144.0, -328.0, -120.0, 484.0, 58.0, -230.0, -782.0, -99986.0, 254.0, -98.0, -506.0, 94.0, -152.0, -186.0, 256.0, 282.0, -218.0, -278.0, 212.0], [354.0, -150.0, -418.0, 250.0, 288.0, -378.0, 460.0, -102.0, 32.0, -168.0, 34.0, -446.0, -182.0, -472.0, 90.0, 236.0, -526.0, -170.0, -244.0, -8.0, -54.0, 108.0, -16.0, -584.0, 48.0, -38.0, 364.0, -590.0, -254.0, -528.0, 58.0, -560.0, -144.0, 212.0, -92.0, 302.0, 14.0, 266.0, 254.0, -99986.0, -262.0, 254.0, 158.0, 412.0, -206.0, 448.0, -6.0, 62.0, -254.0, -284.0], [-510.0, 54.0, -274.0, 138.0, -168.0, 278.0, 220.0, 394.0, -296.0, 152.0, -150.0, -386.0, -2.0, 196.0, -230.0, 188.0, 158.0, 122.0, -144.0, 36.0, 114.0, 204.0, 352.0, -136.0, 80.0, -74.0, -176.0, 122.0, -422.0, 68.0, -14.0, -124.0, 252.0, -40.0, 24.0, 6.0, -134.0, 22.0, -98.0, -262.0, -99986.0, 378.0, 66.0, 492.0, 54.0, -28.0, -426.0, -102.0, 382.0, -244.0], [198.0, -214.0, 130.0, 326.0, -292.0, 10.0, -168.0, -822.0, 152.0, -188.0, -154.0, 230.0, 254.0, 864.0, 214.0, 156.0, -226.0, -34.0, 224.0, -464.0, 298.0, 280.0, 84.0, 20.0, 452.0, 362.0, 56.0, 262.0, 62.0, 452.0, -262.0, -156.0, 116.0, -256.0, -272.0, -70.0, 150.0, -454.0, -506.0, 254.0, 378.0, -99986.0, 626.0, -116.0, 18.0, 100.0, 126.0, 186.0, -70.0, -448.0], [-110.0, 278.0, -338.0, -234.0, -588.0, -198.0, -392.0, -18.0, -384.0, 200.0, 570.0, 390.0, 434.0, 308.0, 362.0, -852.0, 78.0, -82.0, -52.0, 96.0, -106.0, -72.0, 200.0, -384.0, -644.0, -366.0, 832.0, -274.0, -18.0, 436.0, 94.0, 332.0, -72.0, -108.0, 388.0, 230.0, -150.0, 246.0, 94.0, 158.0, 66.0, 626.0, -99986.0, -208.0, 286.0, -136.0, -50.0, 474.0, 98.0, 348.0], [-308.0, -436.0, 552.0, -320.0, -322.0, -24.0, -350.0, -316.0, -438.0, 246.0, -120.0, -464.0, 488.0, -162.0, -72.0, -150.0, 300.0, 176.0, -50.0, -154.0, 116.0, -310.0, -802.0, 426.0, -158.0, -184.0, 114.0, 20.0, 20.0, 418.0, 16.0, 198.0, 310.0, -166.0, -90.0, 144.0, -44.0, -228.0, -152.0, 412.0, 492.0, -116.0, -208.0, -99986.0, 48.0, 94.0, -356.0, 200.0, -68.0, -30.0], [678.0, 110.0, 210.0, 62.0, 400.0, 118.0, -132.0, 74.0, -108.0, -140.0, 202.0, 254.0, -558.0, -260.0, 18.0, -336.0, 258.0, -134.0, 372.0, -168.0, -422.0, 348.0, -136.0, 400.0, -348.0, 158.0, -172.0, 218.0, 498.0, 152.0, -170.0, 40.0, -624.0, -236.0, -244.0, -346.0, 202.0, 842.0, -186.0, -206.0, 54.0, 18.0, 286.0, 48.0, -99986.0, -112.0, -478.0, 374.0, -354.0, 144.0], [-408.0, -204.0, 28.0, -536.0, -50.0, -112.0, 182.0, 380.0, -242.0, 238.0, -648.0, 664.0, 224.0, -334.0, 172.0, -22.0, -320.0, 256.0, -14.0, 342.0, 344.0, 154.0, 306.0, 330.0, -142.0, 516.0, 118.0, -372.0, 348.0, 218.0, -256.0, -382.0, -378.0, 66.0, 114.0, -172.0, -300.0, -232.0, 256.0, 448.0, -28.0, 100.0, -136.0, 94.0, -112.0, -99986.0, 116.0, 136.0, 140.0, 66.0], [-334.0, 138.0, 310.0, -58.0, -240.0, 254.0, -44.0, 114.0, 244.0, 308.0, 386.0, 50.0, 314.0, 168.0, -462.0, -592.0, 102.0, -738.0, -408.0, -480.0, 474.0, 328.0, -148.0, 16.0, 416.0, 142.0, -232.0, -22.0, -866.0, 464.0, -10.0, -112.0, -12.0, 252.0, 64.0, 246.0, 478.0, -370.0, 282.0, -6.0, -426.0, 126.0, -50.0, -356.0, -478.0, 116.0, -99986.0, -402.0, 470.0, 540.0], [70.0, -158.0, 118.0, -782.0, 168.0, -426.0, -64.0, 286.0, -76.0, -8.0, 666.0, -466.0, -370.0, 296.0, -586.0, -132.0, 690.0, -218.0, -220.0, -108.0, 358.0, -136.0, -188.0, 448.0, 136.0, 142.0, -568.0, -66.0, 230.0, -164.0, 122.0, 20.0, 76.0, -84.0, -60.0, -206.0, -74.0, 170.0, -218.0, 62.0, -102.0, 186.0, 474.0, 200.0, 374.0, 136.0, -402.0, -99986.0, 114.0, -172.0], [158.0, 374.0, -38.0, 578.0, 132.0, 262.0, 36.0, 166.0, 240.0, -132.0, 434.0, -6.0, -462.0, -552.0, -354.0, -276.0, 282.0, -26.0, -52.0, -64.0, -166.0, -368.0, 336.0, -48.0, -64.0, 18.0, -308.0, 6.0, 182.0, -8.0, 150.0, -176.0, -60.0, 412.0, -68.0, 66.0, -574.0, -266.0, -278.0, -254.0, 382.0, -70.0, 98.0, -68.0, -354.0, 140.0, 470.0, 114.0, -99986.0, -220.0], [-696.0, 400.0, -36.0, -440.0, 226.0, -276.0, -406.0, -316.0, 514.0, -366.0, -40.0, 732.0, -104.0, 534.0, 288.0, 130.0, 256.0, 612.0, -342.0, 362.0, -60.0, -98.0, 50.0, -282.0, 598.0, 304.0, 146.0, 200.0, 332.0, 534.0, -52.0, -310.0, -286.0, 42.0, -138.0, -496.0, 148.0, 332.0, 212.0, -284.0, -244.0, -448.0, 348.0, -30.0, 144.0, 66.0, 540.0, -172.0, -220.0, -99986.0]]}