{"connections": [[-999890528.0, 24444.0, 6444.0, 536.0, -96.0, 23846.0, 35204.0, -11086.0, 49722.0, 30948.0, -13798.0, 6388.0, -27676.0, 7062.0, -39510.0, 4514.0, -37722.0, -12040.0, -20362.0, 3008.0, 21294.0, -14514.0, 908.0, 44898.0, -28360.0, 52766.0, 14088.0, -56994.0, 32850.0, 38.0, 20420.0, -17016.0, 4920.0, 12506.0, -13132.0, 44764.0, -52242.0, 3902.0, 39184.0, 32366.0, -10658.0, 54852.0, 9722.0, 20336.0, 25764.0, 52262.0, 12402.0, 65160.0, 17682.0, 69984.0], [24444.0, -999890528.0, 3468.0, -32644.0, -23404.0, 68474.0, 14496.0, -9050.0, 29774.0, 19600.0, -22746.0, 34688.0, -22340.0, -20286.0, -28858.0, 54270.0, -40146.0, -9992.0, -22094.0, -24344.0, -31634.0, 18602.0, -4888.0, 15870.0, -26236.0, -15690.0, 27628.0, -17794.0, 22926.0, 4558.0, 64184.0, -23932.0, -41820.0, 37050.0, -4876.0, 10548.0, -30450.0, 6622.0, 22112.0, -6798.0, 28174.0, 14064.0, -13262.0, -28488.0, -36356.0, -38766.0, 32842.0, -42988.0, 5782.0, -85496.0], [6444.0, 3468.0, -999890528.0, 35616.0, 44232.0, -31310.0, 45864.0, -12330.0, 5178.0, 15892.0, 25586.0, -29308.0, 21164.0, 23034.0, -8310.0, 38262.0, 23270.0, 20272.0, 56242.0, 37532.0, 6838.0, -282.0, 41424.0, -13130.0, 12340.0, -8418.0, -17800.0, 31942.0, -11814.0, 45730.0, -35852.0, 6072.0, -26844.0, -34002.0, 13872.0, -88668.0, 20998.0, 14234.0, 27992.0, -56542.0, 14922.0, -3984.0, -43394.0, -26212.0, -33612.0, -8350.0, -6158.0, -16520.0, 45822.0, -29312.0], [536.0, -32644.0, 35616.0, -999890528.0, -32432.0, 49754.0, -31424.0, 14206.0, 14238.0, 12828.0, 14982.0, -6752.0, -3064.0, 9014.0, -28550.0, 57366.0, 11658.0, 14156.0, 64114.0, -3900.0, -73614.0, 28374.0, -35044.0, 81486.0, 47952.0, 18974.0, -28164.0, 40690.0, 12846.0, 44438.0, -27916.0, 22496.0, -38576.0, 53670.0, 51172.0, 19952.0, 39210.0, -24722.0, -26768.0, -7598.0, 11350.0, 40756.0, 2778.0, -34124.0, -10036.0, 23118.0, 39538.0, -30768.0, -22586.0, -23084.0], [-96.0, -23404.0, 44232.0, -32432.0, -999890528.0, -75966.0, 28248.0, 56478.0, 67238.0, -3396.0, -1382.0, -7156.0, -568.0, -14990.0, -28830.0, -31306.0, 31962.0, -380.0, 4814.0, 29896.0, 5694.0, 9286.0, 5552.0, -31254.0, -15892.0, -43930.0, 26504.0, -34018.0, 61746.0, 59754.0, 17904.0, 43752.0, -7568.0, 13486.0, -7592.0, 14208.0, 7138.0, 14278.0, -33220.0, -10042.0, -4138.0, 25412.0, 16034.0, 2388.0, 66952.0, 1134.0, -1914.0, -12204.0, -24274.0, 26884.0], [23846.0, 68474.0, -31310.0, 49754.0, -75966.0, -999890528.0, -15846.0, 48824.0, -788.0, -8394.0, 91212.0, 22474.0, 16650.0, 19340.0, 33900.0, 17080.0, 16772.0, -1886.0, -18864.0, 14918.0, -24436.0, -10228.0, 34518.0, 13592.0, -9742.0, -24816.0, -1926.0, 608.0, -18172.0, -6368.0, -23982.0, 47838.0, -28218.0, -12112.0, -58154.0, 19834.0, 26204.0, -12588.0, -1618.0, 30576.0, -5784.0, 6842.0, -20432.0, 21810.0, 5598.0, -19504.0, 33536.0, -3922.0, 52076.0, 52354.0], [35204.0, 14496.0, 45864.0, -31424.0, 28248.0, -15846.0, -999890528.0, -34354.0, 5862.0, -25212.0, -1478.0, -13740.0, 14964.0, -15954.0, 62726.0, 36478.0, 46526.0, -5400.0, -7418.0, 36864.0, 5310.0, 34006.0, 74088.0, 39254.0, 34748.0, 39974.0, -27932.0, 18430.0, 39110.0, 34918.0, -15172.0, -4624.0, -57820.0, 1950.0, 22752.0, 10936.0, 10054.0, -24746.0, -21032.0, -29166.0, 16670.0, 21992.0, 23830.0, -7800.0, -33652.0, 53578.0, 318.0, 4496.0, -47614.0, 5996.0], [-11086.0, -9050.0, -12330.0, 14206.0, 56478.0, 48824.0, -34354.0, -999890528.0, -7940.0, -5650.0, -11048.0, -4410.0, -26218.0, 61792.0, 28144.0, -1612.0, -11988.0, -10410.0, 25948.0, 21166.0, 13360.0, 21296.0, -24638.0, -40888.0, -33458.0, 22772.0, -17742.0, 55952.0, 984.0, -11156.0, -6718.0, 79878.0, 3318.0, -10220.0, 17162.0, 20486.0, 22664.0, 5928.0, -9998.0, -1056.0, -6428.0, 35526.0, 12180.0, -21454.0, -16770.0, -19140.0, -15932.0, 7050.0, 5052.0, 32310.0], [49722.0, 29774.0, 5178.0, 14238.0, 67238.0, -788.0, 5862.0, -7940.0, -999890528.0, -31750.0, 148.0, 11878.0, 95858.0, 5668.0, -4280.0, -5220.0, 29236.0, -13066.0, 11296.0, -27970.0, 10904.0, 1620.0, 17662.0, -32476.0, 93886.0, 18196.0, 42950.0, 30700.0, 41816.0, 10756.0, -14946.0, -8022.0, -9410.0, 38312.0, -26402.0, 31470.0, 20996.0, 25716.0, -1046.0, -25892.0, -7860.0, 40274.0, -15240.0, -29330.0, -1166.0, -39044.0, -2672.0, 8554.0, -2788.0, 5846.0], [30948.0, 19600.0, 15892.0, 12828.0, -3396.0, -8394.0, -25212.0, -5650.0, -31750.0, -999890528.0, 7478.0, 65828.0, -18372.0, -28310.0, 40898.0, 44574.0, -85206.0, 43800.0, -12842.0, 8976.0, -71330.0, 8462.0, -4348.0, 11994.0, -11304.0, 54698.0, 9140.0, 36930.0, -18030.0, -43126.0, 45444.0, -5468.0, 4288.0, -12682.0, 19304.0, 34484.0, 5394.0, 63134.0, 29584.0, 30270.0, -18090.0, -18712.0, 32466.0, 34432.0, 31064.0, -22562.0, -34426.0, 1640.0, 54702.0, 6960.0], [-13798.0, -22746.0, 25586.0, 14982.0, -1382.0, 91212.0, -1478.0, -11048.0, 148.0, 7478.0, -999890528.0, 44922.0, 51782.0, 37492.0, 12300.0, -5368.0, 55440.0, 1838.0, 6888.0, 39122.0, -26568.0, 22188.0, 20346.0, 8736.0, -618.0, 13236.0, 19890.0, 53924.0, 14080.0, 61692.0, 64610.0, -19234.0, -1450.0, 9308.0, 21406.0, -32186.0, 48508.0, 34352.0, -22998.0, -14428.0, -19056.0, -19186.0, 572.0, 34206.0, 20570.0, -8428.0, 9116.0, 15806.0, 30516.0, -41246.0], [6388.0, 34688.0, -29308.0, -6752.0, -7156.0, 22474.0, -13740.0, -4410.0, 11878.0, 65828.0, 44922.0, -999890528.0, 21896.0, 98918.0, -8074.0, 13666.0, -38666.0, 5420.0, 17894.0, -1136.0, 20894.0, 64346.0, -45740.0, 3886.0, -23740.0, -29902.0, -5692.0, 30498.0, -13266.0, 3030.0, 44800.0, 308.0, -44924.0, 40606.0, 62720.0, -20908.0, 22998.0, -38662.0, 31492.0, 38434.0, -36642.0, -284.0, 26470.0, 27204.0, -8064.0, -29378.0, 19722.0, -18680.0, 7546.0, -9180.0], [-27676.0, -22340.0, 21164.0, -3064.0, -568.0, 16650.0, 14964.0, -26218.0, 95858.0, -18372.0, 51782.0, 21896.0, -999890528.0, 31458.0, 58730.0, -9738.0, 28134.0, 7372.0, 67110.0, -19656.0, 10394.0, -9806.0, -39728.0, -51882.0, 68676.0, -50570.0, 24396.0, 36442.0, 68246.0, 25386.0, 41564.0, -6032.0, 17540.0, -37930.0, -43172.0, -26888.0, 34626.0, 26398.0, 82136.0, 10.0, 29626.0, 8928.0, -4818.0, -3488.0, -28608.0, -5874.0, -16654.0, -10356.0, 5934.0, 39560.0], [7062.0, -20286.0, 23034.0, 9014.0, -14990.0, 19340.0, -15954.0, 61792.0, 5668.0, -28310.0, 37492.0, 98918.0, 31458.0, -999890528.0, -88712.0, -6600.0, 40832.0, 53886.0, -66188.0, 52166.0, 47972.0, 22464.0, 5622.0, -46748.0, 51418.0, -40516.0, 45630.0, 5988.0, -43752.0, -22856.0, 36206.0, 20794.0, -32238.0, -22508.0, -16710.0, -22882.0, -35960.0, 21308.0, 41402.0, -37160.0, -13172.0, 20462.0, -5168.0, 23046.0, -9206.0, 59736.0, 9392.0, -25686.0, 42656.0, 18914.0], [-39510.0, -28858.0, -8310.0, -28550.0, -28830.0, 33900.0, 62726.0, 28144.0, -4280.0, 40898.0, 12300.0, -8074.0, 58730.0, -88712.0, -999890528.0, -26248.0, 47340.0, 48002.0, 31288.0, -38034.0, 7692.0, -3500.0, 45706.0, 25664.0, -3618.0, -35720.0, 29138.0, -29152.0, 40756.0, -16956.0, 5446.0, -25526.0, -46330.0, -57832.0, 51706.0, 10574.0, 34560.0, -8400.0, -19318.0, -6908.0, 43800.0, -7858.0, 48072.0, 43994.0, 35382.0, 5568.0, 4008.0, -12014.0, 12328.0, -8822.0], [4514.0, 54270.0, 38262.0, 57366.0, -31306.0, 17080.0, 36478.0, -1612.0, -5220.0, 44574.0, -5368.0, 13666.0, -9738.0, -6600.0, -26248.0, -999890528.0, 14392.0, 55446.0, 10188.0, 53002.0, -5776.0, 26568.0, -25262.0, -36236.0, 22410.0, -43644.0, 39062.0, 87088.0, 8048.0, -9584.0, -21090.0, -11694.0, 55574.0, 20448.0, 66922.0, -6802.0, -25640.0, 12828.0, 93594.0, -2584.0, 7020.0, 8774.0, 15436.0, 20866.0, 28522.0, 49704.0, -40604.0, 25558.0, 10436.0, -25658.0], [-37722.0, -40146.0, 23270.0, 11658.0, 31962.0, 16772.0, 46526.0, -11988.0, 29236.0, -85206.0, 55440.0, -38666.0, 28134.0, 40832.0, 47340.0, 14392.0, -999890528.0, 4398.0, 41776.0, 25042.0, 46628.0, 28392.0, 46326.0, 60924.0, 59690.0, 51248.0, -29890.0, 20176.0, 10032.0, -28072.0, 33926.0, 11050.0, 46986.0, -26680.0, 10474.0, 11430.0, -56668.0, 17464.0, 11354.0, -30532.0, 64772.0, 39606.0, -30568.0, -55934.0, 24326.0, -40784.0, -10204.0, 4990.0, -9436.0, -22902.0], [-12040.0, -9992.0, 20272.0, 14156.0, -380.0, -1886.0, -5400.0, -10410.0, -13066.0, 43800.0, 1838.0, 5420.0, 7372.0, 53886.0, 48002.0, 55446.0, 4398.0, -999890528.0, -28106.0, 24864.0, 39246.0, 63326.0, 63932.0, 18930.0, -16136.0, 10950.0, -17700.0, 11474.0, 37666.0, 3922.0, 68356.0, -33908.0, 23412.0, 60518.0, -2252.0, 35388.0, -43006.0, 7102.0, 1976.0, 41666.0, 45522.0, -8744.0, 47138.0, 40956.0, -10980.0, 35142.0, -5854.0, -10752.0, 28942.0, -14952.0], [-20362.0, -22094.0, 56242.0, 64114.0, 4814.0, -18864.0, -7418.0, 25948.0, 11296.0, -12842.0, 6888.0, 17894.0, 67110.0, -66188.0, 31288.0, 10188.0, 41776.0, -28106.0, -999890528.0, 43490.0, 59624.0, 56132.0, 35266.0, 56620.0, 34910.0, -18892.0, -22106.0, -12184.0, 14944.0, 24084.0, 13382.0, -36770.0, -35218.0, -12228.0, 54530.0, 28478.0, 32656.0, -74200.0, -21714.0, -42424.0, -7372.0, -34694.0, 6456.0, -16066.0, -3150.0, -15736.0, -22744.0, -28494.0, -12832.0, -726.0], [3008.0, -24344.0, 37532.0, -3900.0, 29896.0, 14918.0, 36864.0, 21166.0, -27970.0, 8976.0, 39122.0, -1136.0, -19656.0, 52166.0, -38034.0, 53002.0, 25042.0, 24864.0, 43490.0, -999890528.0, -10402.0, 15734.0, -39812.0, 42614.0, 10568.0, 25434.0, 60532.0, 94186.0, -14558.0, 19694.0, -41412.0, -9104.0, -41320.0, 9770.0, 35372.0, 3828.0, -26890.0, 30550.0, 70676.0, 34586.0, 35006.0, 44156.0, -10174.0, 19676.0, 20340.0, 6158.0, 15242.0, -13640.0, 22906.0, -33416.0], [21294.0, -31634.0, 6838.0, -73614.0, 5694.0, -24436.0, 5310.0, 13360.0, 10904.0, -71330.0, -26568.0, 20894.0, 10394.0, 47972.0, 7692.0, -5776.0, 46628.0, 39246.0, 59624.0, -10402.0, -999890528.0, -7944.0, 7510.0, -6180.0, 23678.0, 4008.0, 32278.0, -88992.0, 10936.0, 52372.0, 9718.0, -4650.0, -13262.0, 8800.0, -13022.0, 13974.0, 17476.0, -20300.0, -6206.0, 18292.0, 6164.0, -44206.0, -26816.0, -13578.0, 17306.0, -5028.0, -17156.0, -1490.0, -56744.0, 38710.0], [-14514.0, 18602.0, -282.0, 28374.0, 9286.0, -10228.0, 34006.0, 21296.0, 1620.0, 8462.0, 22188.0, 64346.0, -9806.0, 22464.0, -3500.0, 26568.0, 28392.0, 63326.0, 56132.0, 15734.0, -7944.0, -999890528.0, -51482.0, 77356.0, -27206.0, 34268.0, -8974.0, 18332.0, 37500.0, 42476.0, 1150.0, 62074.0, 1398.0, 29428.0, 21662.0, -766.0, -14436.0, -18112.0, -81326.0, -5980.0, 7736.0, 530.0, 6060.0, -39970.0, 334.0, 15240.0, 348.0, 8670.0, -4044.0, 10178.0], [908.0, -4888.0, 41424.0, -35044.0, 5552.0, 34518.0, 74088.0, -24638.0, 17662.0, -4348.0, 20346.0, -45740.0, -39728.0, 5622.0, 45706.0, -25262.0, 46326.0, 63932.0, 35266.0, -39812.0, 7510.0, -51482.0, -999890528.0, -36574.0, 78940.0, 25978.0, -5840.0, -64930.0, 9314.0, -46178.0, 6992.0, 5860.0, 15964.0, 23598.0, 19972.0, -31720.0, 58706.0, -3294.0, 5608.0, 16258.0, 16862.0, -2420.0, -23198.0, 20756.0, -1644.0, -9594.0, 48218.0, -24756.0, 28706.0, -9552.0], [44898.0, 15870.0, -13130.0, 81486.0, -31254.0, 13592.0, 39254.0, -40888.0, -32476.0, 11994.0, 8736.0, 3886.0, -51882.0, -46748.0, 25664.0, -36236.0, 60924.0, 18930.0, 56620.0, 42614.0, -6180.0, 77356.0, -36574.0, -999890528.0, 14886.0, 88084.0, 33614.0, 115688.0, -784.0, 27596.0, 16926.0, 26482.0, -71430.0, 15184.0, -16586.0, 790.0, -33356.0, 15652.0, 30018.0, 65008.0, -13356.0, 43502.0, -3792.0, 97486.0, 27994.0, -24480.0, -5528.0, 15490.0, -8680.0, 32822.0], [-28360.0, -26236.0, 12340.0, 47952.0, -15892.0, -9742.0, 34748.0, -33458.0, 93886.0, -11304.0, -618.0, -23740.0, 68676.0, 51418.0, -3618.0, 22410.0, 59690.0, -16136.0, 34910.0, 10568.0, 23678.0, -27206.0, 78940.0, 14886.0, -999890528.0, 11074.0, 19288.0, 3274.0, 29886.0, -90.0, 57884.0, 14744.0, 37036.0, -11930.0, 25448.0, -11332.0, 14850.0, -21478.0, 36556.0, 35654.0, 38358.0, 41020.0, -20086.0, 6992.0, 49724.0, -16322.0, 40674.0, -15732.0, 66098.0, 43380.0], [52766.0, -15690.0, -8418.0, 18974.0, -43930.0, -24816.0, 39974.0, 22772.0, 18196.0, 54698.0, 13236.0, -29902.0, -50570.0, -40516.0, -35720.0, -43644.0, 51248.0, 10950.0, -18892.0, 25434.0, 4008.0, 34268.0, 25978.0, 88084.0, 11074.0, -999890528.0, -8342.0, 66176.0, 43956.0, 45864.0, -9102.0, 42198.0, -46038.0, -39016.0, 11674.0, 38046.0, 6876.0, -44828.0, -2654.0, -41388.0, 26564.0, -1650.0, -788.0, -38982.0, -5586.0, -14904.0, 38976.0, -42138.0, -8176.0, -59986.0], [14088.0, 27628.0, -17800.0, -28164.0, 26504.0, -1926.0, -27932.0, -17742.0, 42950.0, 9140.0, 19890.0, -5692.0, 24396.0, 45630.0, 29138.0, 39062.0, -29890.0, -17700.0, -22106.0, 60532.0, 32278.0, -8974.0, -5840.0, 33614.0, 19288.0, -8342.0, -999890528.0, -11278.0, 15814.0, 14290.0, 5880.0, 11420.0, 31220.0, -87654.0, 17188.0, 17560.0, 27426.0, -1318.0, 23484.0, 40746.0, 11126.0, -20396.0, -4682.0, 31728.0, -6488.0, 1018.0, -55858.0, -18460.0, -39318.0, 2968.0], [-56994.0, -17794.0, 31942.0, 40690.0, -34018.0, 608.0, 18430.0, 55952.0, 30700.0, 36930.0, 53924.0, 30498.0, 36442.0, 5988.0, -29152.0, 87088.0, 20176.0, 11474.0, -12184.0, 94186.0, -88992.0, 18332.0, -64930.0, 115688.0, 3274.0, 66176.0, -11278.0, -999890528.0, 15400.0, 90248.0, -32858.0, 19102.0, 9618.0, 29732.0, -36058.0, -36110.0, -57712.0, -488.0, -1970.0, 39588.0, -25112.0, 67022.0, 28224.0, 25438.0, 3486.0, -17020.0, -41492.0, 36446.0, 15424.0, -31422.0], [32850.0, 22926.0, -11814.0, 12846.0, 61746.0, -18172.0, 39110.0, 984.0, 41816.0, -18030.0, 14080.0, -13266.0, 68246.0, -43752.0, 40756.0, 8048.0, 10032.0, 37666.0, 14944.0, -14558.0, 10936.0, 37500.0, 9314.0, -784.0, 29886.0, 43956.0, 15814.0, 15400.0, -999890528.0, 5548.0, 81018.0, 33382.0, -12018.0, 58368.0, 81570.0, -84358.0, 39228.0, 23468.0, -1846.0, -8140.0, 37788.0, 66190.0, -25260.0, 47510.0, 9066.0, -27888.0, 540.0, 15890.0, 25696.0, 29262.0], [38.0, 4558.0, 45730.0, 44438.0, 59754.0, -6368.0, 34918.0, -11156.0, 10756.0, -43126.0, 61692.0, 3030.0, 25386.0, -22856.0, -16956.0, -9584.0, -28072.0, 3922.0, 24084.0, 19694.0, 52372.0, 42476.0, -46178.0, 27596.0, -90.0, 45864.0, 14290.0, 90248.0, 5548.0, -999890528.0, 36942.0, 92574.0, 530.0, 55460.0, -3854.0, -16098.0, 48352.0, 18256.0, 10546.0, 33628.0, -2500.0, 25114.0, 6392.0, -9970.0, -16078.0, -26640.0, 42844.0, 54702.0, 7164.0, -18886.0], [20420.0, 64184.0, -35852.0, -27916.0, 17904.0, -23982.0, -15172.0, -6718.0, -14946.0, 45444.0, 64610.0, 44800.0, 41564.0, 36206.0, 5446.0, -21090.0, 33926.0, 68356.0, 13382.0, -41412.0, 9718.0, 1150.0, 6992.0, 16926.0, 57884.0, -9102.0, 5880.0, -32858.0, 81018.0, 36942.0, -999890528.0, -54908.0, -6268.0, -37930.0, 20132.0, -45328.0, 54750.0, 8982.0, 27452.0, -21154.0, 61926.0, 8448.0, 18114.0, -29928.0, 15124.0, -7438.0, 1090.0, -9864.0, 15382.0, 25304.0], [-17016.0, -23932.0, 6072.0, 22496.0, 43752.0, 47838.0, -4624.0, 79878.0, -8022.0, -5468.0, -19234.0, 308.0, -6032.0, 20794.0, -25526.0, -11694.0, 11050.0, -33908.0, -36770.0, -9104.0, -4650.0, 62074.0, 5860.0, 26482.0, 14744.0, 42198.0, 11420.0, 19102.0, 33382.0, 92574.0, -54908.0, -999890528.0, 31800.0, 113998.0, -2556.0, 29296.0, 18170.0, 56926.0, 36944.0, 30358.0, -35262.0, -16224.0, -85906.0, -7796.0, -7892.0, 28162.0, 5398.0, -45368.0, -25258.0, -36032.0], [4920.0, -41820.0, -26844.0, -38576.0, -7568.0, -28218.0, -57820.0, 3318.0, -9410.0, 4288.0, -1450.0, -44924.0, 17540.0, -32238.0, -46330.0, 55574.0, 46986.0, 23412.0, -35218.0, -41320.0, -13262.0, 1398.0, 15964.0, -71430.0, 37036.0, -46038.0, 31220.0, 9618.0, -12018.0, 530.0, -6268.0, 31800.0, -999890528.0, -2378.0, 14616.0, 7488.0, 65646.0, -28338.0, 73944.0, 12970.0, 37478.0, -1272.0, 52014.0, -5496.0, -41948.0, -8194.0, 9734.0, -468.0, 42462.0, -14072.0], [12506.0, 37050.0, -34002.0, 53670.0, 13486.0, -12112.0, 1950.0, -10220.0, 38312.0, -12682.0, 9308.0, 40606.0, -37930.0, -22508.0, -57832.0, 20448.0, -26680.0, 60518.0, -12228.0, 9770.0, 8800.0, 29428.0, 23598.0, 15184.0, -11930.0, -39016.0, -87654.0, 29732.0, 58368.0, 55460.0, -37930.0, 113998.0, -2378.0, -999890528.0, 12678.0, 72446.0, 25248.0, 12316.0, -73254.0, 61384.0, -34264.0, 2906.0, 42456.0, 35762.0, -91094.0, 16920.0, 59180.0, 6842.0, 24060.0, -2810.0], [-13132.0, -4876.0, 13872.0, 51172.0, -7592.0, -58154.0, 22752.0, 17162.0, -26402.0, 19304.0, 21406.0, 62720.0, -43172.0, -16710.0, 51706.0, 66922.0, 10474.0, -2252.0, 54530.0, 35372.0, -13022.0, 21662.0, 19972.0, -16586.0, 25448.0, 11674.0, 17188.0, -36058.0, 81570.0, -3854.0, 20132.0, -2556.0, 14616.0, 12678.0, -999890528.0, 43060.0, 49010.0, 45646.0, 101912.0, -21094.0, 37818.0, -15220.0, 87254.0, -31604.0, 26092.0, 17270.0, -12870.0, 28012.0, 33486.0, -43056.0], [44764.0, 10548.0, -88668.0, 19952.0, 14208.0, 19834.0, 10936.0, 20486.0, 31470.0, 34484.0, -32186.0, -20908.0, -26888.0, -22882.0, 10574.0, -6802.0, 11430.0, 35388.0, 28478.0, 3828.0, 13974.0, -766.0, -31720.0, 790.0, -11332.0, 38046.0, 17560.0, -36110.0, -84358.0, -16098.0, -45328.0, 29296.0, 7488.0, 72446.0, 43060.0, -999890528.0, 12806.0, 44218.0, -36748.0, 34734.0, -7570.0, -68816.0, 29582.0, 66856.0, 4072.0, -13114.0, -7066.0, -40992.0, 1354.0, 45808.0], [-52242.0, -30450.0, 20998.0, 39210.0, 7138.0, 26204.0, 10054.0, 22664.0, 20996.0, 5394.0, 48508.0, 22998.0, 34626.0, -35960.0, 34560.0, -25640.0, -56668.0, -43006.0, 32656.0, -26890.0, 17476.0, -14436.0, 58706.0, -33356.0, 14850.0, 6876.0, 27426.0, -57712.0, 39228.0, 48352.0, 54750.0, 18170.0, 65646.0, 25248.0, 49010.0, 12806.0, -999890528.0, 24804.0, 26510.0, 7216.0, 29340.0, -2594.0, 111880.0, 36646.0, 53922.0, 6368.0, -72832.0, 5622.0, -6912.0, -46514.0], [3902.0, 6622.0, 14234.0, -24722.0, 14278.0, -12588.0, -24746.0, 5928.0, 25716.0, 63134.0, 34352.0, -38662.0, 26398.0, 21308.0, -8400.0, 12828.0, 17464.0, 7102.0, -74200.0, 30550.0, -20300.0, -18112.0, -3294.0, 15652.0, -21478.0, -44828.0, -1318.0, -488.0, 23468.0, 18256.0, 8982.0, 56926.0, -28338.0, 12316.0, 45646.0, 44218.0, 24804.0, -999890528.0, -51238.0, 35028.0, 27800.0, 10182.0, -52692.0, 24466.0, 17850.0, -21160.0, -64928.0, 19722.0, 21104.0, 14890.0], [39184.0, 22112.0, 27992.0, -26768.0, -33220.0, -1618.0, -21032.0, -9998.0, -1046.0, 29584.0, -22998.0, 31492.0, 82136.0, 41402.0, -19318.0, 93594.0, 11354.0, 1976.0, -21714.0, 70676.0, -6206.0, -81326.0, 5608.0, 30018.0, 36556.0, -2654.0, 23484.0, -1970.0, -1846.0, 10546.0, 27452.0, 36944.0, 73944.0, -73254.0, 101912.0, -36748.0, 26510.0, -51238.0, -999890528.0, -26182.0, 73386.0, -13016.0, 850.0, 4088.0, 34520.0, -8130.0, -5666.0, 4780.0, 18994.0, -31380.0], [32366.0, -6798.0, -56542.0, -7598.0, -10042.0, 30576.0, -29166.0, -1056.0, -25892.0, 30270.0, -14428.0, 38434.0, 10.0, -37160.0, -6908.0, -2584.0, -30532.0, 41666.0, -42424.0, 34586.0, 18292.0, -5980.0, 16258.0, 65008.0, 35654.0, -41388.0, 40746.0, 39588.0, -8140.0, 33628.0, -21154.0, 30358.0, 12970.0, 61384.0, -21094.0, 34734.0, 7216.0, 35028.0, -26182.0, -999890528.0, -42504.0, 63274.0, -8948.0, 30646.0, 4486.0, -31436.0, -17996.0, 754.0, 43884.0, 12274.0], [-10658.0, 28174.0, 14922.0, 11350.0, -4138.0, -5784.0, 16670.0, -6428.0, -7860.0, -18090.0, -19056.0, -36642.0, 29626.0, -13172.0, 43800.0, 7020.0, 64772.0, 45522.0, -7372.0, 35006.0, 6164.0, 7736.0, 16862.0, -13356.0, 38358.0, 26564.0, 11126.0, -25112.0, 37788.0, -2500.0, 61926.0, -35262.0, 37478.0, -34264.0, 37818.0, -7570.0, 29340.0, 27800.0, 73386.0, -42504.0, -999890528.0, 37330.0, 61856.0, 14738.0, 20762.0, 10116.0, -13500.0, 28626.0, 40548.0, -37390.0], [54852.0, 14064.0, -3984.0, 40756.0, 25412.0, 6842.0, 21992.0, 35526.0, 40274.0, -18712.0, -19186.0, -284.0, 8928.0, 20462.0, -7858.0, 8774.0, 39606.0, -8744.0, -34694.0, 44156.0, -44206.0, 530.0, -2420.0, 43502.0, 41020.0, -1650.0, -20396.0, 67022.0, 66190.0, 25114.0, 8448.0, -16224.0, -1272.0, 2906.0, -15220.0, -68816.0, -2594.0, 10182.0, -13016.0, 63274.0, 37330.0, -999890528.0, -8258.0, 44892.0, 30836.0, 92322.0, -18170.0, -13724.0, -58226.0, -8552.0], [9722.0, -13262.0, -43394.0, 2778.0, 16034.0, -20432.0, 23830.0, 12180.0, -15240.0, 32466.0, 572.0, 26470.0, -4818.0, -5168.0, 48072.0, 15436.0, -30568.0, 47138.0, 6456.0, -10174.0, -26816.0, 6060.0, -23198.0, -3792.0, -20086.0, -788.0, -4682.0, 28224.0, -25260.0, 6392.0, 18114.0, -85906.0, 52014.0, 42456.0, 87254.0, 29582.0, 111880.0, -52692.0, 850.0, -8948.0, 61856.0, -8258.0, -999890528.0, -9310.0, 47474.0, 33940.0, 2108.0, -17574.0, -5088.0, -7922.0], [20336.0, -28488.0, -26212.0, -34124.0, 2388.0, 21810.0, -7800.0, -21454.0, -29330.0, 34432.0, 34206.0, 27204.0, -3488.0, 23046.0, 43994.0, 20866.0, -55934.0, 40956.0, -16066.0, 19676.0, -13578.0, -39970.0, 20756.0, 97486.0, 6992.0, -38982.0, 31728.0, 25438.0, 47510.0, -9970.0, -29928.0, -7796.0, -5496.0, 35762.0, -31604.0, 66856.0, 36646.0, 24466.0, 4088.0, 30646.0, 14738.0, 44892.0, -9310.0, -999890528.0, 26492.0, 54310.0, 52134.0, 50008.0, -39342.0, -1572.0], [25764.0, -36356.0, -33612.0, -10036.0, 66952.0, 5598.0, -33652.0, -16770.0, -1166.0, 31064.0, 20570.0, -8064.0, -28608.0, -9206.0, 35382.0, 28522.0, 24326.0, -10980.0, -3150.0, 20340.0, 17306.0, 334.0, -1644.0, 27994.0, 49724.0, -5586.0, -6488.0, 3486.0, 9066.0, -16078.0, 15124.0, -7892.0, -41948.0, -91094.0, 26092.0, 4072.0, 53922.0, 17850.0, 34520.0, 4486.0, 20762.0, 30836.0, 47474.0, 26492.0, -999890528.0, -12394.0, 22358.0, 28696.0, -5366.0, 13568.0], [52262.0, -38766.0, -8350.0, 23118.0, 1134.0, -19504.0, 53578.0, -19140.0, -39044.0, -22562.0, -8428.0, -29378.0, -5874.0, 59736.0, 5568.0, 49704.0, -40784.0, 35142.0, -15736.0, 6158.0, -5028.0, 15240.0, -9594.0, -24480.0, -16322.0, -14904.0, 1018.0, -17020.0, -27888.0, -26640.0, -7438.0, 28162.0, -8194.0, 16920.0, 17270.0, -13114.0, 6368.0, -21160.0, -8130.0, -31436.0, 10116.0, 92322.0, 33940.0, 54310.0, -12394.0, -999890528.0, -19424.0, 116514.0, -51868.0, 66278.0], [12402.0, 32842.0, -6158.0, 39538.0, -1914.0, 33536.0, 318.0, -15932.0, -2672.0, -34426.0, 9116.0, 19722.0, -16654.0, 9392.0, 4008.0, -40604.0, -10204.0, -5854.0, -22744.0, 15242.0, -17156.0, 348.0, 48218.0, -5528.0, 40674.0, 38976.0, -55858.0, -41492.0, 540.0, 42844.0, 1090.0, 5398.0, 9734.0, 59180.0, -12870.0, -7066.0, -72832.0, -64928.0, -5666.0, -17996.0, -13500.0, -18170.0, 2108.0, 52134.0, 22358.0, -19424.0, -999890528.0, -38298.0, 36372.0, 12930.0], [65160.0, -42988.0, -16520.0, -30768.0, -12204.0, -3922.0, 4496.0, 7050.0, 8554.0, 1640.0, 15806.0, -18680.0, -10356.0, -25686.0, -12014.0, 25558.0, 4990.0, -10752.0, -28494.0, -13640.0, -1490.0, 8670.0, -24756.0, 15490.0, -15732.0, -42138.0, -18460.0, 36446.0, 15890.0, 54702.0, -9864.0, -45368.0, -468.0, 6842.0, 28012.0, -40992.0, 5622.0, 19722.0, 4780.0, 754.0, 28626.0, -13724.0, -17574.0, 50008.0, 28696.0, 116514.0, -38298.0, -999890528.0, -9770.0, -15916.0], [17682.0, 5782.0, 45822.0, -22586.0, -24274.0, 52076.0, -47614.0, 5052.0, -2788.0, 54702.0, 30516.0, 7546.0, 5934.0, 42656.0, 12328.0, 10436.0, -9436.0, 28942.0, -12832.0, 22906.0, -56744.0, -4044.0, 28706.0, -8680.0, 66098.0, -8176.0, -39318.0, 15424.0, 25696.0, 7164.0, 15382.0, -25258.0, 42462.0, 24060.0, 33486.0, 1354.0, -6912.0, 21104.0, 18994.0, 43884.0, 40548.0, -58226.0, -5088.0, -39342.0, -5366.0, -51868.0, 36372.0, -9770.0, -999890528.0, -9450.0], [69984.0, -85496.0, -29312.0, -23084.0, 26884.0, 52354.0, 5996.0, 32310.0, 5846.0, 6960.0, -41246.0, -9180.0, 39560.0, 18914.0, -8822.0, -25658.0, -22902.0, -14952.0, -726.0, -33416.0, 38710.0, 10178.0, -9552.0, 32822.0, 43380.0, -59986.0, 2968.0, -31422.0, 29262.0, -18886.0, 25304.0, -36032.0, -14072.0, -2810.0, -43056.0, 45808.0, -46514.0, 14890.0, -31380.0, 12274.0, -37390.0, -8552.0, -7922.0, -1572.0, 13568.0, 66278.0, 12930.0, -15916.0, -9450.0, -999890528.0]]}