{"connections": [[-99989319.0, -15389.0, 7485.0, -2729.0, -1741.0, -2121.0, -1087.0, 9107.0, -12505.0, -9803.0, -719.0, 7691.0, 4841.0, -11915.0, 16237.0, -9843.0, 1813.0, -7001.0, 703.0, -3697.0, 1365.0, 6467.0, 4181.0, 3517.0, -4963.0, 895.0, 17009.0, 4991.0, -9617.0, 1849.0, -1587.0, -4209.0, -41.0, 4695.0, -8257.0, -12289.0, -5963.0, -183.0, -10475.0, -2577.0, 8029.0, 12417.0, -14365.0, 4265.0, 2309.0, 12205.0, 1215.0, 9215.0, -20733.0, -2537.0], [-15389.0, -99989319.0, 12155.0, 11393.0, -5023.0, -14859.0, -2625.0, 8837.0, 10969.0, 8667.0, 10563.0, -10895.0, -1325.0, -4181.0, -1945.0, -4917.0, 3767.0, 12077.0, -29331.0, 1333.0, 1319.0, -11999.0, -4709.0, 11439.0, -9781.0, 7373.0, -4685.0, 1449.0, 6737.0, -409.0, 14467.0, 10641.0, 9145.0, 1349.0, -11595.0, 1821.0, 503.0, 4671.0, 5551.0, 141.0, -5537.0, 11803.0, -19275.0, 6983.0, -10121.0, 1647.0, -13799.0, -6423.0, 5889.0, 2109.0], [7485.0, 12155.0, -99989319.0, 19619.0, -8945.0, -2085.0, 10813.0, 13527.0, 11871.0, -4147.0, 12649.0, 16395.0, -15039.0, 21109.0, -107.0, -16495.0, 3497.0, 11935.0, -19557.0, 8327.0, -9527.0, 9599.0, -2879.0, -3375.0, 18557.0, -14829.0, 1097.0, 3083.0, -2229.0, 129.0, 7233.0, 3311.0, 8291.0, 6979.0, -4557.0, 5895.0, -6183.0, 2197.0, -1431.0, -965.0, 5993.0, 6181.0, -18097.0, 1133.0, 3557.0, -4075.0, 20327.0, 7151.0, 19.0, -857.0], [-2729.0, 11393.0, 19619.0, -99989319.0, -579.0, 14065.0, 16207.0, 5333.0, -9915.0, 11747.0, -13617.0, 1681.0, 6543.0, -12529.0, -8161.0, -3369.0, -14365.0, -399.0, -5791.0, -2835.0, 31919.0, -1231.0, -21321.0, 3383.0, 19635.0, 7125.0, -5093.0, -16743.0, -11523.0, 2515.0, -5817.0, -2351.0, -10951.0, 10553.0, -1711.0, 22613.0, 10607.0, -573.0, 4391.0, 201.0, 13131.0, -701.0, -18655.0, -4693.0, 8667.0, -14113.0, -991.0, 621.0, -15607.0, 4485.0], [-1741.0, -5023.0, -8945.0, -579.0, -99989319.0, 19525.0, -9.0, 8113.0, 13781.0, 2511.0, -901.0, -12307.0, 8143.0, 6859.0, -7993.0, 7415.0, 24711.0, 5517.0, -23099.0, -7599.0, -15401.0, -1667.0, -3857.0, 1903.0, 6619.0, 5185.0, -8345.0, 8441.0, -939.0, -31269.0, -8537.0, 7121.0, 10153.0, -24275.0, -4431.0, 513.0, 2019.0, -7925.0, 9531.0, 7137.0, 12283.0, -2449.0, 13849.0, 1231.0, 5203.0, 4603.0, 2549.0, 6761.0, -2995.0, -2079.0], [-2121.0, -14859.0, -2085.0, 14065.0, 19525.0, -99989319.0, 495.0, 10837.0, -11927.0, 4207.0, -4721.0, 3369.0, -4953.0, -2837.0, -16001.0, 2739.0, -1405.0, -5023.0, -16635.0, 3093.0, 4343.0, 7197.0, 1847.0, -2509.0, 8235.0, -4895.0, -5405.0, -4023.0, 1133.0, 6351.0, 2531.0, -6919.0, -7551.0, 3237.0, 7821.0, 10917.0, -8889.0, 7387.0, -4809.0, -6003.0, 10975.0, -649.0, -10127.0, 2827.0, -8393.0, 10831.0, 18385.0, 8557.0, -7439.0, 2421.0], [-1087.0, -2625.0, 10813.0, 16207.0, -9.0, 495.0, -99989319.0, -5717.0, 13267.0, 10617.0, -8599.0, 17223.0, 14541.0, -379.0, -8327.0, -6983.0, -10875.0, -1441.0, -5769.0, -385.0, 10589.0, -4737.0, -175.0, -14291.0, -2567.0, -17549.0, 3445.0, 6399.0, -6989.0, -8831.0, 5537.0, 1903.0, 2263.0, 1599.0, -6201.0, 12019.0, 1209.0, 16753.0, 7777.0, 807.0, -4163.0, 5657.0, 6195.0, 21673.0, -1131.0, -9911.0, 8219.0, 6803.0, 5547.0, -13685.0], [9107.0, 8837.0, 13527.0, 5333.0, 8113.0, 10837.0, -5717.0, -99989319.0, 16953.0, 491.0, -6145.0, 11705.0, 8131.0, -1569.0, -6109.0, -601.0, 2851.0, -21503.0, -13155.0, 20541.0, 5923.0, -7051.0, 8075.0, 15099.0, 12023.0, 3125.0, 8899.0, 5481.0, -8767.0, 31.0, -15349.0, 6013.0, 25605.0, -2107.0, -2419.0, 1517.0, 6863.0, -9637.0, -25605.0, 16165.0, -10865.0, -14797.0, 5001.0, 9219.0, 4623.0, 11091.0, -11483.0, -12959.0, -4891.0, -8803.0], [-12505.0, 10969.0, 11871.0, -9915.0, 13781.0, -11927.0, 13267.0, 16953.0, -99989319.0, 23.0, 5739.0, -4103.0, -4245.0, -12693.0, 14391.0, 3603.0, 16595.0, 12997.0, 8181.0, 1525.0, 571.0, -3703.0, 2787.0, -1309.0, -2233.0, 2045.0, 10023.0, 15457.0, 8929.0, -6869.0, 4175.0, 1637.0, 20121.0, 23569.0, 18761.0, -339.0, -1373.0, -14313.0, 1363.0, 6269.0, -13349.0, 14555.0, -583.0, 7983.0, -2441.0, -11445.0, -1555.0, 229.0, 5741.0, -123.0], [-9803.0, 8667.0, -4147.0, 11747.0, 2511.0, 4207.0, 10617.0, 491.0, 23.0, -99989319.0, -10167.0, 22735.0, 11861.0, -10591.0, -9087.0, -5199.0, 4945.0, 8651.0, 6695.0, 751.0, -7611.0, -10757.0, -2631.0, 9669.0, 7333.0, -749.0, 4349.0, 5183.0, -9589.0, -3019.0, 6937.0, -20565.0, -4093.0, -11325.0, -4425.0, 235.0, 5497.0, -32747.0, -383.0, 3187.0, -16011.0, 4277.0, 23087.0, -13359.0, 533.0, 8217.0, -913.0, -2025.0, 2631.0, -17213.0], [-719.0, 10563.0, 12649.0, -13617.0, -901.0, -4721.0, -8599.0, -6145.0, 5739.0, -10167.0, -99989319.0, -6361.0, 16041.0, 1325.0, 3965.0, 4993.0, 7665.0, -14465.0, 851.0, 8455.0, -1623.0, -17617.0, 3677.0, 9449.0, 22097.0, 5087.0, -2271.0, -18781.0, -7997.0, 18973.0, 8405.0, -461.0, -23345.0, 3547.0, 13043.0, -10209.0, -5375.0, -17187.0, -13679.0, 24495.0, 8413.0, -3391.0, 11527.0, 725.0, -1455.0, -6311.0, 5727.0, 11363.0, -1233.0, -8965.0], [7691.0, -10895.0, 16395.0, 1681.0, -12307.0, 3369.0, 17223.0, 11705.0, -4103.0, 22735.0, -6361.0, -99989319.0, 787.0, 6311.0, 11703.0, -5501.0, 4135.0, 3785.0, -1071.0, 25573.0, -11149.0, -2759.0, -789.0, -16793.0, 6087.0, 13661.0, -18177.0, 477.0, 4017.0, -10905.0, 12763.0, 12733.0, -8195.0, -343.0, 9341.0, 173.0, -1541.0, 14627.0, 6291.0, 4893.0, 7199.0, 15971.0, -11259.0, 3011.0, 863.0, 3379.0, 2413.0, 5777.0, -9555.0, -9295.0], [4841.0, -1325.0, -15039.0, 6543.0, 8143.0, -4953.0, 14541.0, 8131.0, -4245.0, 11861.0, 16041.0, 787.0, -99989319.0, -13043.0, 3293.0, 18241.0, 1973.0, 18951.0, -11205.0, 2807.0, 17601.0, 6471.0, 4089.0, -3147.0, -4511.0, 5307.0, -5151.0, 6195.0, 13699.0, 10773.0, -627.0, -373.0, -1465.0, -4957.0, 12419.0, 9063.0, 13425.0, -4627.0, -15099.0, -9.0, -9191.0, -13367.0, 10243.0, 9477.0, -7871.0, 11373.0, 7667.0, -15393.0, 6543.0, -12149.0], [-11915.0, -4181.0, 21109.0, -12529.0, 6859.0, -2837.0, -379.0, -1569.0, -12693.0, -10591.0, 1325.0, 6311.0, -13043.0, -99989319.0, 4501.0, 12757.0, 14953.0, 375.0, 13347.0, -2949.0, 7733.0, -105.0, 2785.0, -8887.0, -1343.0, -5045.0, -17979.0, -3825.0, 10167.0, 10413.0, 5501.0, -1585.0, 4859.0, -17765.0, -4701.0, -945.0, 6285.0, -4451.0, -7155.0, -2477.0, 4873.0, -887.0, -1953.0, -3647.0, 3057.0, -10215.0, 16871.0, -8617.0, -15221.0, 3827.0], [16237.0, -1945.0, -107.0, -8161.0, -7993.0, -16001.0, -8327.0, -6109.0, 14391.0, -9087.0, 3965.0, 11703.0, 3293.0, 4501.0, -99989319.0, 1777.0, 2265.0, -5237.0, -2153.0, -537.0, -3363.0, 8511.0, 13385.0, 8721.0, -8479.0, -3905.0, 9469.0, -1629.0, 10843.0, 15601.0, 1933.0, -13541.0, -2089.0, 1691.0, -6545.0, 9195.0, -5799.0, -10515.0, 16833.0, 4087.0, -10591.0, 14453.0, 3723.0, 413.0, -22043.0, 5649.0, -1417.0, -12057.0, -5685.0, 14791.0], [-9843.0, -4917.0, -16495.0, -3369.0, 7415.0, 2739.0, -6983.0, -601.0, 3603.0, -5199.0, 4993.0, -5501.0, 18241.0, 12757.0, 1777.0, -99989319.0, 2877.0, 3695.0, -16637.0, 16487.0, -2019.0, -8893.0, -2307.0, 5649.0, -643.0, 8407.0, -16335.0, -12309.0, 6743.0, 2965.0, 11149.0, -13177.0, 4311.0, -4313.0, -10197.0, 1455.0, 3013.0, 33493.0, 1445.0, -8897.0, 11957.0, 7781.0, 5103.0, -1583.0, -13711.0, 4633.0, 2463.0, -2201.0, 6947.0, 14183.0], [1813.0, 3767.0, 3497.0, -14365.0, 24711.0, -1405.0, -10875.0, 2851.0, 16595.0, 4945.0, 7665.0, 4135.0, 1973.0, 14953.0, 2265.0, 2877.0, -99989319.0, 5071.0, -9741.0, 23079.0, -1623.0, -6329.0, -2547.0, -1915.0, 9329.0, -14181.0, -15595.0, -8253.0, 15695.0, -7875.0, -6163.0, 1243.0, 8567.0, 25207.0, -6089.0, 1663.0, 10685.0, 2037.0, 8085.0, -4221.0, -10179.0, 1081.0, -4641.0, 5781.0, -6215.0, -1567.0, -789.0, -7109.0, -417.0, 2503.0], [-7001.0, 12077.0, 11935.0, -399.0, 5517.0, -5023.0, -1441.0, -21503.0, 12997.0, 8651.0, -14465.0, 3785.0, 18951.0, 375.0, -5237.0, 3695.0, 5071.0, -99989319.0, -8583.0, -5423.0, 7839.0, 11541.0, 10395.0, 9719.0, 2839.0, -7691.0, -7729.0, -15183.0, -12595.0, -329.0, 211.0, 6377.0, -3115.0, 5365.0, -355.0, 14649.0, -389.0, 16067.0, -4621.0, -7675.0, -5529.0, 2555.0, -18359.0, -609.0, 12243.0, -11913.0, 3965.0, 13861.0, -25267.0, 5801.0], [703.0, -29331.0, -19557.0, -5791.0, -23099.0, -16635.0, -5769.0, -13155.0, 8181.0, 6695.0, 851.0, -1071.0, -11205.0, 13347.0, -2153.0, -16637.0, -9741.0, -8583.0, -99989319.0, 2225.0, 20687.0, -5615.0, 15935.0, -8741.0, -6105.0, -11831.0, -19141.0, -14567.0, 5601.0, -6041.0, -9077.0, 18785.0, -371.0, -15583.0, 2893.0, -26831.0, 15695.0, -681.0, 2719.0, 5625.0, 8059.0, -1517.0, 14013.0, 3747.0, -11641.0, -7705.0, 8769.0, -11743.0, -17755.0, 4997.0], [-3697.0, 1333.0, 8327.0, -2835.0, -7599.0, 3093.0, -385.0, 20541.0, 1525.0, 751.0, 8455.0, 25573.0, 2807.0, -2949.0, -537.0, 16487.0, 23079.0, -5423.0, 2225.0, -99989319.0, 12695.0, 7833.0, 1919.0, 18019.0, 731.0, 6417.0, 2423.0, 4125.0, 3061.0, 20907.0, 5587.0, 15125.0, -4159.0, 3349.0, -9211.0, -1719.0, 5243.0, 17339.0, -2865.0, -25071.0, 6551.0, 9395.0, -7599.0, 3887.0, 13039.0, 4219.0, 5605.0, -987.0, 9901.0, -6619.0], [1365.0, 1319.0, -9527.0, 31919.0, -15401.0, 4343.0, 10589.0, 5923.0, 571.0, -7611.0, -1623.0, -11149.0, 17601.0, 7733.0, -3363.0, -2019.0, -1623.0, 7839.0, 20687.0, 12695.0, -99989319.0, 2639.0, 33377.0, 12853.0, 12057.0, 3707.0, 3229.0, -4005.0, 17495.0, 2037.0, 9073.0, -3361.0, -393.0, 6319.0, 4875.0, 455.0, 14437.0, -9195.0, 10641.0, 6559.0, -14411.0, -311.0, 2967.0, -10267.0, 13237.0, 11461.0, 8907.0, 22967.0, -1649.0, -13593.0], [6467.0, -11999.0, 9599.0, -1231.0, -1667.0, 7197.0, -4737.0, -7051.0, -3703.0, -10757.0, -17617.0, -2759.0, 6471.0, -105.0, 8511.0, -8893.0, -6329.0, 11541.0, -5615.0, 7833.0, 2639.0, -99989319.0, -1981.0, -15909.0, 10091.0, -5903.0, -3909.0, 1705.0, 16345.0, 6787.0, 9251.0, 4733.0, 445.0, 6081.0, -1143.0, -10359.0, 12731.0, 13863.0, 2879.0, -6843.0, -3773.0, -1645.0, -571.0, 24151.0, 1739.0, -14461.0, -8655.0, 14045.0, -3263.0, -22595.0], [4181.0, -4709.0, -2879.0, -21321.0, -3857.0, 1847.0, -175.0, 8075.0, 2787.0, -2631.0, 3677.0, -789.0, 4089.0, 2785.0, 13385.0, -2307.0, -2547.0, 10395.0, 15935.0, 1919.0, 33377.0, -1981.0, -99989319.0, 4405.0, 16137.0, 27199.0, -823.0, -11425.0, 8867.0, -5235.0, -2163.0, -1973.0, -21025.0, 2947.0, 2031.0, 14431.0, -2595.0, -11695.0, 8589.0, 9547.0, -8967.0, -22355.0, 6003.0, 1437.0, 6325.0, -9283.0, 3015.0, -2141.0, -8313.0, -3253.0], [3517.0, 11439.0, -3375.0, 3383.0, 1903.0, -2509.0, -14291.0, 15099.0, -1309.0, 9669.0, 9449.0, -16793.0, -3147.0, -8887.0, 8721.0, 5649.0, -1915.0, 9719.0, -8741.0, 18019.0, 12853.0, -15909.0, 4405.0, -99989319.0, -15775.0, -553.0, -28855.0, 2903.0, -545.0, 717.0, 6165.0, -4973.0, -13233.0, -5053.0, -5773.0, 83.0, -16887.0, 713.0, -5219.0, 12267.0, -7223.0, 1073.0, -4869.0, 9729.0, 8565.0, -9479.0, -12565.0, 20487.0, 10107.0, 107.0], [-4963.0, -9781.0, 18557.0, 19635.0, 6619.0, 8235.0, -2567.0, 12023.0, -2233.0, 7333.0, 22097.0, 6087.0, -4511.0, -1343.0, -8479.0, -643.0, 9329.0, 2839.0, -6105.0, 731.0, 12057.0, 10091.0, 16137.0, -15775.0, -99989319.0, -10361.0, 26389.0, -153.0, 8047.0, -6099.0, 1497.0, 2439.0, 1291.0, -3141.0, -10533.0, -8237.0, 5225.0, 20049.0, 8357.0, 13735.0, 425.0, -6939.0, -3477.0, 10673.0, -21035.0, -10571.0, 4923.0, -15553.0, -9477.0, 3847.0], [895.0, 7373.0, -14829.0, 7125.0, 5185.0, -4895.0, -17549.0, 3125.0, 2045.0, -749.0, 5087.0, 13661.0, 5307.0, -5045.0, -3905.0, 8407.0, -14181.0, -7691.0, -11831.0, 6417.0, 3707.0, -5903.0, 27199.0, -553.0, -10361.0, -99989319.0, 4155.0, 9037.0, -1071.0, -7989.0, 5415.0, -16299.0, 10217.0, -4279.0, -2363.0, -259.0, 16887.0, -973.0, -15597.0, 8005.0, -3869.0, -9.0, 1157.0, -10657.0, 24955.0, 15319.0, 14477.0, 6605.0, -1427.0, 1669.0], [17009.0, -4685.0, 1097.0, -5093.0, -8345.0, -5405.0, 3445.0, 8899.0, 10023.0, 4349.0, -2271.0, -18177.0, -5151.0, -17979.0, 9469.0, -16335.0, -15595.0, -7729.0, -19141.0, 2423.0, 3229.0, -3909.0, -823.0, -28855.0, 26389.0, 4155.0, -99989319.0, -8257.0, -5057.0, 25853.0, 11341.0, -16421.0, 14679.0, 1935.0, -353.0, 2483.0, -8479.0, -5239.0, -3303.0, -9309.0, -7895.0, -2271.0, -8065.0, -18847.0, -21099.0, 8289.0, -3581.0, 3331.0, -6341.0, -17841.0], [4991.0, 1449.0, 3083.0, -16743.0, 8441.0, -4023.0, 6399.0, 5481.0, 15457.0, 5183.0, -18781.0, 477.0, 6195.0, -3825.0, -1629.0, -12309.0, -8253.0, -15183.0, -14567.0, 4125.0, -4005.0, 1705.0, -11425.0, 2903.0, -153.0, 9037.0, -8257.0, -99989319.0, -5171.0, -877.0, -1429.0, -4135.0, -1755.0, -24059.0, -35.0, -623.0, -17713.0, 4183.0, 14735.0, -16195.0, 3683.0, 1563.0, -11295.0, -18769.0, -12161.0, -4881.0, -10507.0, -3387.0, -14799.0, -10715.0], [-9617.0, 6737.0, -2229.0, -11523.0, -939.0, 1133.0, -6989.0, -8767.0, 8929.0, -9589.0, -7997.0, 4017.0, 13699.0, 10167.0, 10843.0, 6743.0, 15695.0, -12595.0, 5601.0, 3061.0, 17495.0, 16345.0, 8867.0, -545.0, 8047.0, -1071.0, -5057.0, -5171.0, -99989319.0, 3311.0, 16727.0, 8497.0, 7465.0, -1839.0, 4185.0, -3963.0, -5997.0, -10453.0, 2451.0, 6301.0, -5049.0, -15689.0, -13119.0, 5439.0, -13253.0, -15433.0, -63.0, 7729.0, 15717.0, -3331.0], [1849.0, -409.0, 129.0, 2515.0, -31269.0, 6351.0, -8831.0, 31.0, -6869.0, -3019.0, 18973.0, -10905.0, 10773.0, 10413.0, 15601.0, 2965.0, -7875.0, -329.0, -6041.0, 20907.0, 2037.0, 6787.0, -5235.0, 717.0, -6099.0, -7989.0, 25853.0, -877.0, 3311.0, -99989319.0, -2295.0, 7583.0, -16929.0, 13987.0, 15307.0, 9363.0, -1147.0, -18479.0, -1687.0, -65.0, -9899.0, -475.0, -5349.0, -7867.0, 16477.0, 10769.0, 11791.0, -865.0, 6767.0, -1141.0], [-1587.0, 14467.0, 7233.0, -5817.0, -8537.0, 2531.0, 5537.0, -15349.0, 4175.0, 6937.0, 8405.0, 12763.0, -627.0, 5501.0, 1933.0, 11149.0, -6163.0, 211.0, -9077.0, 5587.0, 9073.0, 9251.0, -2163.0, 6165.0, 1497.0, 5415.0, 11341.0, -1429.0, 16727.0, -2295.0, -99989319.0, -3433.0, 5423.0, 1091.0, 11531.0, -3185.0, 11249.0, 18037.0, -4679.0, 3795.0, 7353.0, -5391.0, -201.0, -11023.0, 11829.0, -3719.0, 12579.0, 5011.0, 6379.0, 12655.0], [-4209.0, 10641.0, 3311.0, -2351.0, 7121.0, -6919.0, 1903.0, 6013.0, 1637.0, -20565.0, -461.0, 12733.0, -373.0, -1585.0, -13541.0, -13177.0, 1243.0, 6377.0, 18785.0, 15125.0, -3361.0, 4733.0, -1973.0, -4973.0, 2439.0, -16299.0, -16421.0, -4135.0, 8497.0, 7583.0, -3433.0, -99989319.0, -1391.0, -21403.0, 12017.0, 13109.0, -11329.0, 15595.0, 4291.0, 2405.0, 2471.0, 16283.0, -1027.0, 6371.0, -9557.0, -833.0, 4277.0, 17649.0, 12397.0, -13759.0], [-41.0, 9145.0, 8291.0, -10951.0, 10153.0, -7551.0, 2263.0, 25605.0, 20121.0, -4093.0, -23345.0, -8195.0, -1465.0, 4859.0, -2089.0, 4311.0, 8567.0, -3115.0, -371.0, -4159.0, -393.0, 445.0, -21025.0, -13233.0, 1291.0, 10217.0, 14679.0, -1755.0, 7465.0, -16929.0, 5423.0, -1391.0, -99989319.0, -539.0, 8173.0, 15385.0, -7181.0, 2971.0, -8221.0, -1027.0, -8629.0, -4325.0, 8065.0, 14151.0, 7119.0, 3235.0, 17509.0, -3707.0, 22641.0, 10389.0], [4695.0, 1349.0, 6979.0, 10553.0, -24275.0, 3237.0, 1599.0, -2107.0, 23569.0, -11325.0, 3547.0, -343.0, -4957.0, -17765.0, 1691.0, -4313.0, 25207.0, 5365.0, -15583.0, 3349.0, 6319.0, 6081.0, 2947.0, -5053.0, -3141.0, -4279.0, 1935.0, -24059.0, -1839.0, 13987.0, 1091.0, -21403.0, -539.0, -99989319.0, -5791.0, -4583.0, -13793.0, -1953.0, -8025.0, 13413.0, 13859.0, -9049.0, -8547.0, -4825.0, -22645.0, 4795.0, 17621.0, -3171.0, 16529.0, 2377.0], [-8257.0, -11595.0, -4557.0, -1711.0, -4431.0, 7821.0, -6201.0, -2419.0, 18761.0, -4425.0, 13043.0, 9341.0, 12419.0, -4701.0, -6545.0, -10197.0, -6089.0, -355.0, 2893.0, -9211.0, 4875.0, -1143.0, 2031.0, -5773.0, -10533.0, -2363.0, -353.0, -35.0, 4185.0, 15307.0, 11531.0, 12017.0, 8173.0, -5791.0, -99989319.0, 397.0, 8711.0, 6767.0, 18199.0, -11763.0, 2427.0, 507.0, 5885.0, 5063.0, -753.0, 14035.0, -3219.0, 4057.0, -11427.0, -2919.0], [-12289.0, 1821.0, 5895.0, 22613.0, 513.0, 10917.0, 12019.0, 1517.0, -339.0, 235.0, -10209.0, 173.0, 9063.0, -945.0, 9195.0, 1455.0, 1663.0, 14649.0, -26831.0, -1719.0, 455.0, -10359.0, 14431.0, 83.0, -8237.0, -259.0, 2483.0, -623.0, -3963.0, 9363.0, -3185.0, 13109.0, 15385.0, -4583.0, 397.0, -99989319.0, 6371.0, 2175.0, -12373.0, 11437.0, 6423.0, 12527.0, 4585.0, 5247.0, -225.0, -4757.0, 8941.0, -4511.0, 2209.0, -14239.0], [-5963.0, 503.0, -6183.0, 10607.0, 2019.0, -8889.0, 1209.0, 6863.0, -1373.0, 5497.0, -5375.0, -1541.0, 13425.0, 6285.0, -5799.0, 3013.0, 10685.0, -389.0, 15695.0, 5243.0, 14437.0, 12731.0, -2595.0, -16887.0, 5225.0, 16887.0, -8479.0, -17713.0, -5997.0, -1147.0, 11249.0, -11329.0, -7181.0, -13793.0, 8711.0, 6371.0, -99989319.0, -6891.0, 10501.0, -2749.0, 14089.0, -13639.0, 14823.0, -9667.0, 10613.0, -6175.0, -6585.0, -8001.0, 2255.0, 5855.0], [-183.0, 4671.0, 2197.0, -573.0, -7925.0, 7387.0, 16753.0, -9637.0, -14313.0, -32747.0, -17187.0, 14627.0, -4627.0, -4451.0, -10515.0, 33493.0, 2037.0, 16067.0, -681.0, 17339.0, -9195.0, 13863.0, -11695.0, 713.0, 20049.0, -973.0, -5239.0, 4183.0, -10453.0, -18479.0, 18037.0, 15595.0, 2971.0, -1953.0, 6767.0, 2175.0, -6891.0, -99989319.0, -1195.0, 7043.0, -4951.0, -5263.0, -697.0, 8573.0, 11977.0, 4553.0, 12543.0, -217.0, -2065.0, 11831.0], [-10475.0, 5551.0, -1431.0, 4391.0, 9531.0, -4809.0, 7777.0, -25605.0, 1363.0, -383.0, -13679.0, 6291.0, -15099.0, -7155.0, 16833.0, 1445.0, 8085.0, -4621.0, 2719.0, -2865.0, 10641.0, 2879.0, 8589.0, -5219.0, 8357.0, -15597.0, -3303.0, 14735.0, 2451.0, -1687.0, -4679.0, 4291.0, -8221.0, -8025.0, 18199.0, -12373.0, 10501.0, -1195.0, -99989319.0, 10443.0, 8529.0, 1981.0, 17215.0, -9239.0, -755.0, -12727.0, 4275.0, 3559.0, -3473.0, 6283.0], [-2577.0, 141.0, -965.0, 201.0, 7137.0, -6003.0, 807.0, 16165.0, 6269.0, 3187.0, 24495.0, 4893.0, -9.0, -2477.0, 4087.0, -8897.0, -4221.0, -7675.0, 5625.0, -25071.0, 6559.0, -6843.0, 9547.0, 12267.0, 13735.0, 8005.0, -9309.0, -16195.0, 6301.0, -65.0, 3795.0, 2405.0, -1027.0, 13413.0, -11763.0, 11437.0, -2749.0, 7043.0, 10443.0, -99989319.0, 6235.0, 1699.0, 12281.0, 9483.0, -13669.0, 2231.0, 15857.0, -3339.0, -3863.0, 18361.0], [8029.0, -5537.0, 5993.0, 13131.0, 12283.0, 10975.0, -4163.0, -10865.0, -13349.0, -16011.0, 8413.0, 7199.0, -9191.0, 4873.0, -10591.0, 11957.0, -10179.0, -5529.0, 8059.0, 6551.0, -14411.0, -3773.0, -8967.0, -7223.0, 425.0, -3869.0, -7895.0, 3683.0, -5049.0, -9899.0, 7353.0, 2471.0, -8629.0, 13859.0, 2427.0, 6423.0, 14089.0, -4951.0, 8529.0, 6235.0, -99989319.0, -8883.0, 20923.0, 27061.0, 12441.0, -2319.0, -9233.0, 13315.0, -10777.0, 15451.0], [12417.0, 11803.0, 6181.0, -701.0, -2449.0, -649.0, 5657.0, -14797.0, 14555.0, 4277.0, -3391.0, 15971.0, -13367.0, -887.0, 14453.0, 7781.0, 1081.0, 2555.0, -1517.0, 9395.0, -311.0, -1645.0, -22355.0, 1073.0, -6939.0, -9.0, -2271.0, 1563.0, -15689.0, -475.0, -5391.0, 16283.0, -4325.0, -9049.0, 507.0, 12527.0, -13639.0, -5263.0, 1981.0, 1699.0, -8883.0, -99989319.0, -7481.0, -15847.0, 2809.0, 8749.0, 1543.0, -3665.0, -3569.0, -8925.0], [-14365.0, -19275.0, -18097.0, -18655.0, 13849.0, -10127.0, 6195.0, 5001.0, -583.0, 23087.0, 11527.0, -11259.0, 10243.0, -1953.0, 3723.0, 5103.0, -4641.0, -18359.0, 14013.0, -7599.0, 2967.0, -571.0, 6003.0, -4869.0, -3477.0, 1157.0, -8065.0, -11295.0, -13119.0, -5349.0, -201.0, -1027.0, 8065.0, -8547.0, 5885.0, 4585.0, 14823.0, -697.0, 17215.0, 12281.0, 20923.0, -7481.0, -99989319.0, -13133.0, 4239.0, 7699.0, 6561.0, 6045.0, -6651.0, -5359.0], [4265.0, 6983.0, 1133.0, -4693.0, 1231.0, 2827.0, 21673.0, 9219.0, 7983.0, -13359.0, 725.0, 3011.0, 9477.0, -3647.0, 413.0, -1583.0, 5781.0, -609.0, 3747.0, 3887.0, -10267.0, 24151.0, 1437.0, 9729.0, 10673.0, -10657.0, -18847.0, -18769.0, 5439.0, -7867.0, -11023.0, 6371.0, 14151.0, -4825.0, 5063.0, 5247.0, -9667.0, 8573.0, -9239.0, 9483.0, 27061.0, -15847.0, -13133.0, -99989319.0, 13257.0, -6479.0, 6983.0, -4753.0, 1367.0, 1947.0], [2309.0, -10121.0, 3557.0, 8667.0, 5203.0, -8393.0, -1131.0, 4623.0, -2441.0, 533.0, -1455.0, 863.0, -7871.0, 3057.0, -22043.0, -13711.0, -6215.0, 12243.0, -11641.0, 13039.0, 13237.0, 1739.0, 6325.0, 8565.0, -21035.0, 24955.0, -21099.0, -12161.0, -13253.0, 16477.0, 11829.0, -9557.0, 7119.0, -22645.0, -753.0, -225.0, 10613.0, 11977.0, -755.0, -13669.0, 12441.0, 2809.0, 4239.0, 13257.0, -99989319.0, 6725.0, -11249.0, 9987.0, 5451.0, -5669.0], [12205.0, 1647.0, -4075.0, -14113.0, 4603.0, 10831.0, -9911.0, 11091.0, -11445.0, 8217.0, -6311.0, 3379.0, 11373.0, -10215.0, 5649.0, 4633.0, -1567.0, -11913.0, -7705.0, 4219.0, 11461.0, -14461.0, -9283.0, -9479.0, -10571.0, 15319.0, 8289.0, -4881.0, -15433.0, 10769.0, -3719.0, -833.0, 3235.0, 4795.0, 14035.0, -4757.0, -6175.0, 4553.0, -12727.0, 2231.0, -2319.0, 8749.0, 7699.0, -6479.0, 6725.0, -99989319.0, -8817.0, 13143.0, 4071.0, -16549.0], [1215.0, -13799.0, 20327.0, -991.0, 2549.0, 18385.0, 8219.0, -11483.0, -1555.0, -913.0, 5727.0, 2413.0, 7667.0, 16871.0, -1417.0, 2463.0, -789.0, 3965.0, 8769.0, 5605.0, 8907.0, -8655.0, 3015.0, -12565.0, 4923.0, 14477.0, -3581.0, -10507.0, -63.0, 11791.0, 12579.0, 4277.0, 17509.0, 17621.0, -3219.0, 8941.0, -6585.0, 12543.0, 4275.0, 15857.0, -9233.0, 1543.0, 6561.0, 6983.0, -11249.0, -8817.0, -99989319.0, -10231.0, -6455.0, -991.0], [9215.0, -6423.0, 7151.0, 621.0, 6761.0, 8557.0, 6803.0, -12959.0, 229.0, -2025.0, 11363.0, 5777.0, -15393.0, -8617.0, -12057.0, -2201.0, -7109.0, 13861.0, -11743.0, -987.0, 22967.0, 14045.0, -2141.0, 20487.0, -15553.0, 6605.0, 3331.0, -3387.0, 7729.0, -865.0, 5011.0, 17649.0, -3707.0, -3171.0, 4057.0, -4511.0, -8001.0, -217.0, 3559.0, -3339.0, 13315.0, -3665.0, 6045.0, -4753.0, 9987.0, 13143.0, -10231.0, -99989319.0, 13313.0, 8953.0], [-20733.0, 5889.0, 19.0, -15607.0, -2995.0, -7439.0, 5547.0, -4891.0, 5741.0, 2631.0, -1233.0, -9555.0, 6543.0, -15221.0, -5685.0, 6947.0, -417.0, -25267.0, -17755.0, 9901.0, -1649.0, -3263.0, -8313.0, 10107.0, -9477.0, -1427.0, -6341.0, -14799.0, 15717.0, 6767.0, 6379.0, 12397.0, 22641.0, 16529.0, -11427.0, 2209.0, 2255.0, -2065.0, -3473.0, -3863.0, -10777.0, -3569.0, -6651.0, 1367.0, 5451.0, 4071.0, -6455.0, 13313.0, -99989319.0, 3053.0], [-2537.0, 2109.0, -857.0, 4485.0, -2079.0, 2421.0, -13685.0, -8803.0, -123.0, -17213.0, -8965.0, -9295.0, -12149.0, 3827.0, 14791.0, 14183.0, 2503.0, 5801.0, 4997.0, -6619.0, -13593.0, -22595.0, -3253.0, 107.0, 3847.0, 1669.0, -17841.0, -10715.0, -3331.0, -1141.0, 12655.0, -13759.0, 10389.0, 2377.0, -2919.0, -14239.0, 5855.0, 11831.0, 6283.0, 18361.0, 15451.0, -8925.0, -5359.0, 1947.0, -5669.0, -16549.0, -991.0, 8953.0, 3053.0, -99989319.0]]}