{"connections": [[-1.0, 0.0005800104401879234, 0.0011720210963797348, 0.0009000162002916053, -0.0013280239044302798, 0.001724031032558586, 0.002026036468656436, 6.000108001944035e-05, 0.0009440169923058615, -7.400133202397643e-05, 0.0005420097561756111, -0.0014280257044626803, 0.0012620227164088953, -0.00101601828832919, -0.00031400565210173786, 3.800068401231222e-05, 0.0010560190083421502, 0.0010800194403499262, 0.001204021672390103, -0.002236040248724477, -0.0005640101521827393, 0.0006260112682028277, 0.0006380114842067157, -0.0017520315365676582, 0.0003920070561270103, 0.0009040162722929012, -0.0009300167403013254, -0.0001900034200615611, 0.001360024480440648, 0.0010620191163440943, -0.0023080415447478053, -0.0003540063721146981, -0.0002200039600712813, -0.00023400421207581736, -0.00021600388806998526, -4.600082801490427e-05, -0.0015880285845145212, 0.00021000378006804122, -0.0008260148682676288, 0.00021200381606868924, 0.00024600442807970544, 0.0006020108361950515, 0.00014200255604600884, -0.001034018612335022, -0.00015800284405119292, 0.0010000180003240059, -0.001360024480440648, 0.0007360132482384683, -0.0013880249844497202, -0.0005740103321859794, -7.800140402527245e-05, -0.0005020090361626509, 0.0014740265324775846, -0.00047000846015228276, -0.0004800086401555228, 0.000336006048108866, 0.0004860087481574668, -0.0006440115922086597, 0.0004440079921438586, -0.0008400151202721649], [0.0005800104401879234, -1.0, -0.0006180111242002356, -0.002182039276706981, 0.0007180129242326361, 2.600046800842415e-05, 1.200021600388807e-05, -0.0010460188283389102, -0.0013020234364218555, -0.00017600316805702502, -0.0005840105121892194, 0.0009460170283065095, 0.0009120164162954933, 0.0005860105481898674, -0.0010000180003240059, -0.00014000252004536082, 0.0004580082441483947, 0.0002060037080667452, 0.0018140326525877466, -0.000862015516279293, -5.000090001620029e-05, 0.0009800176403175257, 0.00048400871215681883, -0.00014600262804730484, 0.0006260112682028277, 2.2000396007128127e-05, -0.0011040198723577025, 0.00040800734413219436, 0.0002900052200939617, -8.000144002592047e-05, 0.0005980107641937555, -0.0010680192243460382, 0.0006020108361950515, -0.0006520117362112518, -0.00014600262804730484, 0.0006400115202073637, 0.0012860231484166716, 0.000696012528225508, -0.00023200417607516935, -0.0022660407887341973, 0.0009240166322993814, 0.0006040108721956995, 0.0008240148322669808, -4.0000720012960234e-05, -0.0003800068401231222, -0.0001900034200615611, -0.0019380348846279234, 6.000108001944035e-06, -0.0007100127802300442, 0.0002720048960881296, 0.001064019152344742, -0.0007680138242488365, 0.0006680120242164359, 0.001040018720336966, -0.0014220255964607362, 0.00011000198003564065, 0.000344006192111458, 0.0008860159482870692, -0.0006620119162144919, -0.0007900142202559646], [0.0011720210963797348, -0.0006180111242002356, -1.0, 0.0005420097561756111, -0.00274604942888972, 0.000690012420223564, -0.00048800878415811486, -0.0006580118442131959, 0.0017820320765773784, -3.600064801166421e-05, -0.0008880159842877172, 0.0014140254524581443, -0.0009920178563214137, 0.000862015516279293, -0.0030280545049810896, 0.001748031464566362, -0.0003300059401069219, -0.00015800284405119292, 0.0004060073081315464, -0.0010900196203531664, 0.0014500261004698086, -0.000696012528225508, 0.000860015480278645, 0.0009700174603142857, 0.0010460188283389102, -0.0005740103321859794, 0.00010800194403499263, -0.0009560172083097495, -0.0005500099001782032, -0.000680012240220324, -0.0013100235804244477, 0.0019480350646311634, -0.0007140128522313402, 0.0002960053280959057, -0.00011800212403823269, 0.0002840051120920177, 0.0012820230764153755, 0.0018440331925974668, 0.0003600064801166421, -9.400169203045655e-05, -0.00037200669612053017, 0.0003760067681218262, 0.0011360204483680707, 0.0012200219603952871, -0.0012440223924030632, -4.200075601360825e-05, -0.0005660101881833873, 0.0004100073801328424, 0.0003580064441159941, -1.6000288005184093e-05, -0.0005760103681866274, -0.0008960161282903093, -0.00048400871215681883, 0.00010000180003240058, -0.0017500315005670101, 0.0006940124922248601, -0.0013040234724225035, 0.00043800788414191454, 0.0010060181083259498, 6.200111602008836e-05], [0.0009000162002916053, -0.002182039276706981, 0.0005420097561756111, -1.0, -0.00012600226804082473, -0.00013400241204341678, -0.0001200021600388807, 0.0006260112682028277, 0.0013620245164412959, -0.00012400223204017672, -0.002232040176723181, 0.0007300131402365243, 0.0030360546489836817, -0.0014500261004698086, 0.0006280113042034757, 0.0005600100801814433, -0.0007860141482546686, 2.0000360006480116e-06, -0.00021400385206933725, 0.0007380132842391163, 0.0011220201963635346, -9.600172803110456e-05, -0.0006480116642099558, 0.001558028044504801, -0.0001540027720498969, -0.00235404237276271, 0.0008840159122864211, -0.001344024192435464, 0.0007780140042520765, -0.000848015264274757, -0.0018580334446020028, -0.00012800230404147274, -0.0007580136442455964, -0.00045600820814774664, -0.00027000486008748155, 0.001520027360492489, 0.00137802480444648, -0.002436043848789278, -0.0010760193683486304, 0.00045400817214709865, -7.600136802462444e-05, -0.0004960089281607069, -0.0016560298085365537, -0.0004680084241516347, -1.200021600388807e-05, 0.0009340168123026214, -0.00036600658811858616, 0.00241404345278215, 0.0002060037080667452, 0.0010040180723253017, -0.00012400223204017672, 0.0015840285125132251, -0.0001360024480440648, -0.0015120272164898967, -0.001038018684336318, 0.00018200327605896906, 0.0018120326165870985, -0.00047000846015228276, -0.00035000630011340205, -0.0005700102601846833], [-0.0013280239044302798, 0.0007180129242326361, -0.00274604942888972, -0.00012600226804082473, -1.0, 0.0018420331565968187, -6.000108001944035e-05, -0.0027940502929052723, 0.0023740427327691898, -0.00023600424807646537, 5.20009360168483e-05, -0.0015100271804892487, 0.0002600046800842415, 0.0009420169563052135, -0.0006600118802138438, 0.000508009144164595, 0.0007180129242326361, 0.0005220093961691311, -0.00171003078055405, 0.000686012348222268, 0.0007580136442455964, -0.0005520099361788512, -0.0016080289445210014, 1.0000180003240058e-05, -0.0002780050040900736, 0.0008980161642909572, 0.0003120056161010898, -0.001696030528549514, 0.0005860105481898674, -0.0009280167043006774, -0.0014220255964607362, -0.0002720048960881296, -0.0011980215643881589, -0.0004680084241516347, -0.00042600766813802646, 0.001208021744391399, -0.0002780050040900736, -0.0014920268564834168, 0.0007000126002268041, -0.0008420151562728129, -0.0007720138962501325, -0.0007600136802462445, -0.0006160110881995876, -0.0018720336966065389, 0.00014800266404795285, 0.00012600226804082473, -0.0011340204123674227, -0.0010740193323479823, 0.0003260058681056259, 0.0015800284405119293, -9.200165602980854e-05, 0.0004000072001296023, 0.0005240094321697791, -0.0004280077041386745, 0.0005380096841743152, -0.0009460170283065095, -0.0020920376566778203, 5.000090001620029e-05, -0.0008660155882805891, 0.001898034164614963], [0.001724031032558586, 2.600046800842415e-05, 0.000690012420223564, -0.00013400241204341678, 0.0018420331565968187, -1.0, -0.0007200129602332842, -0.0012100217803920471, -6.000108001944035e-06, 0.0004000072001296023, 0.0005880105841905154, 0.00014200255604600884, -0.00015200273604924888, -0.0005700102601846833, -0.0013240238324289837, 0.0007640137522475404, 0.0008820158762857731, -5.000090001620029e-05, -0.0006180111242002356, -0.0005820104761885714, -0.00014600262804730484, 0.0011720210963797348, 0.0010680192243460382, -0.0018820338766097789, 0.0019300347406253312, 0.00035000630011340205, 4.0000720012960234e-05, 0.00026800482408683357, -0.0002540045720822975, -0.0012480224644043593, -0.0012740229324127834, 0.0011480206643719587, -0.0004980089641613549, -0.0006760121682190279, 0.0017940322925812664, 0.0016400295205313696, -0.0004940088921600589, -0.0009840177123188218, -0.000512009216165891, -0.0002060037080667452, -0.0006160110881995876, -0.0019640353526363475, 0.0010960197283551103, -4.000072001296023e-06, 0.0017400313205637701, -0.0011620209163764948, -0.0012460224284037112, 0.0012620227164088953, 0.0017700318605734903, 0.00038400691212441825, 8.800158402851251e-05, 0.00012800230404147274, -8.40015120272165e-05, -0.001724031032558586, -0.0005820104761885714, -0.0008420151562728129, -0.0007960143282579086, -0.0007820140762533726, -0.0002580046440835935, 0.0015100271804892487], [0.002026036468656436, 1.200021600388807e-05, -0.00048800878415811486, -0.0001200021600388807, -6.000108001944035e-05, -0.0007200129602332842, -1.0, -0.00021600388806998526, -0.00018000324005832104, -1.8000324005832107e-05, -0.0002540045720822975, 0.0016280293045274816, -0.0004620083161496907, 0.0010600190803434462, -0.0011380204843687185, -0.0014180255244594403, 0.0004280077041386745, -0.0007000126002268041, -0.001032018576334374, -0.0004640083521503387, 0.0006120110161982916, -0.00036200651611729013, 0.0013060235084231516, 0.000672012096217732, -0.0002600046800842415, -0.001392025056451016, -0.0012420223564024151, 0.00018200327605896906, 0.0004760085681542268, 0.0008300149402689248, -0.0012800230404147275, 0.0008820158762857731, 0.0016280293045274816, 1.4000252004536082e-05, -0.0005280095041710751, -0.00018200327605896906, -0.0006080109441969955, -0.0014860267484814726, 0.0007980143642585567, 0.00015200273604924888, -0.0009260166683000293, -0.0006460116282093078, 0.00012200219603952871, 0.0004740085321535788, 0.0007020126362274521, 0.00010000180003240058, 0.0012440223924030632, -0.0005680102241840354, -0.001012018216327894, 0.00041400745213413843, 0.0006060109081963476, 0.0012820230764153755, -0.0003940070921276583, -0.0017700318605734903, -0.0008840159122864211, -0.000336006048108866, -0.00012600226804082473, 0.0005440097921762592, -0.0006200111602008837, -0.0011160200883615905], [6.000108001944035e-05, -0.0010460188283389102, -0.0006580118442131959, 0.0006260112682028277, -0.0027940502929052723, -0.0012100217803920471, -0.00021600388806998526, -1.0, 0.00028600514809266566, 0.0006400115202073637, -0.0003280059041062739, -0.0005300095401717231, 0.00103601864833567, 0.0015260274684944328, -0.0015040270724873048, -0.001344024192435464, 0.0012740229324127834, 0.0018700336606058908, -0.0017900322205799705, 0.0019540351726331073, 0.0013460242284361117, 0.000344006192111458, 0.0013320239764315757, 0.00029800536409655375, 0.0012380222844011193, 0.0009140164522961413, 0.0003240058321049779, -0.00036800662411923414, -0.0014380258844659203, -0.00021600388806998526, -0.00019400349206285714, -0.002604046872843711, 0.0009060163082935493, -0.001380024840447128, -0.0001380024840447128, -0.00019200345606220913, -0.0011340204123674227, -0.00047200849615293075, -0.0014360258484652723, -0.0014340258124646245, 0.001228022104397879, 0.0008040144722605007, 0.0002760049680894256, -0.00035600640811534606, -0.0012600226804082473, 0.0004860087481574668, 0.0015260274684944328, 0.00016200291605248895, 0.0013860249484490721, 0.0009720174963149336, -0.0014760265684782327, -0.00035200633611405004, 0.0019160344886207951, -0.0004120074161334904, -0.0005860105481898674, -0.0014100253804568482, 0.00011600208803758467, 0.0019780356046408838, -0.0002740049320887776, 0.0010620191163440943], [0.0009440169923058615, -0.0013020234364218555, 0.0017820320765773784, 0.0013620245164412959, 0.0023740427327691898, -6.000108001944035e-06, -0.00018000324005832104, 0.00028600514809266566, -1.0, -0.0008400151202721649, -0.0007120128162306921, -0.0008220147962663327, 0.0013520243364380559, -0.0009820176763181737, 0.00068401231222162, 0.0007200129602332842, 6.000108001944035e-06, 0.0008300149402689248, 0.0002260040680732253, -0.0004220075961367305, 0.00243404381278863, -0.0014480260644691605, 0.0007720138962501325, -0.000854015372276701, -0.0010620191163440943, -0.0011020198363570544, 3.600064801166421e-05, 0.0013280239044302798, -0.0005660101881833873, -0.0014360258484652723, 0.0008340150122702209, 0.000168003024054433, 0.00028600514809266566, -0.0016120290165222975, -0.00102601846833243, -0.00021600388806998526, -0.0002940052920952577, 0.0007360132482384683, 4.0000720012960234e-05, -0.0010860195483518703, 0.0004640083521503387, -0.0005840105121892194, 0.001028018504333078, -0.0011680210243784387, 0.00031600568810238584, -0.0014220255964607362, 0.0012380222844011193, 0.0013220237964283357, 0.0002220039960719293, -0.0009480170643071576, 0.00025200453608164946, -0.0005400097201749631, -0.0004280077041386745, -0.0012560226084069514, -0.0009300167403013254, 0.0006180111242002356, 0.0012240220323965832, 0.0002380042840771134, -0.0005900106201911635, -0.0006420115562080118], [-7.400133202397643e-05, -0.00017600316805702502, -3.600064801166421e-05, -0.00012400223204017672, -0.00023600424807646537, 0.0004000072001296023, -1.8000324005832107e-05, 0.0006400115202073637, -0.0008400151202721649, -1.0, 0.0015140272524905448, -0.0005360096481736671, 2.0000360006480116e-06, 0.000844015192273461, 0.0011020198363570544, -0.0004900088201587628, 0.0004240076321373785, -0.0009480170643071576, -0.0004280077041386745, -0.0014880267844821207, 0.0014960269284847126, 0.0008340150122702209, -0.00028200507609136964, 0.000508009144164595, 0.000532009576172371, 0.0006360114482060677, 0.0007220129962339322, -0.0008700156602818851, 0.0010560190083421502, -0.0008380150842715169, 0.0019080343446182032, -0.00047800860415487476, -0.0001200021600388807, 0.0009660173883129896, -0.0006400115202073637, 0.0012980233644205596, 0.0006600118802138438, 0.0011620209163764948, 0.00012600226804082473, 0.001180021240382327, -0.0008780158042844771, 0.0011100199803596464, 0.0005020090361626509, -0.0004580082441483947, -0.00021400385206933725, 0.0007720138962501325, -8.000144002592047e-05, -0.0002840051120920177, 0.00012400223204017672, 0.00016600298805378498, -0.0002380042840771134, 0.0007180129242326361, 0.0013500243004374078, 0.00013400241204341678, 0.001392025056451016, 0.000848015264274757, 0.0009420169563052135, 5.20009360168483e-05, 0.000672012096217732, -0.001884033912610427], [0.0005420097561756111, -0.0005840105121892194, -0.0008880159842877172, -0.002232040176723181, 5.20009360168483e-05, 0.0005880105841905154, -0.0002540045720822975, -0.0003280059041062739, -0.0007120128162306921, 0.0015140272524905448, -1.0, -0.0018680336246052428, -0.0016620299165384976, -0.0009200165602980853, -0.0004500081001458026, -8.200147602656848e-05, 0.0011240202323641825, -0.0004160074881347864, 0.001392025056451016, 0.0015040270724873048, 0.0002600046800842415, -0.00045400817214709865, -0.0015100271804892487, 0.0002920052560946097, 0.0007080127442293962, -0.0004640083521503387, 0.0009860177483194698, -0.00010200183603304859, 0.0011400205203693666, 0.0017820320765773784, 0.0020960377286791164, 0.0009340168123026214, 6.000108001944035e-05, -0.0005220093961691311, -0.000844015192273461, -0.002034036612659028, -0.0009840177123188218, 7.000126002268041e-05, 0.0012740229324127834, 0.00035200633611405004, -0.00039000702012636227, -0.0010980197643557584, 0.0003060055080991458, 0.00044200795614321057, 0.00027000486008748155, 0.00026800482408683357, -0.0012960233284199116, 0.0029920538569694253, -0.0002960053280959057, 0.0009220165962987334, 0.0012620227164088953, -0.0008900160202883652, -0.0007460134282417084, -0.0003820068761237702, -0.00022800410407387332, 0.00016000288005184093, -0.00028200507609136964, -0.000168003024054433, 0.000348006264112754, -0.0016680300245404418], [-0.0014280257044626803, 0.0009460170283065095, 0.0014140254524581443, 0.0007300131402365243, -0.0015100271804892487, 0.00014200255604600884, 0.0016280293045274816, -0.0005300095401717231, -0.0008220147962663327, -0.0005360096481736671, -0.0018680336246052428, -1.0, -0.000672012096217732, 0.000506009108163947, 0.00017600316805702502, -0.0014480260644691605, -0.0012260220683972312, -0.00025000450008100147, 0.0019500351006318114, 0.00047800860415487476, -0.00031000558010044183, -0.0006320113762047717, -0.0011040198723577025, 0.00024600442807970544, 0.0007180129242326361, -0.0013620245164412959, 0.0018320329765935787, 0.0009560172083097495, 0.0015180273244918409, -0.0003120056161010898, -0.00032200579610432986, -6.000108001944035e-05, 0.0008180147242650368, 0.0014760265684782327, 0.001042018756337614, 0.0009240166322993814, -2.600046800842415e-05, 0.0002080037440673932, 0.0014720264964769366, -0.002058037044666804, 0.0009920178563214137, 9.200165602980854e-05, -0.0007600136802462445, -0.0006440115922086597, -0.0006560118082125478, -0.00041400745213413843, 0.0007660137882481885, -0.00029800536409655375, 0.0016060289085203534, 0.0004120074161334904, 0.00018000324005832104, 0.0013400241204341678, 0.0011720210963797348, -0.0011080199443589986, 0.00046600838815098674, 0.0004060073081315464, 0.0002760049680894256, -0.0010060181083259498, 0.0006980125642261561, 0.00031000558010044183], [0.0012620227164088953, 0.0009120164162954933, -0.0009920178563214137, 0.0030360546489836817, 0.0002600046800842415, -0.00015200273604924888, -0.0004620083161496907, 0.00103601864833567, 0.0013520243364380559, 2.0000360006480116e-06, -0.0016620299165384976, -0.000672012096217732, -1.0, 0.0001200021600388807, -0.0005860105481898674, 0.0014820266764801766, -0.00046000828014904267, 0.0016480296645339616, -0.0004640083521503387, -0.0019160344886207951, -0.000508009144164595, -0.0009260166683000293, -0.0013460242284361117, 0.002224040032720589, -0.0010720192963473343, -0.002048036864663564, -0.0007180129242326361, -0.00031000558010044183, 0.0003120056161010898, -0.0007500135002430044, -0.001040018720336966, 0.0002380042840771134, 0.00033200597610756995, 0.0008340150122702209, -0.00021600388806998526, 0.00024600442807970544, 0.0002720048960881296, -0.00029800536409655375, -0.00016200291605248895, 0.0012400223204017673, 0.00031400565210173786, 0.00137802480444648, -0.000854015372276701, -0.0001540027720498969, 0.0011260202683648305, -0.0011080199443589986, 9.200165602980854e-05, 0.0010680192243460382, -0.000340006120110162, 0.0003580064441159941, 0.0012660227884101914, 0.0007580136442455964, 0.00013400241204341678, -0.0004220075961367305, 0.0004640083521503387, -0.001188021384384919, 0.0013980251644529602, -0.00030400547209849776, 0.000696012528225508, -0.0001360024480440648], [-0.00101601828832919, 0.0005860105481898674, 0.000862015516279293, -0.0014500261004698086, 0.0009420169563052135, -0.0005700102601846833, 0.0010600190803434462, 0.0015260274684944328, -0.0009820176763181737, 0.000844015192273461, -0.0009200165602980853, 0.000506009108163947, 0.0001200021600388807, -1.0, 0.000340006120110162, -0.0006680120242164359, 0.0011740211323803828, 0.0008220147962663327, 0.0005420097561756111, -0.0004740085321535788, -0.0009620173163116936, 0.001208021744391399, -0.00016000288005184093, 0.000518009324167835, 0.00015800284405119292, 0.00039000702012636227, -0.0016760301685430337, -3.600064801166421e-05, 0.0011180201243622386, 0.0007720138962501325, 0.0014700264604762885, -0.00015200273604924888, 0.0007260130682352282, 0.0009160164882967894, -0.0009340168123026214, 0.0003960071281283063, -0.0005460098281769072, -0.0001200021600388807, 0.001876033768607835, -3.0000540009720175e-05, 1.6000288005184093e-05, 1.200021600388807e-05, 0.0019840357126428274, 0.00015200273604924888, -0.00040400727213089834, -0.0011500207003726068, -0.0010700192603466862, -0.0006980125642261561, -0.0023100415807484533, 0.002428043704786686, -0.0011440205923706627, 0.00031600568810238584, 0.0006440115922086597, -0.0005520099361788512, -6.000108001944035e-06, 0.0013980251644529602, 0.0006160110881995876, 0.0011220201963635346, -0.00041800752413543446, -0.0007260130682352282], [-0.00031400565210173786, -0.0010000180003240059, -0.0030280545049810896, 0.0006280113042034757, -0.0006600118802138438, -0.0013240238324289837, -0.0011380204843687185, -0.0015040270724873048, 0.00068401231222162, 0.0011020198363570544, -0.0004500081001458026, 0.00017600316805702502, -0.0005860105481898674, 0.000340006120110162, -1.0, -0.0005300095401717231, -0.0012240220323965832, -0.00024400439207905743, -0.0007880141842553166, 0.00014400259204665685, 2.0000360006480117e-05, 5.800104401879234e-05, 0.0003060055080991458, 0.0002080037440673932, -0.0003080055440997938, 0.000856015408277349, 0.0007740139322507805, 0.00036600658811858616, -0.0009160164882967894, -0.00025000450008100147, -0.0021120380166843003, -0.0011540207723739026, 0.0005800104401879234, 0.0007100127802300442, -7.200129602332843e-05, -0.00017800320405767303, 0.0013360240484328718, -0.00033800608410951397, -0.000514009252166539, 0.0013320239764315757, 0.0014820266764801766, -0.0003940070921276583, -0.0004300077401393225, 0.00011400205203693666, -0.0009340168123026214, 0.000172003096055729, 0.0002720048960881296, -0.002380042840771134, -0.0003640065521179381, -0.00018200327605896906, -0.0005500099001782032, -0.0006700120602170839, -0.0007220129962339322, 0.0012100217803920471, -0.00042000756013608245, 0.000848015264274757, -1.0000180003240058e-05, 0.0004680084241516347, -0.001876033768607835, -0.00031600568810238584], [3.800068401231222e-05, -0.00014000252004536082, 0.001748031464566362, 0.0005600100801814433, 0.000508009144164595, 0.0007640137522475404, -0.0014180255244594403, -0.001344024192435464, 0.0007200129602332842, -0.0004900088201587628, -8.200147602656848e-05, -0.0014480260644691605, 0.0014820266764801766, -0.0006680120242164359, -0.0005300095401717231, -1.0, 0.000532009576172371, -0.0008520153362760529, -0.0007760139682514286, -7.200129602332843e-05, -0.0007720138962501325, 0.001702030636551458, 0.0020660371886693962, 0.0010760193683486304, 0.0016000288005184092, 0.001064019152344742, -0.0008220147962663327, -0.0009540171723091016, 0.000848015264274757, -0.0005820104761885714, 8.800158402851251e-05, 0.00021400385206933725, -9.200165602980854e-05, -0.0023700426607678937, -0.0016320293765287775, -0.00019400349206285714, -0.0003760067681218262, -0.0003940070921276583, 0.0011300203403661266, -0.0005040090721632989, -0.0007260130682352282, -0.0007660137882481885, -0.000682012276220972, 0.001558028044504801, 0.0010540189723415021, 0.0014920268564834168, 0.0014400259204665684, -0.00035200633611405004, 0.0001880033840609131, -0.0004500081001458026, -0.001194021492386863, -0.0010740193323479823, 0.0004300077401393225, -0.0005660101881833873, -0.00037200669612053017, 0.00035200633611405004, -0.0014660263884749925, 0.001392025056451016, -0.00014800266404795285, -0.0002200039600712813], [0.0010560190083421502, 0.0004580082441483947, -0.0003300059401069219, -0.0007860141482546686, 0.0007180129242326361, 0.0008820158762857731, 0.0004280077041386745, 0.0012740229324127834, 6.000108001944035e-06, 0.0004240076321373785, 0.0011240202323641825, -0.0012260220683972312, -0.00046000828014904267, 0.0011740211323803828, -0.0012240220323965832, 0.000532009576172371, -1.0, -0.00047000846015228276, 0.001406025308455552, 0.000682012276220972, -0.001182021276382975, -0.000672012096217732, -0.001864033552603947, 0.0011060199083583505, -2.600046800842415e-05, 0.0008100145802624447, 0.0011720210963797348, -4.4000792014256254e-05, 2.2000396007128127e-05, 0.0007680138242488365, 0.0011060199083583505, -0.0017320311765611782, 0.001002018036324654, 0.0011600208803758468, -0.0014660263884749925, 0.0008240148322669808, 0.000682012276220972, 0.0004680084241516347, 0.000692012456224212, 0.00038600694812506624, -0.00035600640811534606, 0.0009880177843201179, -0.0008880159842877172, 0.0004760085681542268, -0.0005600100801814433, -0.0014260256684620323, 0.00021000378006804122, -0.00016200291605248895, 0.00038600694812506624, 0.00011600208803758467, -0.0004800086401555228, 0.0008160146882643887, 0.0005680102241840354, -0.0006000108001944035, -0.0013220237964283357, -0.0014740265324775846, 0.0005800104401879234, 0.0011620209163764948, 0.0016180291245242414, -0.0006100109801976436], [0.0010800194403499262, 0.0002060037080667452, -0.00015800284405119292, 2.0000360006480116e-06, 0.0005220093961691311, -5.000090001620029e-05, -0.0007000126002268041, 0.0018700336606058908, 0.0008300149402689248, -0.0009480170643071576, -0.0004160074881347864, -0.00025000450008100147, 0.0016480296645339616, 0.0008220147962663327, -0.00024400439207905743, -0.0008520153362760529, -0.00047000846015228276, -1.0, 0.001898034164614963, 0.00034200615611081, 0.0002660047880861855, -0.0009240166322993814, -0.0007520135362436524, -0.0006700120602170839, 0.0006300113402041236, -0.0013220237964283357, -3.600064801166421e-05, 0.0014400259204665684, -0.0004900088201587628, 0.000860015480278645, -0.0005620101161820912, -0.0007720138962501325, -0.0006700120602170839, 0.0010760193683486304, -0.0006540117722118998, -0.0005280095041710751, 0.0009540171723091016, -0.00021600388806998526, -5.20009360168483e-05, 0.0002380042840771134, -0.000168003024054433, -4.4000792014256254e-05, -0.002064037152668748, 0.0007920142562566126, -1.200021600388807e-05, -0.002210039780716053, -8.200147602656848e-05, 0.00047000846015228276, -0.000854015372276701, -0.00035200633611405004, 0.0004680084241516347, 0.000508009144164595, -0.00021600388806998526, -0.00068401231222162, 0.0014380258844659203, -0.0011140200523609425, 0.00015200273604924888, -0.0012980233644205596, 0.0008220147962663327, 4.600082801490427e-05], [0.001204021672390103, 0.0018140326525877466, 0.0004060073081315464, -0.00021400385206933725, -0.00171003078055405, -0.0006180111242002356, -0.001032018576334374, -0.0017900322205799705, 0.0002260040680732253, -0.0004280077041386745, 0.001392025056451016, 0.0019500351006318114, -0.0004640083521503387, 0.0005420097561756111, -0.0007880141842553166, -0.0007760139682514286, 0.001406025308455552, 0.001898034164614963, -1.0, 0.0011620209163764948, -0.0010820194763505743, -0.0012600226804082473, 0.0015040270724873048, -0.0013020234364218555, -5.000090001620029e-05, 0.0007820140762533726, 0.0012800230404147275, -0.0002560046080829455, 0.0022660407887341973, -0.0010960197283551103, -0.0011860213483842709, -0.00046000828014904267, -0.0016620299165384976, 0.0005760103681866274, 6.600118802138438e-05, 0.0009000162002916053, 0.0004980089641613549, -0.0026280473048514875, -0.001392025056451016, 0.00016200291605248895, 0.00040800734413219436, 0.0008640155522799411, -0.0003240058321049779, 0.0019760355686402357, -0.001536027648497673, -0.0004980089641613549, -0.0003060055080991458, 0.00032200579610432986, -0.001374024732445184, 0.00043200777613997053, 0.0010560190083421502, -6.400115202073637e-05, -0.0007920142562566126, -0.0016440295925326655, 0.0002380042840771134, 0.0017860321485786744, -9.600172803110456e-05, 0.0011700210603790868, 0.0015620281165060971, -0.0004060073081315464], [-0.002236040248724477, -0.000862015516279293, -0.0010900196203531664, 0.0007380132842391163, 0.000686012348222268, -0.0005820104761885714, -0.0004640083521503387, 0.0019540351726331073, -0.0004220075961367305, -0.0014880267844821207, 0.0015040270724873048, 0.00047800860415487476, -0.0019160344886207951, -0.0004740085321535788, 0.00014400259204665685, -7.200129602332843e-05, 0.000682012276220972, 0.00034200615611081, 0.0011620209163764948, -1.0, -0.00037000666011988213, -0.000336006048108866, 0.0008040144722605007, 0.0005100091801652429, -0.0009100163802948453, 0.000170003060055081, 0.0006280113042034757, 0.0004800086401555228, -0.0019260346686240353, 0.0001360024480440648, 0.0013180237244270396, 0.0006560118082125478, 0.0016780302045436817, 0.00026400475208553754, 0.0005420097561756111, -0.00024800446408035343, -0.0013860249484490721, 0.000168003024054433, 0.0003640065521179381, 7.000126002268041e-05, 0.0004960089281607069, -0.00040800734413219436, -0.002024036432655788, -0.00018000324005832104, -0.0012360222484004712, -0.0004060073081315464, -0.000346006228112106, 0.0018140326525877466, -0.00038600694812506624, 0.001180021240382327, 0.001376024768445832, -0.0009280167043006774, 0.0005880105841905154, -0.001032018576334374, 1.8000324005832107e-05, 0.00026200471608488955, 0.0004000072001296023, -0.0009380168843039175, 0.00041400745213413843, -0.00021400385206933725], [-0.0005640101521827393, -5.000090001620029e-05, 0.0014500261004698086, 0.0011220201963635346, 0.0007580136442455964, -0.00014600262804730484, 0.0006120110161982916, 0.0013460242284361117, 0.00243404381278863, 0.0014960269284847126, 0.0002600046800842415, -0.00031000558010044183, -0.000508009144164595, -0.0009620173163116936, 2.0000360006480117e-05, -0.0007720138962501325, -0.001182021276382975, 0.0002660047880861855, -0.0010820194763505743, -0.00037000666011988213, -1.0, 4.0000720012960234e-05, 0.00022400403207257732, 0.00171003078055405, -0.0006540117722118998, -0.0002220039960719293, -0.0017280311045598821, 0.0016040288725197053, 0.0011100199803596464, -0.0013120236164250957, 0.0012620227164088953, 8.000144002592047e-05, -3.800068401231222e-05, 0.000520009360168483, -0.0007940142922572606, -9.200165602980854e-05, 0.0005340096121730191, 0.0005720102961853313, -0.0020080361446506035, 0.0006700120602170839, 0.0005920106561918114, -6.400115202073637e-05, -0.0015680282245080412, -0.001536027648497673, -0.0001040018720336966, -0.0006020108361950515, 0.000874015732283181, 0.0006580118442131959, 0.0010620191163440943, 0.00036800662411923414, 0.00022400403207257732, 0.00012800230404147274, 0.0004800086401555228, -0.0020000360006480118, -0.0008980161642909572, -0.002590046620839175, -0.0011440205923706627, -0.00042600766813802646, 0.0001900034200615611, 0.0009620173163116936], [0.0006260112682028277, 0.0009800176403175257, -0.000696012528225508, -9.600172803110456e-05, -0.0005520099361788512, 0.0011720210963797348, -0.00036200651611729013, 0.000344006192111458, -0.0014480260644691605, 0.0008340150122702209, -0.00045400817214709865, -0.0006320113762047717, -0.0009260166683000293, 0.001208021744391399, 5.800104401879234e-05, 0.001702030636551458, -0.000672012096217732, -0.0009240166322993814, -0.0012600226804082473, -0.000336006048108866, 4.0000720012960234e-05, -1.0, 0.0009580172443103976, 0.0002600046800842415, -0.00020000360006480116, 0.002104037872681708, 0.0002940052920952577, 0.00014600262804730484, -0.00048800878415811486, -0.0019780356046408838, 0.0008520153362760529, 0.0017580316445696023, -0.0016760301685430337, 0.0004100073801328424, -0.0007160128882319882, 0.0025260454688184387, 0.00045600820814774664, 0.0014100253804568482, 0.0004220075961367305, 0.0005560100081801472, 0.001558028044504801, 0.0009740175323155817, -0.0014700264604762885, -0.0006420115562080118, -0.0021900394207095726, -0.0004120074161334904, -0.0008200147602656848, 0.0006560118082125478, 0.0008360150482708689, -0.00031400565210173786, 0.0006580118442131959, -0.0015940286925164653, -0.0010100181803272459, 8.60015480278645e-05, -0.0022840411127400292, -0.0008760157682838291, 0.00021400385206933725, -0.0007720138962501325, -0.0013400241204341678, -0.000340006120110162], [0.0006380114842067157, 0.00048400871215681883, 0.000860015480278645, -0.0006480116642099558, -0.0016080289445210014, 0.0010680192243460382, 0.0013060235084231516, 0.0013320239764315757, 0.0007720138962501325, -0.00028200507609136964, -0.0015100271804892487, -0.0011040198723577025, -0.0013460242284361117, -0.00016000288005184093, 0.0003060055080991458, 0.0020660371886693962, -0.001864033552603947, -0.0007520135362436524, 0.0015040270724873048, 0.0008040144722605007, 0.00022400403207257732, 0.0009580172443103976, -1.0, 0.0008760157682838291, 0.0008960161282903093, -0.0006520117362112518, -0.000346006228112106, 0.0008820158762857731, -0.001696030528549514, 0.0009820176763181737, 0.0007760139682514286, -0.0008980161642909572, -0.0007240130322345803, -0.00018200327605896906, -0.0013080235444237996, 0.00031000558010044183, -0.0018120326165870985, -0.00010200183603304859, -0.0013020234364218555, 0.0010920196563538145, 0.00021400385206933725, 0.001354024372438704, -1.8000324005832107e-05, 0.0007820140762533726, -0.00021400385206933725, 0.0009960179283227098, -0.00011200201603628866, 0.0004440079921438586, 0.0005680102241840354, 7.800140402527245e-05, 0.001738031284563122, -0.000526009468170427, 0.0012460224284037112, 0.0015980287645177614, 0.00014400259204665685, -0.0011440205923706627, 0.0004940088921600589, 0.0009120164162954933, -0.0013080235444237996, -0.000168003024054433], [-0.0017520315365676582, -0.00014600262804730484, 0.0009700174603142857, 0.001558028044504801, 1.0000180003240058e-05, -0.0018820338766097789, 0.000672012096217732, 0.00029800536409655375, -0.000854015372276701, 0.000508009144164595, 0.0002920052560946097, 0.00024600442807970544, 0.002224040032720589, 0.000518009324167835, 0.0002080037440673932, 0.0010760193683486304, 0.0011060199083583505, -0.0006700120602170839, -0.0013020234364218555, 0.0005100091801652429, 0.00171003078055405, 0.0002600046800842415, 0.0008760157682838291, -1.0, -0.0007500135002430044, -0.00021800392407063328, -0.0003120056161010898, 0.000516009288167187, -0.00023400421207581736, -0.00014400259204665685, 0.0014300257404633284, 0.0002880051840933137, 0.00039000702012636227, -0.0007480134642423563, 0.0002260040680732253, -0.0016520297365352577, 0.00021800392407063328, -0.0004760085681542268, -0.0003280059041062739, 0.0016820302765449778, -0.00036800662411923414, 0.00023600424807646537, 0.0005440097921762592, 5.20009360168483e-05, 0.0001040018720336966, 1.8000324005832107e-05, -0.0007340132122378202, 0.00018600334806026509, -0.0011140200523609425, -0.000680012240220324, -0.000680012240220324, 0.0016440295925326655, -0.0007920142562566126, 0.0010480188643395582, 0.0002540045720822975, 0.0013180237244270396, 0.0002560046080829455, 0.0007580136442455964, -0.0008820158762857731, 0.0009980179643233578], [0.0003920070561270103, 0.0006260112682028277, 0.0010460188283389102, -0.0001540027720498969, -0.0002780050040900736, 0.0019300347406253312, -0.0002600046800842415, 0.0012380222844011193, -0.0010620191163440943, 0.000532009576172371, 0.0007080127442293962, 0.0007180129242326361, -0.0010720192963473343, 0.00015800284405119292, -0.0003080055440997938, 0.0016000288005184092, -2.600046800842415e-05, 0.0006300113402041236, -5.000090001620029e-05, -0.0009100163802948453, -0.0006540117722118998, -0.00020000360006480116, 0.0008960161282903093, -0.0007500135002430044, -1.0, -0.0011260202683648305, -0.0006360114482060677, -0.0010040180723253017, -0.0009540171723091016, 0.0002200039600712813, 0.0020940376926784684, 0.000696012528225508, 0.0009220165962987334, 0.0004800086401555228, -0.0015620281165060971, 0.00033200597610756995, 1.8000324005832107e-05, -0.0003600064801166421, -0.000672012096217732, 0.0008420151562728129, 0.0008400151202721649, -0.0014160254884587923, 0.0008200147602656848, -0.0003640065521179381, 0.0005640101521827393, -3.40006120110162e-05, 0.0007060127082287481, -0.0007940142922572606, 0.00037000666011988213, 0.00040800734413219436, -0.0006640119522151399, -0.0010960197283551103, 0.00203203657665838, -0.00068401231222162, -0.0003780068041224742, 0.000514009252166539, 0.00010800194403499263, 0.0008100145802624447, 9.800176403175258e-05, -0.0009780176043168777], [0.0009040162722929012, 2.2000396007128127e-05, -0.0005740103321859794, -0.00235404237276271, 0.0008980161642909572, 0.00035000630011340205, -0.001392025056451016, 0.0009140164522961413, -0.0011020198363570544, 0.0006360114482060677, -0.0004640083521503387, -0.0013620245164412959, -0.002048036864663564, 0.00039000702012636227, 0.000856015408277349, 0.001064019152344742, 0.0008100145802624447, -0.0013220237964283357, 0.0007820140762533726, 0.000170003060055081, -0.0002220039960719293, 0.002104037872681708, -0.0006520117362112518, -0.00021800392407063328, -0.0011260202683648305, -1.0, -0.0007880141842553166, -0.0005240094321697791, -0.0011500207003726068, -0.0022680408247348453, -0.000682012276220972, 8.000144002592046e-06, 0.0004060073081315464, -0.0003800068401231222, -0.0006460116282093078, -0.0008120146162630928, 0.0009220165962987334, -0.00012400223204017672, 0.0003120056161010898, 0.001522027396493137, 0.001876033768607835, 4.0000720012960234e-05, -0.0001880033840609131, 0.0005760103681866274, -0.00019600352806350515, -0.00021000378006804122, 0.00027000486008748155, 2.2000396007128127e-05, -0.0007180129242326361, -0.0013880249844497202, 0.00026800482408683357, 0.0006480116642099558, 0.00019200345606220913, -0.0005000090001620029, -0.0007220129962339322, 0.001382024876447776, -0.0006360114482060677, 0.0007020126362274521, 0.0009460170283065095, -0.000862015516279293], [-0.0009300167403013254, -0.0011040198723577025, 0.00010800194403499263, 0.0008840159122864211, 0.0003120056161010898, 4.0000720012960234e-05, -0.0012420223564024151, 0.0003240058321049779, 3.600064801166421e-05, 0.0007220129962339322, 0.0009860177483194698, 0.0018320329765935787, -0.0007180129242326361, -0.0016760301685430337, 0.0007740139322507805, -0.0008220147962663327, 0.0011720210963797348, -3.600064801166421e-05, 0.0012800230404147275, 0.0006280113042034757, -0.0017280311045598821, 0.0002940052920952577, -0.000346006228112106, -0.0003120056161010898, -0.0006360114482060677, -0.0007880141842553166, -1.0, 0.0003260058681056259, 0.0003920070561270103, 0.0007020126362274521, -0.0009120164162954933, 7.400133202397643e-05, 0.000844015192273461, -0.0009340168123026214, -0.00033200597610756995, -0.0007180129242326361, -0.0006480116642099558, -2.2000396007128127e-05, -0.0007340132122378202, -0.0014040252724549043, -0.0010060181083259498, -0.0010060181083259498, -0.0014820266764801766, -0.0007620137162468925, -0.0006620119162144919, 0.0008000144002592046, 0.0008520153362760529, 0.0013200237604276876, 0.00014800266404795285, 0.0004220075961367305, 0.0005460098281769072, 0.0006740121322183799, 0.0005620101161820912, -2.600046800842415e-05, -0.0004440079921438586, 0.0014200255604600884, -0.0006660119882157878, 0.00026400475208553754, -0.0005680102241840354, 0.0014080253444562001], [-0.0001900034200615611, 0.00040800734413219436, -0.0009560172083097495, -0.001344024192435464, -0.001696030528549514, 0.00026800482408683357, 0.00018200327605896906, -0.00036800662411923414, 0.0013280239044302798, -0.0008700156602818851, -0.00010200183603304859, 0.0009560172083097495, -0.00031000558010044183, -3.600064801166421e-05, 0.00036600658811858616, -0.0009540171723091016, -4.4000792014256254e-05, 0.0014400259204665684, -0.0002560046080829455, 0.0004800086401555228, 0.0016040288725197053, 0.00014600262804730484, 0.0008820158762857731, 0.000516009288167187, -0.0010040180723253017, -0.0005240094321697791, 0.0003260058681056259, -1.0, -0.0012560226084069514, -0.0009180165242974374, -4.800086401555228e-05, -1.4000252004536082e-05, 2.400043200777614e-05, 0.00016200291605248895, 0.00010800194403499263, -0.00011800212403823269, -0.0004160074881347864, -0.0005020090361626509, -0.0001540027720498969, 0.0025440457928242706, 0.00045400817214709865, -0.001550027900502209, 0.0004460080281445066, -0.0005500099001782032, 0.000678012204219676, 0.002744049392889072, -0.0003760067681218262, -0.0013120236164250957, 0.00018400331205961707, 0.0014140254524581443, -0.000850015300275405, 0.0012740229324127834, -0.00026200471608488955, 0.0006740121322183799, 0.0007880141842553166, -0.00035200633611405004, -0.0008340150122702209, 0.0006360114482060677, -0.002408043344780206, -0.0001360024480440648], [0.001360024480440648, 0.0002900052200939617, -0.0005500099001782032, 0.0007780140042520765, 0.0005860105481898674, -0.0002540045720822975, 0.0004760085681542268, -0.0014380258844659203, -0.0005660101881833873, 0.0010560190083421502, 0.0011400205203693666, 0.0015180273244918409, 0.0003120056161010898, 0.0011180201243622386, -0.0009160164882967894, 0.000848015264274757, 2.2000396007128127e-05, -0.0004900088201587628, 0.0022660407887341973, -0.0019260346686240353, 0.0011100199803596464, -0.00048800878415811486, -0.001696030528549514, -0.00023400421207581736, -0.0009540171723091016, -0.0011500207003726068, 0.0003920070561270103, -0.0012560226084069514, -1.0, -0.0002880051840933137, 0.00045400817214709865, 0.0013240238324289837, 0.0013900250204503682, 0.00014000252004536082, 8.200147602656848e-05, -0.0013280239044302798, 0.00021800392407063328, 0.0008960161282903093, 0.001560028080505449, -0.0