{"connections": [[-1.0, -0.00034050520972970887, 0.00017450266989084933, 0.00019430297283548438, 0.0002383036460457845, -0.0006401097936798433, -0.0004775073058617797, -0.00035210538721242436, 0.0005381082330559657, -0.00022410342878246038, 0.000680110405689207, 5.8100888943600834e-05, -0.0003557054422932671, -1.3000198903043216e-06, 0.0004089062562657209, -0.00031910488230469926, 0.00031470481498366927, -0.00021750332780091537, -0.0003063046864617029, 0.0005177079209311902, -1.7300264694049818e-05, 0.0002255034502027881, 0.0002659040683322455, 0.0003623055432748121, -0.00012990198750040876, -0.00012310188345881693, 5.890090118378811e-05, -0.00014170216804317107, -2.190033507512665e-05, -0.00015670239754668247, 0.0001933029575352503, 0.00012790195689994056, 6.990106948636314e-05, 0.00010730164171511824, 0.000648109916081716, 0.00011470175493685054, -0.0003025046283208133, 0.0002041031227777785, -0.0001433021925235456, -3.6500558458544416e-05, 0.00010350158357422869, 0.0002447037439672827, 0.0004899074955846825, -0.00010070154073357323, 0.00014370219864363924, -0.00011310173045647599, 0.0002361036123852695, 0.00021850334310114945, -0.00020910319927894898, 0.0004909075108849166, -4.110062883962125e-05, 0.0004605070457578001, -0.00024030367664625268, 0.00023130353894414585, 0.00010210156215390096, 0.0002991045763000174, 0.0003783057880785576, 0.0006135093866936164, -6.030092260411584e-05, -0.00026350403161168367], [-0.00034050520972970887, -1.0, 0.00014030214662284334, 0.00012970198444036194, -5.5500849162992195e-05, -0.00018550283819342435, -0.00010250156827399459, 0.00029250447531847237, -0.00010730164171511824, -0.0003031046375009538, -0.0002641040407918241, 0.00048470741602346515, -0.00030750470482198377, 5.610085834313265e-05, -8.810134795062364e-05, -9.170140303146638e-05, -5.5500849162992195e-05, 0.00029030444165795735, 0.0004979076179865552, 0.0005659086584024735, 0.0004245064949493727, -0.000495907587386087, 0.00033170507508764884, 0.0004513069049956464, 0.00019790302791632713, -0.0003021046222007197, -0.00042690653166993454, -4.390067168027671e-05, -0.0007437113787840954, 0.0006899105556315012, 0.0006787103842688793, -0.0001987030401565144, -0.00011950182837797419, 6.590100828542677e-05, -0.00025930396735070047, -0.0001635025015882743, 0.00015010229656513746, -0.0002393036613460186, -0.0002887044171775828, -0.00012670193853965965, 3.250049725760804e-05, 0.00017290264541047477, -0.00028710439269720824, -0.0005805088817858914, -0.0002617040040712623, 0.0003751057391178085, 0.00022950351140372448, -0.0003401052036096152, -0.00011250172127633553, -0.00022250340430208582, 0.00039470603900239673, 0.00022470343796260082, 5.790088588355402e-05, 0.0005127078444300198, -0.0004405067397531182, -7.950121636861044e-05, 0.0003177048608843715, 0.00038530589518019626, 5.500084151287515e-06, -0.0005397082575363403], [0.00017450266989084933, 0.00014030214662284334, -1.0, 3.5000535508193274e-06, -0.00037130568097691895, 0.00010070154073357323, 0.0001569024006067293, 0.00037790578195846396, -0.000500307654707117, 0.00034070521278975566, 0.0003493053443717689, -0.00035230539027247116, -0.0005525084533793367, 4.790073288121308e-05, 0.0003601055096142971, -0.0001303019936205024, -6.690102358566087e-05, 3.210049113751441e-05, 0.0004965075965662275, 8.810134795062364e-05, 0.0007791119204123824, -0.0005965091265896368, -1.4900227973487994e-05, 0.0005023076853075852, 6.370097462491176e-05, 9.050138467118547e-05, 0.00019610300037590576, 0.00039270600840192856, 0.0003213049159652143, 4.7300723701072625e-05, 0.00013290203340111104, 0.0003899059655612731, -0.0005825089123863595, -0.00029030444165795735, 0.00017810272497169208, -0.000147302253724482, -0.0003493053443717689, 0.0005325081473746548, -3.490053397816987e-05, -9.970152543333913e-05, 0.00014190217110321787, -0.00012250187427867646, 0.0002815043070158973, -0.0002447037439672827, -0.00046830716509962603, 8.570131123006182e-05, -0.00017030260562986613, 0.0001101016845557737, -0.00011830181001769326, 0.0004133063235867509, -5.590085528308583e-05, 0.00016170247404785292, 0.0006093093224326333, 0.0003417052280899898, 0.00013410205176139195, -0.00013530207012167286, -0.0005769088267050486, -5.170079102210264e-05, 0.0003625055463348589, -0.0007527115164862022], [0.00019430297283548438, 0.00012970198444036194, 3.5000535508193274e-06, -1.0, -9.50014535222389e-06, 0.00029450450591894054, -0.0005465083615779321, 2.330035649545438e-05, 0.00034670530459116023, 3.6500558458544416e-05, -9.810150095296458e-05, -3.770057681882533e-05, -0.00045830701209728506, 4.930075430154081e-05, 1.2700194312972988e-05, -6.490099298519268e-05, -0.00046670714061925145, 0.00018950289939436072, 0.0004875074588641206, -0.00012770195383989376, -0.00047150721406037514, -0.0005567085176403199, -0.0007187109962782431, 0.0005033077006078193, -0.00022130338594180491, -0.00022610345938292855, 0.000527908076993578, 0.0002789042672352887, 0.0002715041540135564, -9.73014887127773e-05, -0.0001677025658492575, 0.0003633055585750462, -0.00035310540251265845, 0.0003031046375009538, -0.00021090322681937033, 0.0002661040713922923, -0.00040950626544586133, 0.00017670270355136435, -4.750072676111945e-05, 0.0001217018620384892, -0.00023910365828597177, -0.0002651040560920582, 0.0002361036123852695, 0.00026030398265093456, -0.0003865059135404772, 0.0004735072446608433, -0.00037890579725869804, -9.690148259268367e-05, 0.00018950289939436072, 0.00011030168761582052, -4.650071146088535e-05, -0.0003461052954110198, 0.0002083031870387617, -0.0002949045120390342, 0.00023350357260466085, 0.00016330249852822748, 0.00025610391838995137, 0.00021410327578011944, 0.0001827027953527689, 8.790134489057683e-05], [0.0002383036460457845, -5.5500849162992195e-05, -0.00037130568097691895, -9.50014535222389e-06, -1.0, -0.0005607085788412563, -0.0001441022047637329, -0.00022270340736213265, -0.0006097093285527269, -0.00015110231186537154, 7.030107560645678e-05, 0.0002255034502027881, 0.00017290264541047477, -0.0006287096192571746, 4.70007191110024e-06, 0.0005303081137141398, -1.2300188192879351e-05, -0.0001709026148100066, -0.000220103367581524, -0.00011450175187680372, 0.00032410495880586974, -0.0003583054820738757, -0.00021310326047988535, 7.770118882818907e-05, 1.100016830257503e-06, -0.0004489068682750846, -1.700026010397959e-06, 0.0002701041325932287, 0.00021790333392100898, -0.00011250172127633553, 0.00017270264235042795, -0.00022910350528363083, 0.00012210186815858284, -0.00025490390002967043, 0.0010659163085195203, -0.00015630239142658882, -0.0005015076730673979, 0.00021110322987941715, 0.00031170476908296696, -0.00012350188957891057, -0.00015470236694621427, 0.00035530543617317347, -0.00025030382964859365, -0.0005205079637718457, -0.0007481114461051254, -0.00010050153767352641, -6.890105418612905e-05, -0.00035130537497223707, -0.0006557100323634951, 0.00015750240978686973, 0.00011030168761582052, -2.610039933610984e-05, 0.0001891028932742671, 0.00021550329720044717, -0.00023170354506423947, 0.0001933029575352503, 0.0004545069539563955, 0.000684510473010237, 0.00022670346856306902, 0.0003471053107112539], [-0.0006401097936798433, -0.00018550283819342435, 0.00010070154073357323, 0.00029450450591894054, -0.0005607085788412563, -1.0, 0.00020510313807801258, 0.0004897074925246356, 0.00010950167537563325, -7.630116740786134e-05, 1.9000290704447779e-06, 0.0003691056473164039, -0.0005527084564393835, -0.0003031046375009538, -0.00012690194159970647, 5.830089200364766e-05, -2.5500390155969388e-05, -4.7700729821166263e-05, 0.0001571024036667761, 0.0006771103597885047, -0.0005771088297650954, 1.6100246333768906e-05, -6.270095932467767e-05, -5.1900794082149456e-05, -0.0005445083309774639, -0.00010130154991371368, -0.00011810180695764646, 0.0005541084778597112, -9.610147035249639e-05, -0.00012650193547961283, 5.9100904243834934e-05, -0.00021230324823969806, -0.0004403067366930714, -0.0006589100813242443, 0.00026870411117290094, 8.250126226931271e-05, 7.250110926697179e-05, -0.0006629101425251806, 0.0003665056075357953, -0.0002451037500873763, 4.690071758097899e-05, -0.00043990673057297776, -0.00013830211602237514, -0.0003141048058035288, -0.00021730332474086854, -0.00036290555245495256, -0.0004777073089218265, -0.000297304548759596, -2.690041157629712e-05, 0.00048790746498421426, -0.0001453022231240138, -5.210079714219628e-05, 3.0300463597093035e-05, -1.8500283054330733e-05, 0.0006439098518207329, 0.00041690637866759363, -1.9100292234471187e-05, -0.0003187048761846056, -3.6900564578638054e-05, 0.00046630713449915786], [-0.0004775073058617797, -0.00010250156827399459, 0.0001569024006067293, -0.0005465083615779321, -0.0001441022047637329, 0.00020510313807801258, -1.0, -0.00010130154991371368, 0.00016690255360907023, 0.0001015015529737605, -7.230110620692497e-05, -1.2700194312972988e-05, -0.00024610376538761045, -0.00015050230268523108, -0.0004091062593257677, -0.0002459037623275636, -0.0002309035328240522, -0.00021870334616119627, -4.510069004055762e-05, 7.810119494828271e-05, 4.9100751241493994e-05, -0.00016410251076841477, -0.0002633040285516368, 0.0002523038602490618, 4.49006869805108e-05, -0.0008475129669483943, 0.00012250187427867646, -8.330127450949999e-05, 0.00011570177023708463, 0.000722111048299039, -0.00025190385412896817, 8.910136325085774e-05, 0.00030830471706217106, -0.00020590315031819987, -0.00015350234858593336, -0.0001697025964497257, -0.0001453022231240138, 0.00023370357566470767, -0.00034490527705073886, 0.0004059062103650186, -0.0008557130924103139, 0.00014030214662284334, 6.95010633662695e-05, -0.0001743026668308025, 0.0006357097263588133, -0.00024030367664625268, -0.00020270310135745077, -7.110108784664406e-05, 0.0003353051301684916, -0.00010550161417469688, -0.0005135078566702071, -0.00018550283819342435, 1.2100185132832532e-05, 0.00037530574217785535, -0.00012150185897844237, 7.790119188823589e-05, -6.210095014453722e-05, 1.3100200433066626e-05, -4.5500696160651256e-05, -0.00017270264235042795], [-0.00035210538721242436, 0.00029250447531847237, 0.00037790578195846396, 2.330035649545438e-05, -0.00022270340736213265, 0.0004897074925246356, -0.00010130154991371368, -1.0, -0.0002489038082282659, 0.0006869105097307989, 0.00013070199974059602, 0.00019230294223501618, 0.00018970290245440754, 0.0005225079943723139, -6.810104194594177e-05, 0.0002615040010112155, -0.0005303081137141398, -9.210140915156002e-05, 0.00031510482110376286, -0.00047090720488023464, -0.0006419098212202647, -6.700102511568427e-06, -0.00023950366440606542, 0.000352505393332518, 1.100016830257503e-06, -0.0003585054851339226, -0.00046730714979939194, 0.00038610590742038355, -9.000137702106842e-07, 4.1900641079808524e-05, -0.0009033138207014568, -0.0005207079668318926, 0.0008337127558051638, 0.00016950259338967887, -0.0004977076149265084, 0.00023850364910583133, 7.650117046790816e-05, -0.00040530620118487814, 1.9300295294518006e-05, 0.00017610269437122388, -0.00025870395817056003, 0.00015250233328569928, -0.0005447083340375107, -0.0002329035634245204, 1.9900304474658464e-05, -0.0004745072599610774, -0.0005601085696611158, -0.00016330249852822748, 0.00031990489454488655, -0.0002553039061497641, 0.00044390679177391416, -0.0002989045732399706, 8.590131429010864e-05, 3.1500481957373946e-05, 0.0004967075996262743, 0.00024010367358620586, 0.00032410495880586974, -0.00014390220170368607, -0.0003217049220853079, 0.00042150644904867047], [0.0005381082330559657, -0.00010730164171511824, -0.000500307654707117, 0.00034670530459116023, -0.0006097093285527269, 0.00010950167537563325, 0.00016690255360907023, -0.0002489038082282659, -1.0, 0.0003099047415425456, 0.0005081077740489429, -0.0004107062838061422, 9.900151472317526e-06, -0.0005217079821321267, 0.0001421021741632647, -0.0004755072752613115, 3.790057987887215e-05, 1.1700179012738896e-05, -5.150078796205582e-05, -0.00013630208542190694, 0.00011670178553731872, -5.1300784902009e-05, 6.270095932467767e-05, -9.330142751184093e-05, 0.00024290371642686132, -0.0004691071773398133, -0.0005103078077094579, -0.000124101898759051, 0.00011730179471745918, -8.5501308170015e-05, 0.0006049092551116032, -0.0002189033492212431, 0.0001399021405027497, 0.0004817073701227629, 0.0003105047507226861, -9.09013907912791e-05, 0.00016750256278921067, 0.00027850426111519506, 0.00024310371948690814, -0.00016530252912869568, 0.0004711072079402815, 5.5100843042898557e-05, -0.0003909059808615072, -0.00024110368888643997, 0.0002053031411380594, 1.7700270814143456e-05, -0.0001519023241055588, -0.0004695071834599069, -0.0001431021894634988, -9.870151013310503e-05, 0.0006917105831719225, 0.0001333020395212047, 0.00030730470176193697, 4.850074206135354e-05, 0.00040770623790543995, -0.0002873043957572551, -0.0001325020272810174, -0.00014250218028335834, 8.970137243099819e-05, 0.000492507535365291], [-0.00022410342878246038, -0.0003031046375009538, 0.00034070521278975566, 3.6500558458544416e-05, -0.00015110231186537154, -7.630116740786134e-05, 0.0001015015529737605, 0.0006869105097307989, 0.0003099047415425456, -1.0, -0.00024650377150770404, 7.150109396673769e-05, 7.49011459875336e-05, -2.300035190538415e-06, -0.0008277126640037593, -0.0001573024067268229, -0.00016910258726958522, -0.00048770746192416747, 0.0002231034134822263, -0.0005233080066125011, -0.0005215079790720798, -7.990122248870408e-05, 0.00010410159275436915, 0.0001901029085745012, -0.00043650667855218186, 0.00042590651636970045, 0.00011470175493685054, 7.130109090669087e-05, -0.0005737087777442994, -0.00025050383270864044, 0.0003603055126743439, 6.210095014453722e-05, -0.00016270248934808704, 0.00024070368276634632, 0.0003311050659075084, 0.00019730301873618667, 1.4500221853394357e-05, -7.810119494828271e-05, -0.00035710546371359484, -0.00045590697537672325, 0.000220103367581524, -8.23012592092659e-05, 0.0002661040713922923, 0.00016750256278921067, -0.00019170293305487574, 0.0005543084809197581, 2.150032895503301e-05, -0.00016050245568757202, -0.00016810257196935114, -4.0100613539387155e-05, -0.00038450588294000897, 0.00025870395817056003, 0.00043670668161222866, 0.0001603024526275252, -0.00018690285961375208, -0.000815912483460997, 0.00077171180719065, 6.890105418612905e-05, -0.00019170293305487574, 5.9500910363928565e-05], [0.000680110405689207, -0.0002641040407918241, 0.0003493053443717689, -9.810150095296458e-05, 7.030107560645678e-05, 1.9000290704447779e-06, -7.230110620692497e-05, 0.00013070199974059602, 0.0005081077740489429, -0.00024650377150770404, -1.0, 0.0003601055096142971, -0.00013410205176139195, 0.000529108095353859, -0.00018030275863220707, -0.00017110261787005342, 6.390097768495858e-05, 1.1700179012738896e-05, 0.0001677025658492575, -0.00013070199974059602, 6.630101440552041e-05, 0.0003295050414271338, 0.0003603055126743439, -8.100123931896159e-06, 0.0002417036980665804, 0.000297304548759596, 0.00012650193547961283, 0.0008991137564404735, -8.310127144945318e-05, -0.00040030612468370765, 0.00016170247404785292, 0.0005691087073632227, -0.0005037077067279129, -0.00013070199974059602, 0.0005493084044185876, 6.470098992514586e-05, -0.00011490175799689735, -0.0006447098640609202, -0.0003245049649259634, 0.00019190293611492256, -0.000119701831438021, 0.0002447037439672827, 0.0006199094846151146, -0.00020870319315885534, -6.030092260411584e-05, 5.300081091240696e-06, -0.0003099047415425456, 8.370128062959364e-05, -0.0005135078566702071, 0.0002921044691983787, 0.00022170339206189856, -0.0006763103475483174, -0.0002383036460457845, 7.810119494828271e-05, -0.0004199064245682959, 4.4700683920463986e-05, 0.00015870242814715064, 0.00013390204870134513, -0.00029550452121917463, -0.00022750348080325628], [5.8100888943600834e-05, 0.00048470741602346515, -0.00035230539027247116, -3.770057681882533e-05, 0.0002255034502027881, 0.0003691056473164039, -1.2700194312972988e-05, 0.00019230294223501618, -0.0004107062838061422, 7.150109396673769e-05, 0.0003601055096142971, -1.0, 0.00017990275251211343, -0.00035810547901382893, 0.0004289065622704027, 6.450098686509903e-05, -1.1300172892645257e-05, -0.0006211095029753955, 0.00022610345938292855, -1.6300249393815725e-05, -0.00041850640314796816, -0.00013850211908242197, 7.000107101638655e-07, 2.8700439116718484e-05, 0.00035730546677364164, -0.00029190446613833193, 0.0002921044691983787, 8.630132041020228e-05, 6.0100919544069026e-05, -9.670147953263685e-05, 0.00018570284125347117, 0.000222303401242039, -0.00014570222924410744, -0.00023790363992569086, 0.00044170675811339914, -0.000316104836403997, -0.00020450312889787214, 9.610147035249639e-05, 0.00022190339512194535, -0.0002905044447180042, 0.0003659055983556548, -0.00013170201504083013, 0.00045350693865616143, 0.00025370388166938955, 0.00030850472012221785, -0.0002691041172929946, -7.430113680739315e-05, 0.0005093077924092238, 1.4100215733300719e-05, 0.00011210171515624189, -2.0700316714845737e-05, 5.8100888943600834e-05, -9.750149177282412e-05, 3.300050490772509e-06, 0.0001569024006067293, -0.00017650270049131752, -0.0006745103200078961, -1.700026010397959e-06, 0.0001701026025698193, -4.630070840083853e-05], [-0.0003557054422932671, -0.00030750470482198377, -0.0005525084533793367, -0.00045830701209728506, 0.00017290264541047477, -0.0005527084564393835, -0.00024610376538761045, 0.00018970290245440754, 9.900151472317526e-06, 7.49011459875336e-05, -0.00013410205176139195, 0.00017990275251211343, -1.0, -0.0005347081810351699, 8.630132041020228e-05, -0.00010650162947493096, -4.950075736158763e-05, -0.0003401052036096152, 0.000303904649741141, 0.0004503068896954123, 0.00016010244956747837, 0.0001657025352487893, 0.00021330326353993217, -0.0005227079974323607, 3.750057375877851e-05, 0.00033590513934863203, -0.0007461114155046572, -0.0005523084503192898, -7.850120106837634e-05, -0.00011250172127633553, 0.00017190263011024069, 0.0002181033369810558, -3.1000474307256903e-06, -0.0001913029269347821, -0.000365705595295608, -0.00012310188345881693, 0.00017930274333197299, 0.0007323112043614267, -3.550054315831032e-05, -0.0002811043008958037, 0.00010410159275436915, 0.00012890197220017467, 0.00015650239448663565, 1.0300157592411165e-05, 4.390067168027671e-05, -0.00031010474460259243, 0.0002107032237593235, -0.0004721072232405156, 0.000190302911634548, 0.00026350403161168367, -0.0007465114216247509, -0.00023490359402498858, -0.00022450343490255402, 0.00011230171821628871, 1.0700163712504801e-05, 0.000393306017582069, 0.00010090154379362004, 0.0004949075720858529, 0.0005259080463931098, 0.00028270432537617825], [-1.3000198903043216e-06, 5.610085834313265e-05, 4.790073288121308e-05, 4.930075430154081e-05, -0.0006287096192571746, -0.0003031046375009538, -0.00015050230268523108, 0.0005225079943723139, -0.0005217079821321267, -2.300035190538415e-06, 0.000529108095353859, -0.00035810547901382893, -0.0005347081810351699, -1.0, 0.00014390220170368607, 0.0005715087440837845, -0.00014350219558359242, -9.850150707305822e-05, -0.0005545084839798049, -6.930106030622268e-05, -0.00026350403161168367, -0.0001519023241055588, -0.00014590223230415427, 0.00014490221700392015, 0.00028270432537617825, 0.00024110368888643997, -0.0005877089919475767, -0.0002759042213345864, -0.00043090659287087094, 0.0003535054086327521, -0.00020970320845908942, -0.0005063077465085216, -0.00011990183449806782, -5.850089506369447e-05, 0.0003219049251453547, -0.00022270340736213265, 0.00014090215580298378, 0.0002807042947757101, 9.490145199221548e-05, -2.5500390155969388e-05, -0.00010230156521394777, -1.9500298354564825e-05, -0.00010710163865507142, -0.00013410205176139195, -0.0007605116358280282, -0.00019850303709646757, 5.150078796205582e-05, 0.00013110200586068967, 0.00020630315643829352, -0.00031170476908296696, -1.1300172892645257e-05, -0.0003665056075357953, -0.00021650331250068125, 0.0001431021894634988, -0.0004041061828245972, 8.570131123006182e-05, -0.0003791058003187449, -0.00015510237306630791, 0.000117501797777506, -0.00023450358790489493], [0.0004089062562657209, -8.810134795062364e-05, 0.0003601055096142971, 1.2700194312972988e-05, 4.70007191110024e-06, -0.00012690194159970647, -0.0004091062593257677, -6.810104194594177e-05, 0.0001421021741632647, -0.0008277126640037593, -0.00018030275863220707, 0.0004289065622704027, 8.630132041020228e-05, 0.00014390220170368607, -1.0, -2.1100322834939375e-05, 4.5900702280744894e-05, 0.00023010352058386495, -0.00026550406221215184, -0.00015910243426724428, 9.070138773123229e-05, 0.0005163078995108625, -0.00014050214968289014, 7.830119800832952e-05, 0.0004457068193143355, 0.0005233080066125011, -0.0004899074955846825, -0.00031250478132315425, -0.0005271080647533907, 0.0002693041203530414, -2.3900365675594837e-05, -0.0004753072722012647, -0.0006365097385990006, 0.00017450266989084933, -0.00022470343796260082, 0.00018230278923267527, -6.570100522537994e-05, 0.00011610177635717827, -7.890120718846999e-05, -0.0005373082208157784, -0.0004113062929862827, -0.0002489038082282659, 4.3000657910066024e-06, -0.0002555039092098109, 0.0004469068376746164, -0.0006287096192571746, 0.0001345020578814856, 2.5700393216016207e-05, 7.930121330856362e-05, 0.0003693056503764508, 0.00033170507508764884, 0.00020770317785862125, 0.0001337020456412983, -0.0006279096070169874, -0.00015950244038733793, 0.0002979045579397365, -0.00018130277393244116, 0.0004315066020510114, 7.410113374734633e-05, 0.00030530467116146874], [-0.00031910488230469926, -9.170140303146638e-05, -0.0001303019936205024, -6.490099298519268e-05, 0.0005303081137141398, 5.830089200364766e-05, -0.0002459037623275636, 0.0002615040010112155, -0.0004755072752613115, -0.0001573024067268229, -0.00017110261787005342, 6.450098686509903e-05, -0.00010650162947493096, 0.0005715087440837845, -2.1100322834939375e-05, -1.0, 5.030076960177491e-05, 0.0004081062440255336, 0.000260903991831075, 0.0003517053810923307, -0.0002049031350179658, 0.00038950595944117945, -0.00031570483028390336, -8.890136019081092e-05, 0.0002905044447180042, 0.0004145063419470318, 0.0010725164095010654, -0.0001337020456412983, 0.0001433021925235456, 7.770118882818907e-05, 8.100123931896159e-06, 0.00010270157133404142, 0.000382305849279494, -0.00034550528623087935, -0.0009011137870409417, 0.0003783057880785576, -0.0004029061644643163, -0.0005355081932753571, 0.0002651040560920582, 0.00035230539027247116, -0.000188102877974033, -0.0006209094999153487, 0.00044310677953372687, -9.950152237329231e-05, 0.0002673040897525732, 0.00012810195995998738, 9.530145811230912e-05, 5.890090118378811e-05, -4.510069004055762e-05, -0.0008119124222600606, 0.0001709026148100066, -0.00021550329720044717, -0.00013830211602237514, -0.0002619040071313091, -2.510038403587575e-05, 0.0002659040683322455, -0.0001785027310917857, 7.550115516767406e-05, -4.510069004055762e-05, 0.0001337020456412983], [0.00031470481498366927, -5.5500849162992195e-05, -6.690102358566087e-05, -0.00046670714061925145, -1.2300188192879351e-05, -2.5500390155969388e-05, -0.0002309035328240522, -0.0005303081137141398, 3.790057987887215e-05, -0.00016910258726958522, 6.390097768495858e-05, -1.1300172892645257e-05, -4.950075736158763e-05, -0.00014350219558359242, 4.5900702280744894e-05, 5.030076960177491e-05, -1.0, -0.00031330479356334154, 9.430144281207503e-05, 0.00014150216498312425, -0.0003295050414271338, -0.0005547084870398517, -0.0001795027463920198, 0.0003577054728937353, 0.00020150308299716986, 4.390067168027671e-05, 5.1000780311938775e-06, 2.170033201507983e-05, 0.00030430465586123466, -0.00010090154379362004, 0.00021870334616119627, 0.0003281050200068061, 0.0001569024006067293, 0.000121901865098536, 0.0002011030768770762, 0.000333705105688117, -0.00022030337064157083, 6.710102664570767e-05, -0.00022910350528363083, 0.00021930335534133672, -0.00014670224454434153, -8.350127756954681e-05, -0.00023070352976400539, 0.00018150277699248798, 0.00014550222618406062, -7.770118882818907e-05, 0.0002779042519350546, 0.00044590682237438233, -0.0002725041693137905, -0.00017330265153056842, -6.0100919544069026e-05, 8.110124084898498e-05, 0.00013750210378218788, 0.0001519023241055588, -0.00017770271885159843, 0.0006333096896382514, -0.00045830701209728506, 0.00036730561977598255, 8.070123472889135e-05, 0.00013430205482143877], [-0.00021750332780091537, 0.00029030444165795735, 3.210049113751441e-05, 0.00018950289939436072, -0.0001709026148100066, -4.7700729821166263e-05, -0.00021870334616119627, -9.210140915156002e-05, 1.1700179012738896e-05, -0.00048770746192416747, 1.1700179012738896e-05, -0.0006211095029753955, -0.0003401052036096152, -9.850150707305822e-05, 0.00023010352058386495, 0.0004081062440255336, -0.00031330479356334154, -1.0, 6.890105418612905e-05, -8.190125308917226e-05, 0.00014910228126490335, 0.0001259019262994724, -0.00018330280453290936, -0.0004929075414853847, 0.0001345020578814856, -0.00016750256278921067, 6.130093790434994e-05, 0.00034870533519162846, 6.530099910528631e-05, -9.550146117235594e-05, 3.85005890590126e-05, 0.00020430312583782532, -0.00010210156215390096, -7.230110620692497e-05, -0.0005671086767627544, 1.1100169832598438e-05, -0.0003793058033787917, -8.750133877048318e-05, -0.00044610682543442913, -0.00047490726608117104, -6.73010297057545e-05, 0.0001515023179854652, -0.00027210416319369685, -0.0004139063327668913, -0.0002475037868079382, 2.450037485573529e-05, -0.000545508346277698, -0.00018550283819342435, -0.00017590269131117706, 0.0002553039061497641, -0.00020910319927894898, -5.390082468261764e-05, -0.0006495099375020438, 0.00014130216192307743, -2.2700347315313926e-05, 0.00011150170597610143, 4.5900702280744894e-05, 6.510099604523949e-05, -0.0004155063572472659, 0.0005845089429868277], [-0.0003063046864617029, 0.0004979076179865552, 0.0004965075965662275, 0.0004875074588641206, -0.000220103367581524, 0.0001571024036667761, -4.510069004055762e-05, 0.00031510482110376286, -5.150078796205582e-05, 0.0002231034134822263, 0.0001677025658492575, 0.00022610345938292855, 0.000303904649741141, -0.0005545084839798049, -0.00026550406221215184, 0.000260903991831075, 9.430144281207503e-05, 6.890105418612905e-05, -1.0, -0.0004955075812659934, -3.410052173798259e-05, -0.0004137063297068445, 0.00058750898888753, -0.0001593024373272911, -7.710117964804861e-05, -0.0003219049251453547, -0.0006591100843842911, -4.500068851053421e-06, 0.0002413036919464868, 0.00011850181307774009, 0.00010810165395530552, 4.310065944008943e-05, 0.00030190461914067284, -0.0002467037745677509, 0.000530108110654093, 9.83015040130114e-05, -0.0002617040040712623, 0.00025210385718901497, 0.00019590299731585893, -0.00043250661735124546, 9.470144893216866e-05, 0.00010910166925553962, 0.0002531038724892491, -0.0003323050842677893, -0.00011950182837797419, 0.0006089093163125396, 0.0005657086553424268, -0.0003495053474318157, 0.0001441022047637329, 5.7300876703413564e-05, 0.00018130277393244116, -0.00020550314419810623, -0.00037990581255893213, -0.0003247049679860102, -0.00016270248934808704, 0.000883113511636728, 0.00026670408057243277, -0.00018970290245440754, -0.0003395051944294748, 0.0002573039367502323], [0.0005177079209311902, 0.0005659086584024735, 8.810134795062364e-05, -0.00012770195383989376, -0.00011450175187680372, 0.0006771103597885047, 7.810119494828271e-05, -0.00047090720488023464, -0.00013630208542190694, -0.0005233080066125011, -0.00013070199974059602, -1.6300249393815725e-05, 0.0004503068896954123, -6.930106030622268e-05, -0.00015910243426724428, 0.0003517053810923307, 0.00014150216498312425, -8.190125308917226e-05, -0.0004955075812659934, -1.0, -0.0005825089123863595, 5.270080632233673e-05, -0.00017650270049131752, -1.9300295294518006e-05, 0.00025210385718901497, 0.00022370342266236673, 0.0005041077128480066, -0.0002773042427549141, 2.490038097582893e-05, 0.0002557039122698577, 0.000124101898759051, 0.00017830272803173887, 0.0002887044171775828, 2.690041157629712e-05, -0.0005575085298805072, -0.0005005076577671638, 0.00014030214662284334, 0.00010650162947493096, 0.00013510206706162604, -0.0001389021252025156, -0.00018770287185393937, -9.850150707305822e-05, 0.00023110353588409903, -0.00017270264235042795, -0.00019230294223501618, -0.00017030260562986613, -6.270095932467767e-05, -0.00014830226902471608, -0.0001839028137130498, -2.790042687653121e-05, -0.00015830242202705702, 0.00019850303709646757, 0.00040690622566525266, 1.5300234093581633e-05, -0.00013950213438265605, -3.490053397816987e-05, -0.0006413098120401242, -0.00035210538721242436, 0.00048050735176248196, -5.8700898123741295e-05], [-1.7300264694049818e-05, 0.0004245064949493727, 0.0007791119204123824, -0.00047150721406037514, 0.00032410495880586974, -0.0005771088297650954, 4.9100751241493994e-05, -0.0006419098212202647, 0.00011670178553731872, -0.0005215079790720798, 6.630101440552041e-05, -0.00041850640314796816, 0.00016010244956747837, -0.00026350403161168367, 9.070138773123229e-05, -0.0002049031350179658, -0.0003295050414271338, 0.00014910228126490335, -3.410052173798259e-05, -0.0005825089123863595, -1.0, -0.00012430190181909783, 0.0005405082697765276, -0.00012630193241956603, 0.000573108768564159, 0.00010110154685366686, -0.00020930320233899578, -0.0005583085421206945, 9.870151013310503e-05, 0.00013470206094153242, -0.0002789042672352887, -0.0001519023241055588, 0.00018770287185393937, 0.0003783057880785576, 0.0002415036950065336, -0.0001239018956990042, 0.0001313020089207365, -0.00040530620118487814, 0.00029450450591894054, -0.0003667056105958421, -0.0001143017488167569, 0.00020170308605721668, 0.00030010459160025147, -0.0002701041325932287, -0.0001901029085745012, 0.0006207094968553019, -0.00026970412647313503, 9.83015040130114e-05, 5.630086140317947e-05, -3.250049725760804e-05, 2.3900365675594837e-05, 0.00022510344408269446, 3.4700530918123047e-05, -0.00020690316561843396, 3.390051867793577e-05, -0.0004611070549379405, -4.5500696160651256e-05, 0.0008257126334032911, 0.0001883028810340798, -0.00025450389390957684], [0.0002255034502027881, -0.000495907587386087, -0.0005965091265896368, -0.0005567085176403199, -0.0003583054820738757, 1.6100246333768906e-05, -0.00016410251076841477, -6.700102511568427e-06, -5.1300784902009e-05, -7.990122248870408e-05, 0.0003295050414271338, -0.00013850211908242197, 0.0001657025352487893, -0.0001519023241055588, 0.0005163078995108625, 0.00038950595944117945, -0.0005547084870398517, 0.0001259019262994724, -0.0004137063297068445, 5.270080632233673e-05, -0.00012430190181909783, -1.0, 0.00014770225984457561, -0.0005715087440837845, 0.00033910518830938114, 8.23012592092659e-05, -0.000329305038367087, 0.00038930595638113265, -0.0004233064765890918, -2.1000321304915964e-06, 0.0002639040377317773, -0.0007527115164862022, 0.00011690178859736553, -3.610055233845078e-05, 0.00027710423969486733, -0.00019710301567613984, 0.00034490527705073886, 0.00014590223230415427, 0.00012530191711933192, -0.00026350403161168367, 0.00020010306157684213, -0.0006591100843842911, 0.00106971636666041, 0.00010070154073357323, 0.00031270478438320104, -0.0004537069417162083, -0.0001921029391749694, 0.0002007030707569826, 0.00022070337676166445, -0.00025490390002967043, 5.5500849162992195e-05, -0.0005637086247419586, -2.970045441695258e-05, 9.230141221160683e-05, 0.00029590452733926827, -0.00031510482110376286, 0.0002809042978357569, 0.000284104346796506, 0.0003623055432748121, 0.0003775057758383703], [0.0002659040683322455, 0.00033170507508764884, -1.4900227973487994e-05, -0.0007187109962782431, -0.00021310326047988535, -6.270095932467767e-05, -0.0002633040285516368, -0.00023950366440606542, 6.270095932467767e-05, 0.00010410159275436915, 0.0003603055126743439, 7.000107101638655e-07, 0.00021330326353993217, -0.00014590223230415427, -0.00014050214968289014, -0.00031570483028390336, -0.0001795027463920198, -0.00018330280453290936, 0.00058750898888753, -0.00017650270049131752, 0.0005405082697765276, 0.00014770225984457561, -1.0, -0.0005759088114048145, -0.00026130399795116864, -8.930136631090456e-05, -0.0001549023700062611, 0.0002897044324778169, -0.0006773103628485515, 0.0005747087930445336, 0.00018230278923267527, -0.00028030428865561644, -0.00048710745274402697, 0.00035870548819396937, -0.0004613070579979874, 9.850150707305822e-05, 0.0003177048608843715, -0.0003957060543026308, 0.0003313050689675552, 0.000516907908691003, 0.0004329066234713391, -0.00021430327884016626, 0.0004753072722012647, 0.0002707041417733691, 0.0004059062103650186, -0.0005093077924092238, 0.00015870242814715064, 0.0003807058247991194, 0.0003323050842677893, -0.00019290295141515665, -9.370143363193456e-05, 9.310142445179411e-05, 0.00032230493126544836, -4.100062730959784e-06, -0.00010090154379362004, 0.00014090215580298378, -0.00013550207318171968, 8.970137243099819e-05, -8.930136631090456e-05, -8.890136019081092e-05], [0.0003623055432748121, 0.0004513069049956464, 0.0005023076853075852, 0.0005033077006078193, 7.770118882818907e-05, -5.1900794082149456e-05, 0.0002523038602490618, 0.000352505393332518, -9.330142751184093e-05, 0.0001901029085745012, -8.100123931896159e-06, 2.8700439116718484e-05, -0.0005227079974323607, 0.00014490221700392015, 7.830119800832952e-05, -8.890136019081092e-05, 0.0003577054728937353, -0.0004929075414853847, -0.0001593024373272911, -1.9300295294518006e-05, -0.00012630193241956603, -0.0005715087440837845, -0.0005759088114048145, -1.0, 0.00025950397041074727, 0.0002591039642906536, 2.310035343540756e-05, -6.470098992514586e-05, 0.00034990535355190934, 0.00010030153461347959, 6.350097156486495e-05, -0.00040550620424492493, 0.0003785057911386044, 0.00039470603900239673, 0.00045470695701644236, 0.00014570222924410744, 6.690102358566087e-05, 0.0002939044967388001, 0.00011210171515624189, -0.00019310295447520347, -0.0003623055432748121, -0.00029590452733926827, -0.0003399052005495684, 0.0002979045579397365, -0.00013050199668054923, 0.00010550161417469688, 0.00032230493126544836, 0.0007171109717978685, -0.0004273065377900282, -0.0003277050138867125, 0.0003675056228360294, 0.0003055046742215156, -0.0003781057850185108, -0.0004381067030325564, 0.00021510329108035352, 9.770149483287095e-05, 0.00015450236388616745, 0.00010210156215390096, -2.8900442176765304e-05, -0.000630509646797596], [-0.00012990198750040876, 0.00019790302791632713, 6.370097462491176e-05, -0.00022130338594180491, 1.100016830257503e-06, -0.0005445083309774639, 4.49006869805108e-05, 1.100016830257503e-06, 0.00024290371642686132, -0.00043650667855218186, 0.0002417036980665804, 0.00035730546677364164, 3.750057375877851e-05, 0.00028270432537617825, 0.0004457068193143355, 0.0002905044447180042, 0.00020150308299716986, 0.0001345020578814856, -7.710117964804861e-05, 0.00025210385718901497, 0.000573108768564159, 0.00033910518830938114, -0.00026130399795116864, 0.00025950397041074727, -1.0, -0.0005727087624440654, 0.0003733057115773871, 4.9100751241493994e-05, 0.00025930396735070047, -0.0005479083829982599, 0.00019810303097637393, 0.00019150292999482892, -0.0002917044630782851, -0.0002723041662537437, -0.0004435067856538205, 0.00016510252606864885, -0.00029130445695819143, -9.390143669198138e-05, -0.0006233095366359106, 0.00013750210378218788, 0.00040430618588464405, -0.0006389097753195624, 0.00043870671221269683, -0.0005971091357697773, -0.0002511038418887809, -0.00022670346856306902, -1.7900273874190275e-05, -0.00032750501082666564, 0.000156102388366542, 0.0003397051974895216, -1.4700224913441175e-05, -0.00031910488230469926, 0.0003921059992217881, 6.0100919544069026e-05, -0.00022270340736213265, 0.0001303019936205024, -0.0004973076088064148, -6.290096238472448e-05, 0.00011690178859736553, 0.0003089047262423115], [-0.00012310188345881693, -0.0003021046222007197, 9.050138467118547e-05, -0.00022610345938292855, -0.0004489068682750846, -0.00010130154991371368, -0.0008475129669483943, -0.0003585054851339226, -0.0004691071773398133, 0.00042590651636970045, 0.000297304548759596, -0.00029190446613833193, 0.00033590513934863203, 0.00024110368888643997, 0.0005233080066125011, 0.0004145063419470318, 4.390067168027671e-05, -0.00016750256278921067, -0.0003219049251453547, 0.00022370342266236673, 0.00010110154685366686, 8.23012592092659e-05, -8.930136631090456e-05, 0.0002591039642906536, -0.0005727087624440654, -1.0, 0.0005889090103078577, -0.000515707890330722, -0.0004039061797645504, -0.0005651086461622863, -0.0005859089644071555, 9.790149789291775e-05, -0.0007485114522252191, 0.00045050689275545917, 3.3300509497795316e-05, 0.00019910304627660804, 0.0006719102802272875, -6.31009654447713e-05, 0.0002915044600182383, -0.00016410251076841477, -0.0005561085084601795, -0.00010770164783521189, -0.0004081062440255336, 0.00025370388166938955, 2.330035649545438e-05, -0.0004967075996262743, -4.830073900130672e-05, -0.0003119047721430138, -0.0003767057635981831, 0.00041090628686618906, -0.00011190171209619508, -0.0004991076363468361, -8.150124696907863e-05, -0.0002231034134822263, 0.00010970167843568007, 0.00012030184061816146, -0.0009557146224337232, -0.00035290539945261165, -3.670056151859123e-05, -0.0004123063082865168], [5.890090118378811e-05, -0.00042690653166993454, 0.00019610300037590576, 0.000527908076993578, -1.700026010397959e-06, -0.00011810180695764646, 0.00012250187427867646, -0.00046730714979939194, -0.0005103078077094579, 0.00011470175493685054, 0.00012650193547961283, 0.0002921044691983787, -0.0007461114155046572, -0.0005877089919475767, -0.0004899074955846825, 0.0010725164095010654, 5.1000780311938775e-06, 6.130093790434994e-05, -0.0006591100843842911, 0.0005041077128480066, -0.00020930320233899578, -0.000329305038367087, -0.0001549023700062611, 2.310035343540756e-05, 0.0003733057115773871, 0.0005889090103078577, -1.0, -0.0003677056258960762, -0.00018430281983314344, -0.00041590636336735954, -0.0003987061002033331, -0.00042170645210871726, -5.77008828235072e-05, -3.63005553984976e-05, 1.3700209613207082e-05, -0.0002577039428703259, -1.8900289174424368e-05, 0.00033050505672736796, 0.0003099047415425456, 1.100016830257503e-06, 0.00017790272191164525, -0.000588509004187764, 1.5000229503511403e-06, -0.00011150170597610143, -9.510145505226229e-05, 0.0001901029085745012, -9.590146729244957e-05, 0.00043330662959143275, 0.00018650285349365846, 0.00011570177023708463, -0.0002983045640598301, -0.00013390204870134513, -3.350051255784214e-05, 0.00038730592578066443, 0.00016410251076841477, -0.00017290264541047477, 2.8700439116718484e-05, 0.0001775027157915516, -0.00036310555551499936, 3.730057069873169e-05], [-0.00014170216804317107, -4.390067168027671e-05, 0.00039270600840192856, 0.0002789042672352887, 0.0002701041325932287, 0.0005541084778597112, -8.330127450949999e-05, 0.00038610590742038355, -0.000124101898759051, 7.130109090669087e-05, 0.0008991137564404735, 8.630132041020228e-05, -0.0005523084503192898, -0.0002759042213345864, -0.00031250478132315425, -0.0001337020456412983, 2.170033201507983e-05, 0.00034870533519162846, -4.500068851053421e-06, -0.0002773042427549141, -0.0005583085421206945, 0.00038930595638113265, 0.0002897044324778169, -6.470098992514586e-05, 4.9100751241493994e-05, -0.000515707890330722, -0.0003677056258960762, -1.0, 7.390113068729952e-05, -4.500068851053421e-06, -0.0005713087410237377, -0.0010683163452400821, 0.00018250279229272207, 0.0005271080647533907, -0.000388905950261039, 0.00044930687439517824, -0.00012990198750040876, -0.0002041031227777785, -0.0009379143500895564, -0.0003411052189098493, 0.00074091133594344, -0.00029990458854020467, 0.00037970580949888533, -7.850120106837634e-05, 0.0003035046436210474, 2.7000413106320527e-06, -0.00040850625014562724, 0.00047070720182018785, -4.250065025994898e-05, -2.4100368735641657e-05, 3.550054315831032e-05, 0.00010510160805460323, -0.00017930274333197299, -1.9300295294518006e-05, 0.0001259019262994724, 9.850150707305822e-05, -0.00024030367664625268, 0.00043770669691246274, -0.0006053092612316968, 0.00015670239754668247], [-2.190033507512665e-05, -0.0007437113787840954, 0.0003213049159652143, 0.0002715041540135564, 0.00021790333392100898, -9.610147035249639e-05, 0.00011570177023708463, -9.000137702106842e-07, 0.00011730179471745918, -0.0005737087777442994, -8.310127144945318e-05, 6.0100919544069026e-05, -7.850120106837634e-05, -0.00043