{"connections": [[-1.0, -5.7170838696203676e-05, 0.00017547257418266325, 0.000142192085957901, -7.300107092571048e-07, 0.00010061147597035249, -0.00016113236381177712, -9.113133689671227e-05, 0.00015855232596262187, -4.775070050277638e-05, 0.0001737725492432974, -8.385123009754553e-05, -2.717039858974731e-05, -3.831056201594477e-05, -4.9690728962993884e-05, 1.9970292964197786e-05, 0.000329674836329849, 3.403049922742367e-05, 0.00010923160242760761, -9.421138208097513e-05, -0.00016743245623413296, -6.523095693813828e-05, 9.103133542969075e-05, 2.415035428569737e-05, 8.531125151605974e-05, 0.0001921328185884487, -0.00011427167636549228, -0.00016261238552369564, 1.1470168267368482e-05, -0.00012215179196678816, 0.00015621229163431829, -0.00010061147597035249, -3.613053003487561e-05, 0.00017765260616373242, -0.00016287238933795158, -6.083089238919135e-05, 8.039117933860089e-05, 4.26906262714874e-05, 8.899130550245172e-05, 7.703113004667779e-05, -8.741128232351169e-05, 8.953131342436794e-05, 1.6670244552487586e-05, 5.205076358470179e-05, 2.4210355165910283e-05, -5.829085512684471e-05, 5.989087859918905e-05, -0.00017413255452457488, 0.00011999176027912329, -3.7270546758920956e-05, 9.431138354799665e-05, -5.750084353737469e-06, 0.0001251318356840295, 9.261135860863079e-05, -7.147104848028121e-05, 6.867100740367862e-05, 0.00014321210092152053, 1.5950233989932632e-05, 5.269077297363952e-05, 2.7230399469960225e-05], [-5.7170838696203676e-05, -1.0, 9.275136066246092e-05, -3.7050543531473606e-05, -1.697024895355215e-05, 9.033132516054011e-05, -4.64506814314966e-05, 2.9110427049964822e-05, -9.861144662992206e-05, -0.00014199208302385796, 1.5210223133973375e-05, -0.00011345166433591581, 9.631141288842707e-05, 6.317092671749494e-05, 8.60712626654233e-05, 3.733054763913387e-05, 1.791026274355445e-05, 6.131089943089465e-05, 1.9790290323559046e-05, -5.5210809942581856e-05, 1.1770172668433046e-05, -3.3900497320295688e-06, -4.2170618642975495e-05, -5.6570829894074545e-05, 8.670127190765888e-06, -1.910028020111055e-06, -7.110104305230158e-06, -1.8170266557810405e-05, -0.00014417211500492713, 1.3450197314394602e-05, 1.821026714461901e-05, 9.527139763140326e-05, -1.0010146848854273e-05, 0.00011321166081506415, 0.00011073162443293043, 0.00010497153993249082, -6.117089737706452e-05, -2.8390416487409872e-05, 0.00012631185299488343, -1.3700200981948405e-06, -0.00016001234738113608, 6.13008992841925e-06, -7.99311725903019e-05, 2.9690435558689646e-05, -0.00016491241926519062, -2.089030646079578e-05, -0.00010615155724334476, -7.177105288134577e-05, -0.00014993219950536674, -3.6870540890834866e-05, -2.621038450634071e-05, 0.00015197222943260578, -0.00020923306944912881, -0.00036823540201334754, 5.3450784123003085e-05, -6.681098011707832e-05, -4.3590639474681095e-05, 0.00011607170277187967, 2.881042264890026e-05, 1.895027800057827e-05], [0.00017547257418266325, 9.275136066246092e-05, -1.0, 7.635112007093144e-05, 0.00012407182013360137, 5.06907436332091e-05, -0.0002299333731225837, 8.991131899904971e-05, 2.1230311448668953e-05, -4.183061365510232e-05, 5.545081346343351e-05, -7.797114383668008e-05, -3.813055937530603e-05, -4.875071517299159e-05, -0.0001082515880507967, 0.00013805202522321002, 2.6230384799745014e-05, -4.0050587542119243e-05, 0.00012671185886296951, 8.251121043945714e-05, 0.00018449270650800447, -0.00011475168340719558, 5.0190736298101495e-05, 2.3030337855056335e-05, -0.00015521227696410305, 7.149104877368551e-05, 0.0002554937480932845, -8.025117728477077e-05, -0.0001784526178999046, 0.00011649170893337005, -0.00017475256362010832, 0.00033255487858006877, 1.3030191152904214e-05, 0.00012833188262871816, 4.305063155276488e-05, -6.419094168111447e-05, -4.117060397276028e-05, 2.9970439666349907e-05, 1.4350210517588293e-05, 4.419064827681022e-05, 0.0001978329022086754, -0.00016183237408092777, 0.00011827173504635314, 0.00010253150413716569, -5.1710758596828615e-05, 0.00019951292685463695, 0.00023477344412642533, 1.6230238097592893e-05, -8.665127117414813e-05, -0.0001885127654822696, -0.00013377196243468891, -8.91013071161754e-06, 5.301077766810839e-05, -7.795114354327578e-05, -6.903101268495608e-05, 0.00010671156545866527, -0.0001766325912001129, -6.85710059366571e-05, 0.00018449270650800447, 0.0002402335242258004], [0.000142192085957901, -3.7050543531473606e-05, 7.635112007093144e-05, -1.0, 6.359093287898533e-05, 0.00016353239902029362, -1.8450270665470662e-05, -8.290121616084108e-06, 8.995131958585833e-05, 3.250047678199439e-06, 2.877042206209165e-05, 2.783040827208935e-05, 2.547037365038145e-05, 0.00012229179402061828, -9.413138090735791e-05, 0.00011473168311379128, -6.601096838090614e-05, -0.00013541198649384188, -4.421064857021453e-05, 0.00010099148154503427, -5.423079556577095e-05, 0.00010597155460270602, 6.455094696239193e-05, 7.150104892038766e-06, 0.00013171193221404558, -0.00010147148858673757, 0.00015445226581473951, -2.957043379826382e-05, -9.3611373278846e-05, 5.133075302214683e-05, 0.00018945277927227193, 9.531139821821186e-05, -0.00011157163675591122, 6.050088754802033e-06, 5.1530755956189875e-05, -6.455094696239193e-05, 0.0002646738827658602, -7.891115762668238e-05, -8.685127410819117e-05, 0.00013195193573489723, -8.49012455012715e-06, 0.00018721274641098984, 0.00011127163235484664, -1.91102803478127e-05, 0.00013361196008745448, 6.700098290441921e-07, 4.3130632726382094e-05, -3.6100529594769157e-06, 2.6350386560170836e-05, -0.00012167178492508486, 3.18304669529502e-05, -0.00011455168047315254, -2.4630361327400674e-05, 5.705083693577785e-05, -0.00010295151029865608, -7.481109747880001e-05, 0.0001784926184867132, 5.403079263172791e-05, 3.93705775663729e-05, -1.4250209050566772e-05], [-7.300107092571048e-07, -1.697024895355215e-05, 0.00012407182013360137, 6.359093287898533e-05, -1.0, -1.443021169120551e-05, -6.690098143739768e-06, 1.3390196434181689e-05, -8.125119195498598e-05, 1.245018264417939e-05, 0.00019733289487356779, 0.00014043206013832223, -5.4730802900878554e-05, 1.797026362376736e-05, 8.367122745690679e-05, 0.00011637170717294423, 7.979117053647177e-05, 9.110133645660583e-06, 9.227135362075762e-05, 4.6830687006178384e-05, 0.00010757157807505036, -6.350093155866596e-06, 0.00010671156545866527, -1.2330180883753565e-05, 9.231135420756622e-05, 2.5490373943785755e-05, 6.869100769708292e-05, -3.6770539423813345e-05, -6.277092084940886e-05, -4.3790642408724136e-05, -4.59906746831976e-05, -1.5330224894399202e-05, 2.5910380105276143e-05, 6.365093375919825e-05, -6.670097850335464e-06, 7.94511655485986e-05, 3.291048279678263e-05, -0.00023199340334322704, 6.19509088198324e-05, -1.7700259662809254e-06, 8.430123669914238e-06, -0.0001011514838922687, 0.00012343181074466362, 6.593096720728892e-05, -9.670141860981101e-06, 1.179017296183735e-05, 0.00011393167137761911, -0.00015785231569347122, 4.4870658252556564e-05, 0.00014289209622705165, -6.549096075239424e-05, 1.0050147435662881e-05, 8.649126882691369e-05, -9.871144809694358e-05, 0.00016569243070795847, 2.9350430570816474e-05, 5.8770862168548016e-05, 4.335063595382944e-05, 5.2170765345127616e-05, -0.0001176117253640111], [0.00010061147597035249, 9.033132516054011e-05, 5.06907436332091e-05, 0.00016353239902029362, -1.443021169120551e-05, -1.0, 0.00010561154932142854, 0.00013069191725042606, 0.0001025715047239743, -0.0001426520927062, 3.743054910615539e-05, -8.387123039094983e-05, 0.0001615723702666718, 0.00012511183539062518, 0.0001426920932930086, -7.913116085412972e-05, -6.035088534748805e-05, 0.00024701362368985955, -1.1990175895880393e-05, -2.6190384212936404e-05, 0.0003420750182405176, -5.037073893874023e-05, -0.00020975307707764073, 4.850071150543778e-06, -6.283092172962178e-05, -4.0530594583822546e-05, 5.595082079854111e-05, 3.069045022890486e-05, 2.905042616975191e-05, 6.271091996919594e-05, 0.00012763187235956752, -0.00016827246855711373, -1.9270282695047137e-05, 8.847129787393982e-05, 9.751143049268533e-05, 1.2190178829923434e-05, -6.827100153559253e-05, 1.1870174135454567e-05, 2.165031761015934e-05, 3.565052299317231e-05, -0.0001323519416029833, 3.1900467979865263e-06, 0.0002110130955621119, 9.59514076071496e-05, 0.00015035220566685713, -0.00016707245095285548, 5.235076798576635e-05, -2.2390328466118597e-05, 8.010117508423849e-06, -1.901027888079118e-05, 2.9090426756560518e-05, 1.3750201715459166e-05, -8.157119664945485e-05, 8.139119400881611e-05, -1.165017090800722e-05, -0.00011235164819867908, -5.6570829894074545e-05, 9.26513591954394e-05, -8.945131225075072e-05, 1.6210237804188588e-05], [-0.00016113236381177712, -4.64506814314966e-05, -0.0002299333731225837, -1.8450270665470662e-05, -6.690098143739768e-06, 0.00010561154932142854, -1.0, -6.893101121793456e-05, 9.131133953735101e-05, -0.00014207208419747517, 0.00012725186678488575, -7.197105581538882e-05, 0.00011131163294165526, -2.0390299125688174e-05, -1.429020963737538e-05, -1.283018821886117e-05, 6.591096691388462e-05, -1.2090177362901914e-05, 0.00014203208361066657, 5.367078735045043e-05, -9.78314351871542e-05, -1.9790290323559046e-05, 9.007132134628415e-05, -8.257121131967006e-05, -9.245135626139636e-05, -6.743098921261175e-05, -3.903057257849973e-05, -0.00016261238552369564, 1.3390196434181689e-05, -0.0002312733927806721, -7.763113884880691e-05, -9.993146599460615e-05, 0.00012115177729657294, -8.919130843649476e-05, -7.900115894700175e-07, -0.00022667332529768212, -4.461065443830061e-05, -8.4671242127122e-05, 3.430050318838177e-06, 8.943131195734642e-05, 1.0270150663110228e-05, -0.0002218732548806491, -5.233076769236205e-05, 8.345122422945945e-05, -6.639097395558793e-05, -2.981043731911547e-05, 3.853056524339212e-05, 2.4990366608678148e-05, 0.0002149131527759512, 7.250106359060288e-06, 0.00012819188057488804, 0.0001340919671291578, 0.00012605184918062747, -8.083118579349559e-05, -0.00011515168927528166, 6.971102266070243e-05, -9.12713389505424e-05, -0.00014425211617854434, 5.3370782949385866e-05, 0.0001247918306961563], [-9.113133689671227e-05, 2.9110427049964822e-05, 8.991131899904971e-05, -8.290121616084108e-06, 1.3390196434181689e-05, 0.00013069191725042606, -6.893101121793456e-05, -1.0, 5.830085527354687e-06, 7.781114148944565e-05, -0.00013211193808213166, -1.0100148169173642e-06, -0.00012029176468018785, 3.6530535902961694e-05, -3.661053707657891e-05, -4.435065062404465e-05, 1.9270282695047137e-05, -8.913130755628184e-05, -1.5330224894399202e-05, -0.00016173237261390624, 8.970131591830452e-06, 9.441138501501817e-05, -2.3730348124206984e-05, 5.079074510023062e-05, 4.443065179766187e-05, 0.00019653288313739562, -8.51512491688253e-05, -0.00013445197241043527, -0.00014449211969939598, -0.00021019308353253542, -8.591126031818886e-05, 0.00012623185182126622, 4.815070637086246e-05, -0.00010359151968759381, 0.00012697186267722547, -3.2070470473801854e-05, -5.713083810939507e-05, -2.9310429984007864e-05, -0.00010505154110610802, 1.7190252180999495e-05, 0.00022923336285343306, -5.527081082279477e-05, -0.0002298533719489665, 0.00017313253985435967, 4.637068025787938e-05, 8.339122334924653e-05, 4.781070138298929e-05, 1.1070162399282397e-05, 0.0001171917192025207, 4.385064328893705e-05, 3.131045932443829e-05, 6.433094373494459e-05, 6.010088167993424e-06, -6.430094329483814e-06, -3.999058666190633e-05, -0.00010265150589759152, 3.125045844422538e-05, 3.255047751550515e-05, 2.4370357513144718e-05, -0.00017065250347222594], [0.00015855232596262187, -9.861144662992206e-05, 2.1230311448668953e-05, 8.995131958585833e-05, -8.125119195498598e-05, 0.0001025715047239743, 9.131133953735101e-05, 5.830085527354687e-06, -1.0, -7.547110716114206e-05, -0.00012959190111318933, -7.969116906945025e-05, 0.0001219117884459365, 1.1770172668433046e-05, 0.00013151192928000254, -6.415094109430585e-05, -5.8370856300461926e-05, 0.00011123163176803804, 8.479124388754783e-05, -3.821056054892325e-05, 0.00010377152232823255, 9.053132809458315e-05, -3.6900541330941325e-06, 1.4300209784077533e-06, -4.1000601478823695e-07, 4.5210663240429736e-05, -3.915057433892555e-05, 2.5630375997615886e-05, -0.00013073191783723466, 0.00027065397049374715, -6.923101561899912e-05, -3.8930571111478206e-05, -1.7650258929298493e-05, -9.88314498573694e-05, -0.00010483153787866068, -8.915130784968616e-05, 0.00013311195275234687, 3.925057580594707e-05, -0.00010517154286653386, 7.203105669560172e-05, 8.727128026968155e-05, 2.050030073941185e-06, -3.145046137826842e-05, -0.0001317919333876628, 1.0570155064174792e-05, 1.0700156971302768e-06, 4.909072016086476e-05, -3.781055468083717e-05, -5.8530858647696365e-05, 0.00015221223295345743, -7.52511039336947e-05, 8.373122833711971e-05, 0.00014581213906408007, 2.38103492978242e-05, 0.0002548537387043468, -8.345122422945945e-05, 9.341137034480297e-05, -1.2010176189284696e-05, 4.721069258086016e-05, -4.1810613361698015e-05], [-4.775070050277638e-05, -0.00014199208302385796, -4.183061365510232e-05, 3.250047678199439e-06, 1.245018264417939e-05, -0.0001426520927062, -0.00014207208419747517, 7.781114148944565e-05, -7.547110716114206e-05, -1.0, 2.7000396095810726e-07, -1.0110148315875794e-05, 6.265091908898304e-05, 0.00010267150619099582, 2.6010381572297664e-05, 3.927057609935138e-05, -2.8590419421452914e-05, 6.965102178048952e-05, 8.773128701798055e-05, 4.105060221233446e-05, 0.00015275224087537363, -7.80111444234887e-05, -8.559125562372e-05, 7.153104936049412e-05, 7.969116906945025e-05, -6.653097600941806e-05, -3.1700465045822223e-06, -0.000135551988547672, 4.989073189703693e-05, 6.387093698664559e-05, 0.00020659303071976067, 4.4970659719578084e-05, 2.4090353405484457e-05, 1.2750187045243953e-05, -3.461050773614849e-05, -7.493109923922584e-05, 7.017102940900143e-05, 3.147046167167272e-05, -0.0001731925407345726, -0.00019787290279548402, 8.265121249328728e-05, 7.891115762668238e-05, 0.00019993293301612735, -0.00016757245828796308, 0.00012815187998807943, 9.177134628565002e-05, -0.00014125207216789871, -7.499110011943875e-05, -4.215061834957119e-05, -0.00039393577903787847, -0.00026639390799863035, -7.989117200349329e-05, 8.830129538000323e-06, 9.470138926938058e-06, -0.00021873320881617334, -0.00017927262992948107, -0.00012909189377808173, -0.0001633523963796549, 0.00017939263168990688, 1.6210237804188588e-05], [0.0001737725492432974, 1.5210223133973375e-05, 5.545081346343351e-05, 2.877042206209165e-05, 0.00019733289487356779, 3.743054910615539e-05, 0.00012725186678488575, -0.00013211193808213166, -0.00012959190111318933, 2.7000396095810726e-07, -1.0, 0.0002487736495094383, -0.00015083221270856042, 4.1750612481485104e-05, -3.55905221129594e-05, 0.00016655244332434356, 1.2770187338648258e-05, -0.00010851159186505266, -9.350137166512232e-06, -9.403137944033639e-05, 2.811041237974961e-05, -5.1810760063850136e-05, 0.00010449153289078751, -0.0001422320865447096, -5.743084251045963e-05, -1.3170193206734343e-05, 0.00012259179842168285, -0.00011959175441103721, -5.103074862108227e-05, -4.605067556341052e-05, -2.197032230462821e-05, -0.00014335210297535065, -6.691098158409984e-05, -0.00020169295883570612, 6.85910062300614e-05, -5.6570829894074545e-05, -0.00011559169573017636, -8.401123244477997e-05, 7.685112740603905e-05, 7.105104231879081e-05, -1.5390225774612114e-05, -8.633126647967926e-05, -0.00022023323082149616, -0.0001110116285405907, -3.04104461212446e-05, 2.861041971485722e-05, -3.3770495413167714e-05, 3.809055878849743e-05, 0.0001195317535308243, 3.0000440106456363e-08, 2.6730392134852618e-05, -3.46505083229571e-05, -9.201134980650166e-05, -1.9690288856537525e-05, 9.45113864820397e-05, -0.00010355151910078521, -0.00012437182453466593, -7.430108999699025e-06, 0.00024527359816368504, -9.019132310670997e-05], [-8.385123009754553e-05, -0.00011345166433591581, -7.797114383668008e-05, 2.783040827208935e-05, 0.00014043206013832223, -8.387123039094983e-05, -7.197105581538882e-05, -1.0100148169173642e-06, -7.969116906945025e-05, -1.0110148315875794e-05, 0.0002487736495094383, -1.0, 1.4510212864822726e-05, 6.769099302686771e-05, -0.0002598938126422315, -2.363034665718546e-05, 0.00014539213290258967, 6.303092466366482e-05, 5.455080026023982e-05, -2.637038685357514e-05, -6.547096045898994e-05, 7.770113987572197e-06, -1.4090206703332338e-05, -8.18112001703065e-05, 1.6110236337167067e-05, 0.00010949160624186357, -8.51512491688253e-05, 3.907057316530834e-05, -6.385093669324129e-05, -5.499080671513451e-05, 4.981073072341971e-05, 1.4350210517588293e-05, -0.00015873232860326062, -4.583067233596317e-05, -0.00019903291981293367, 7.401108574262785e-05, 1.5310224600994898e-05, 7.753113738178539e-05, -2.273033345399177e-05, 1.5870232816315416e-05, -9.541139968523338e-05, -1.871027447972662e-05, 4.999073336405845e-05, -4.12706054397818e-05, -4.5150662360216825e-05, -5.0090734831079974e-05, -5.0430739818953146e-05, 8.571125738414582e-05, -1.4210208463758164e-05, 8.781128819159777e-05, 2.047030029930539e-05, -0.00010827158834420102, -2.1390313795903385e-05, 5.229076710555344e-05, 7.485109806560862e-05, -0.00017449255980585236, -0.0001143516775391095, -2.8970424996134692e-05, 5.650082886715948e-06, 9.007132134628415e-05], [-2.717039858974731e-05, 9.631141288842707e-05, -3.813055937530603e-05, 2.547037365038145e-05, -5.4730802900878554e-05, 0.0001615723702666718, 0.00011131163294165526, -0.00012029176468018785, 0.0001219117884459365, 6.265091908898304e-05, -0.00015083221270856042, 1.4510212864822726e-05, -1.0, 0.0002485336459885867, 0.00010107148271865148, -9.339137005139865e-05, -0.00019817290719654858, -0.0001158116989576237, 8.755128437734181e-05, 8.203120339775384e-05, 4.2010616295741057e-05, -3.391049746699784e-05, -1.6850247193126323e-05, 0.00019563286993420193, -0.00024705362427666813, 0.0001474121625364244, -4.003058724871494e-05, -5.737084163024672e-05, 3.5350518592107745e-05, -4.775070050277638e-05, -4.510066162670606e-06, -4.970072910969604e-06, -6.25309173285572e-05, 3.930057653945784e-06, -0.00010519154315993816, -9.211135127352318e-05, 1.871027447972662e-05, 6.053088798812679e-05, 1.5830232229506806e-05, 0.00011031161827144005, 2.4030352525271546e-05, -1.2910189392478388e-05, 3.311048573082567e-05, -0.00010979161064292813, 2.4170354579101677e-05, 0.0002447535905351732, -0.00019231282122908743, 6.267091938238734e-05, -8.56112559171243e-05, 0.0001251718362708381, -0.00019757289839441946, 0.00015077221182834753, -8.74712832037246e-05, 8.697127586861699e-05, 1.3000190712797755e-07, -0.0001600923485547533, 5.761084515109837e-05, 2.395035135165433e-05, 9.853144545630484e-05, -6.117089737706452e-05], [-3.831056201594477e-05, 6.317092671749494e-05, -4.875071517299159e-05, 0.00012229179402061828, 1.797026362376736e-05, 0.00012511183539062518, -2.0390299125688174e-05, 3.6530535902961694e-05, 1.1770172668433046e-05, 0.00010267150619099582, 4.1750612481485104e-05, 6.769099302686771e-05, 0.0002485336459885867, -1.0, -8.307121865477767e-05, 9.999146687481905e-05, 1.9410284748877267e-05, -0.00014571213759705855, -0.00024755363161177576, 3.0500447441563967e-06, -7.501110041284306e-05, 1.4550213451631336e-05, -9.82714416420489e-05, -0.00011463168164676976, 3.629053238211004e-05, 6.1990909406641e-05, -0.0001270918644376513, 0.00011457168076655684, 1.8290268318236227e-05, 0.00016415240811582706, -6.900101224484964e-07, 9.229135391416192e-05, -1.103016181247379e-05, 5.3550785590024606e-05, 0.0002644338792450085, 8.459124095350479e-05, 9.649141552906581e-05, -0.00022737333556683276, -0.00023311341977386808, 0.0001328119483512823, 0.00021561316304510189, -9.065132985500897e-05, 0.00011169163851633704, 9.231135420756622e-05, -4.12506051463775e-05, 8.029117787157937e-05, 8.23112075054141e-05, 1.0730157411409225e-05, 9.5451400272042e-05, 6.891101092453026e-05, -3.431050333508393e-05, -5.065074304640049e-05, 0.00020215296558400513, 2.391035076484572e-05, -0.00010997161328356687, -5.9630874784933093e-05, 3.8630566710413644e-05, -7.119104437262095e-05, 2.1070309101434518e-05, 2.330034181601444e-06], [-4.9690728962993884e-05, 8.60712626654233e-05, -0.0001082515880507967, -9.413138090735791e-05, 8.367122745690679e-05, 0.0001426920932930086, -1.429020963737538e-05, -3.661053707657891e-05, 0.00013151192928000254, 2.6010381572297664e-05, -3.55905221129594e-05, -0.0002598938126422315, 0.00010107148271865148, -8.307121865477767e-05, -1.0, -5.371078793725904e-05, -0.00014905218659557736, 1.3670200541841948e-05, -7.173105229453716e-05, -7.649112212476157e-05, -0.0001257118441927543, -9.539139939182908e-05, -0.00014381210972364965, -0.00010425152936993586, 0.00012831188233531385, 1.665024425908328e-05, -8.627126559946634e-05, -6.669097835665249e-05, -3.785055526764578e-05, -5.711083781599076e-05, -9.239135538118344e-05, 1.9790290323559046e-05, -2.533037159655132e-05, 2.121031115526465e-05, -3.0000440106456363e-08, 5.649082872045733e-05, 9.239135538118344e-05, 0.00011841173710018326, 1.8830276240152444e-05, -7.090104011825853e-06, 0.00010127148565269452, -1.3550198781416123e-05, 8.639126735989217e-05, 6.245091615494e-05, 7.737113503455095e-05, 2.0070294431219307e-05, -8.550125430340062e-06, 9.17113454054371e-05, 7.071103733091765e-05, 1.693024836674354e-05, -0.00016445241251689162, -6.0470887107913876e-05, -0.00010711157132675137, 2.0170295898240828e-05, 2.1050308808030213e-05, -0.00015125221887005082, 4.4100646956490854e-06, 5.0230736884910104e-05, 0.00010029147127588361, -8.189120134392372e-05], [1.9970292964197786e-05, 3.733054763913387e-05, 0.00013805202522321002, 0.00011473168311379128, 0.00011637170717294423, -7.913116085412972e-05, -1.283018821886117e-05, -4.435065062404465e-05, -6.415094109430585e-05, 3.927057609935138e-05, 0.00016655244332434356, -2.363034665718546e-05, -9.339137005139865e-05, 9.999146687481905e-05, -5.371078793725904e-05, -1.0, -7.675112593901753e-05, 6.850100490974203e-06, -0.00017051250141839581, 0.00028137412775845424, -4.941072485533363e-05, -4.793070314341511e-05, 0.00012893189143084729, 1.7890262450150144e-05, 2.1290312328881865e-05, 3.055044817507473e-05, 6.95910209002766e-05, -2.227032670569277e-05, 7.061103586389613e-05, -3.249047663529224e-05, 0.000118591739740822, -8.531125151605974e-05, -3.127045873762968e-05, -4.5010660306386694e-05, 0.00011559169573017636, 2.055030147292261e-05, -4.867071399937437e-05, -2.2330327585905686e-05, -3.111045639039525e-05, -7.299107077900833e-05, 0.00011769172653762831, -4.429064974383174e-05, 5.8250854540036104e-05, 8.115119048796446e-05, 0.00010243150267014417, 2.6100382892617034e-06, 1.4190208170353859e-05, -3.999058666190633e-05, -3.311048573082567e-05, 1.39102040626936e-05, -6.030088461397729e-06, -4.7130691407242946e-05, -0.00016441241193008302, -5.810085233950382e-06, -4.610067629692128e-06, 6.810099904165594e-06, 3.303048455720845e-05, 4.12506051463775e-05, -7.977117024306747e-05, -0.00011843173739358756], [0.000329674836329849, 1.791026274355445e-05, 2.6230384799745014e-05, -6.601096838090614e-05, 7.979117053647177e-05, -6.035088534748805e-05, 6.591096691388462e-05, 1.9270282695047137e-05, -5.8370856300461926e-05, -2.8590419421452914e-05, 1.2770187338648258e-05, 0.00014539213290258967, -0.00019817290719654858, 1.9410284748877267e-05, -0.00014905218659557736, -7.675112593901753e-05, -1.0, 7.531110481390762e-05, 2.6590390081022487e-05, 0.00018819276078780076, 9.629141259502277e-05, -9.64314146488529e-05, -0.00012597184800701027, 0.00013439197153022235, 8.475124330073922e-05, 1.2930189685882691e-05, 8.065118315285685e-05, -0.00020277297467953854, -0.00026825393528523065, 0.00011601170189166675, 6.897101180474318e-05, -9.489139205672148e-05, -0.00016497242014540354, 5.770084647141774e-06, -0.00015343225085112, -1.0870159465239356e-05, 0.0002217932537070319, -9.347137122501587e-05, -4.161061042765497e-05, 4.811070578405385e-05, 8.919130843649476e-05, -9.819144046843168e-05, -0.00016993249290967098, 2.3610346363781158e-05, -8.339122334924653e-05, 9.243135596799204e-05, -6.179090647259795e-05, -5.229076710555344e-05, -8.909130696947324e-05, -0.00010191149504163226, 8.971131606500667e-05, 6.613097014133198e-05, 4.5090661480003913e-05, -0.00016583243276178862, -1.4630214625248552e-05, -2.6610390374426792e-05, 0.00015381225642580176, -6.041088622770096e-05, -2.4630361327400674e-05, 2.1590316729946427e-05], [3.403049922742367e-05, 6.131089943089465e-05, -4.0050587542119243e-05, -0.00013541198649384188, 9.110133645660583e-06, 0.00024701362368985955, -1.2090177362901914e-05, -8.913130755628184e-05, 0.00011123163176803804, 6.965102178048952e-05, -0.00010851159186505266, 6.303092466366482e-05, -0.0001158116989576237, -0.00014571213759705855, 1.3670200541841948e-05, 6.850100490974203e-06, 7.531110481390762e-05, -1.0, -1.06101556509834e-05, -0.000101171484185673, -0.00010327151499312495, -2.0390299125688174e-05, -6.537095899196842e-05, -0.00010225150002950544, -0.00012585184624658443, -0.00021939321849851536, 0.00011521169015549458, -0.00017177251990286698, 4.15006088139313e-06, -3.111045639039525e-05, -4.0710597224461286e-05, 2.8270414726984046e-05, -2.8410416780814173e-05, -1.3790202302267774e-05, 0.00016225238024241816, 1.8130265971001795e-05, 8.911130726287754e-05, -6.1070895910043e-05, 0.00017827261525926586, 3.3550492185720364e-05, 1.4230208757162467e-05, 0.00010905159978696888, 2.4830364261443716e-05, -2.3190340202290767e-05, 5.6330826373222893e-05, -0.00010317151352610343, -1.179017296183735e-05, -1.170017164151798e-06, -0.00019861291365144327, -0.00011139163411527248, 2.1230311448668953e-05, 5.6850834001734806e-05, 0.00015149222239090247, -0.00017919262875586384, -8.035117875179229e-05, 1.791026274355445e-05, -6.471094930962637e-05, 0.0001257918453663715, 7.781114148944565e-05, 7.623111831050562e-05], [0.00010923160242760761, 1.9790290323559046e-05, 0.00012671185886296951, -4.421064857021453e-05, 9.227135362075762e-05, -1.1990175895880393e-05, 0.00014203208361066657, -1.5330224894399202e-05, 8.479124388754783e-05, 8.773128701798055e-05, -9.350137166512232e-06, 5.455080026023982e-05, 8.755128437734181e-05, -0.00024755363161177576, -7.173105229453716e-05, -0.00017051250141839581, 2.6590390081022487e-05, -1.06101556509834e-05, -1.0, -4.7700699769265615e-06, 6.837100300261405e-05, 3.121045785741677e-05, -0.00026457388129883864, 3.631053267551435e-05, 0.00010391152438206269, 9.385137679969765e-05, 5.1690758303424313e-05, 6.847100446963557e-05, 0.00013595199441575808, -0.00012151178257785042, 0.00013193193544149294, 2.055030147292261e-05, -5.937087097067714e-05, -8.763128555095903e-05, 0.0001223717951942355, -3.179046636614159e-05, 2.9950439372945602e-05, 4.265062568467879e-05, 2.6670391254639707e-05, -5.5330811703007685e-05, 8.93913113705378e-05, 1.2610184991413824e-05, -6.729098715878161e-05, -0.00011271165347995655, -0.0001082315877573924, 1.6630243965678976e-05, 3.977058343445898e-05, 0.00010383152320844547, -8.353122540307667e-05, 1.8650273599513704e-05, 0.00018571272440566703, -6.830100197569898e-06, 4.753069727532903e-05, 0.0001262118515278619, -5.903086598280397e-05, -8.073118432647407e-05, 1.8410270078662053e-05, -4.0210589889353675e-05, 8.569125709074152e-05, 9.907145337822106e-05], [-9.421138208097513e-05, -5.5210809942581856e-05, 8.251121043945714e-05, 0.00010099148154503427, 4.6830687006178384e-05, -2.6190384212936404e-05, 5.367078735045043e-05, -0.00016173237261390624, -3.821056054892325e-05, 4.105060221233446e-05, -9.403137944033639e-05, -2.637038685357514e-05, 8.203120339775384e-05, 3.0500447441563967e-06, -7.649112212476157e-05, 0.00028137412775845424, 0.00018819276078780076, -0.000101171484185673, -4.7700699769265615e-06, -1.0, -0.00010083147919779983, 0.00013233194130957902, -0.00012265179930189576, 0.0001327119468842608, 7.470109586507634e-06, -1.2470182937583694e-05, 4.2170618642975495e-05, -1.9450285335685874e-05, -2.010029487132576e-06, 1.3370196140777386e-05, 0.0001581323198011315, -1.1690171494815829e-05, 3.319048690444289e-05, 6.19709091132367e-05, 0.00011357166609634163, 8.369122775031109e-05, 2.127031203547756e-05, -7.059103557049181e-05, 0.000189392778392059, 0.00014743216282982872, 0.00025651376305690406, -0.00010467153553142624, 7.83011486778511e-06, 0.00019513286259909433, 1.0050147435662881e-05, -6.541095957877702e-05, 7.261106520432654e-05, 0.0001096316082956937, 6.851100505644418e-05, -0.00014587213994429299, -5.8450857474079145e-05, 3.585052592721535e-05, 0.0002030129782003902, -5.4590800847048423e-05, 3.281048132976111e-05, -0.00018353269242459786, 0.00011109162971420791, 9.16713448186285e-05, -0.00020923306944912881, 7.167105141432425e-05], [-0.00016743245623413296, 1.1770172668433046e-05, 0.00018449270650800447, -5.423079556577095e-05, 0.00010757157807505036, 0.0003420750182405176, -9.78314351871542e-05, 8.970131591830452e-06, 0.00010377152232823255, 0.00015275224087537363, 2.811041237974961e-05, -6.547096045898994e-05, 4.2010616295741057e-05, -7.501110041284306e-05, -0.0001257118441927543, -4.941072485533363e-05, 9.629141259502277e-05, -0.00010327151499312495, 6.837100300261405e-05, -0.00010083147919779983, -1.0, -3.8450564069774904e-05, -4.1950615415528145e-05, 5.549081405024212e-05, -7.083103909134347e-05, -0.0001016114906405677, -9.205135039331026e-05, 4.085059927829141e-05, -0.00010747157660802884, -5.970087581184816e-06, -1.1170163866303918e-05, 5.300077752140624e-07, 0.00021553316187148465, -4.133060631999471e-05, 0.00011727172037613791, 9.519139645778604e-05, -8.267121278669158e-05, -0.00033257487887347305, -8.519124975563392e-05, -0.0001908327995171689, -5.451079967343121e-05, -2.8090412086345306e-05, -2.910042690326267e-06, -3.3410490131890234e-05, -0.00011181164027676286, 0.00011041161973846157, 7.867115410583074e-05, -1.3790202302267774e-05, 2.2100324211756185e-06, -0.0001496521953977065, -9.259135831522648e-05, 0.0001257518447795629, 5.915086774322979e-05, 2.8990425289538997e-05, -2.9730436145498255e-05, -5.111074979469949e-05, 0.0001652324239596595, -8.495124623478226e-05, 0.000273474011863754, -0.00018375269565204522], [-6.523095693813828e-05, -3.3900497320295688e-06, -0.00011475168340719558, 0.00010597155460270602, -6.350093155866596e-06, -5.037073893874023e-05, -1.9790290323559046e-05, 9.441138501501817e-05, 9.053132809458315e-05, -7.80111444234887e-05, -5.1810760063850136e-05, 7.770113987572197e-06, -3.391049746699784e-05, 1.4550213451631336e-05, -9.539139939182908e-05, -4.793070314341511e-05, -9.64314146488529e-05, -2.0390299125688174e-05, 3.121045785741677e-05, 0.00013233194130957902, -3.8450564069774904e-05, -1.0, 1.4210208463758164e-05, -5.603082197215833e-05, 2.1000308074519452e-07, 6.76709927334634e-05, -0.00015085221300196474, 3.1970469006780326e-05, -2.4790363674635106e-05, 1.807026509078888e-05, 3.959058079382024e-05, 2.4090353405484457e-05, 8.369122775031109e-05, -1.3050191446308517e-05, 4.967072866958958e-05, -1.7890262450150144e-05, -1.4350210517588293e-05, 5.0110735124484275e-05, -6.139090060451187e-05, 1.7290253648021016e-05, 5.585081933151959e-05, 3.819056025551895e-05, -2.551037423719006e-05, 1.1100162839388855e-06, -8.500124696829302e-07, 2.1610317023350732e-05, -0.00025553374868009314, -0.0001973128945801635, 3.0090441426775732e-05, 6.127089884408605e-05, 7.997117317711051e-05, -0.00016877247589222133, -3.8370562896157684e-05, -5.3490784709811695e-05, -9.213135156692748e-05, 0.00020005293477655316, 3.0190442893797253e-05, -0.00018723274670439416, -9.641141435544859e-05, -6.135090001770326e-05], [9.103133542969075e-05, -4.2170618642975495e-05, 5.0190736298101495e-05, 6.455094696239193e-05, 0.00010671156545866527, -0.00020975307707764073, 9.007132134628415e-05, -2.3730348124206984e-05, -3.6900541330941325e-06, -8.559125562372e-05, 0.00010449153289078751, -1.4090206703332338e-05, -1.6850247193126323e-05, -9.82714416420489e-05, -0.00014381210972364965, 0.00012893189143084729, -0.00012597184800701027, -6.537095899196842e-05, -0.00026457388129883864, -0.00012265179930189576, -4.1950615415528145e-05, 1.4210208463758164e-05, -1.0, 5.087074627384784e-05, 0.00017143251491499382, 0.0001454521337828026, -5.790084940546078e-06, -8.105118902094293e-05, 0.00015483227138942128, 5.2090764171510397e-05, 8.925130931670768e-05, 5.267077268023522e-05, -3.781055468083717e-05, 3.8930571111478206e-05, -1.2950189979286996e-05, 1.6100236190464914e-06, 4.471065590532213e-05, -1.7030249833765063e-05, -1.3010190859499909e-05, -0.00012369181455891957, 3.470050905646786e-06, 4.5050660893195304e-05, -9.541139968523338e-05, -1.2270180003540652e-05, 0.00014557213554322842, -8.505124770180378e-05, 0.00014021205691087488, -0.0001407320645393868, -6.741098891920745e-05, 2.6050382159106274e-05, 0.00015363225378516303, -0.0002223132613355438, 0.00011421167548527937, -7.591111361603674e-05, 5.3330782362577256e-05, 5.5390812583220597e-05, 3.929057639275568e-05, 3.367049394614619e-05, 0.0001507322112415389, -0.00021881320998979055], [2.415035428569737e-05, -5.6570829894074545e-05, 2.3030337855056335e-05, 7.150104892038766e-06, -1.2330180883753565e-05, 4.850071150543778e-06, -8.257121131967006e-05, 5.079074510023062e-05, 1.4300209784077533e-06, 7.153104936049412e-05, -0.0001422320865447096, -8.18112001703065e-05, 0.00019563286993420193, -0.00011463168164676976, -0.00010425152936993586, 1.7890262450150144e-05, 0.00013439197153022235, -0.00010225150002950544, 3.631053267551435e-05, 0.0001327119468842608, 5.549081405024212e-05, -5.603082197215833e-05, 5.087074627384784e-05, -1.0, -0.00011477168370059988, -9.863144692332636e-05, -0.00011191164174378438, 4.45506535580877e-05, -1.9090280054408397e-05, 3.730054719902741e-06, -2.7670405924854918e-05, 7.643112124454866e-05, -0.0002119731096455185, -6.667097806324819e-05, -6.611096984792766e-05, 4.389064387574566e-05, 0.0002826341462429254, 0.0001464121478662092, -1.6530242498657455e-05, 0.00014575213818386715, -0.00012245179636785272, 8.477124359414353e-05, 0.00018687274142311668, 0.000149292190116429, 7.809114559710591e-05, 6.783099508069783e-05, 9.285136212948244e-05, 3.171046519252437e-05, -0.00011985175822529317, 7.073103762432195e-05, -3.725054646551665e-05, 6.669097835665249e-05, -8.831129552670538e-05, -0.00010079147861099123, 2.6770392721661227e-05, 6.499095341728663e-05, 1.8690274186322314e-05, -2.9290429690603563e-05, -0.00013519198326639452, -0.00013921204224065967], [8.531125151605974e-05, 8.670127190765888e-06, -0.00015521227696410305, 0.00013171193221404558, 9.231135420756622e-05, -6.283092172962178e-05, -9.245135626139636e-05, 4.443065179766187e-05, -4.1000601478823695e-07, 7.969116906945025e-05, -5.743084251045963e-05, 1.6110236337167067e-05, -0.00024705362427666813, 3.629053238211004e-05, 0.00012831188233531385, 2.1290312328881865e-05, 8.475124330073922e-05, -0.00012585184624658443, 0.00010391152438206269, 7.470109586507634e-06, -7.083103909134347e-05, 2.1000308074519452e-07, 0.00017143251491499382, -0.00011477168370059988, -1.0, -0.00014279209476003013, 0.00014189208155683644, -1.4090206703332338e-05, -3.8650567003817945e-05, -5.8070851899397364e-05, 0.00013909204048023383, 0.00013907204018682954, -4.297063037914766e-05, 6.43709443217532e-05, 9.245135626139636e-05, -0.00010511154198632094, 2.0950307341008692e-05, 0.0001770125967747947, 5.443079849981399e-05, -1.4850217852695898e-05, -0.00013105192253170354, 3.221047252763198e-05, 6.311092583728203e-05, 2.401035223186724e-05, 2.490036528835878e-06, 0.00015823232126815302, 0.00014945219246366345, 0.00017975263697118436, 0.00016347239814008073, -5.91908683300384e-05, -0.00010469153582483055, -0.00011543169338294192, -0.00012123177847019016, 1.1770172668433046e-05, 4.957072720256806e-05, 0.00015659229720900005, 8.057118197923963e-05, -0.00013217193896234458, -0.0001445521205796089, -4.6930688473199904e-05], [0.0001921328185884487, -1.910028020111055e-06, 7.149104877368551e-05, -0.00010147148858673757, 2.5490373943785755e-05, -4.0530594583822546e-05, -6.743098921261175e-05, 0.00019653288313739562, 4.5210663240429736e-05, -6.653097600941806e-05, -1.3170193206734343e-05, 0.00010949160624186357, 0.0001474121625364244, 6.1990909406641e-05, 1.665024425908328e-05, 3.055044817507473e-05, 1.2930189685882691e-05, -0.00021939321849851536, 9.385137679969765e-05, -1.2470182937583694e-05, -0.0001016114906405677, 6.76709927334634e-05, 0.0001454521337828026, -9.863144692332636e-05, -0.00014279209476003013, -1.0, -0.00011873174179465212, 1.901027888079118e-05, -4.871071458618298e-05, 0.00010063147626375679, -5.093074715406075e-05, 0.00019145280861270235, -6.735098803899453e-05, 9.183134716586292e-05, 0.00017339254366861563, -3.74905499863683e-05, 2.8650420301665825e-05, 0.00025427373019562197, -7.627111889731422e-05, 5.7890849258758623e-05, -4.45506535580877e-05, -0.00014857217955387405, 5.0210736591505796e-05, -6.361093317238964e-05, -8.94113116639421e-05, -0.00015823232126815302, -5.285077532087396e-05, 0.00020701303688125104, -5.723083957641659e-05, 2.4270356046123197e-05, 0.00010765157924866758, 2.703039653591718e-05, -5.6570829894074545e-05, 0.0002195132202589412, -5.3490784709811695e-05, 9.570140393959579e-06, -0.00011029161797803573, 3.370049438625265e-06, -4.305063155276488e-05, -2.6590390081022487e-05], [-0.00011427167636549228, -7.110104305230158e-06, 0.0002554937480932845, 0.00015445226581473951, 6.869100769708292e-05, 5.595082079854111e-05, -3.903057257849973e-05, -8.51512491688253e-05, -3.915057433892555e-05, -3.1700465045822223e-06, 0.00012259179842168285, -8.51512491688253e-05, -4.003058724871494e-05, -0.0001270918644376513, -8.627126559946634e-05, 6.95910209002766e-05, 8.065118315285685e-05, 0.00011521169015549458, 5.1690758303424313e-05, 4.2170618642975495e-05, -9.205135039331026e-05, -0.00015085221300196474, -5.790084940546078e-06, -0.00011191164174378438, 0.00014189208155683644, -0.00011873174179465212, -1.0, -7.459109425135267e-05, -2.6710391841448313e-05, -5.985087801238044e-05, -9.789143606736711e-05, -9.471138941608274e-05, -9.863144692332636e-05, -4.8770715466395895e-05, 2.8830422942304565e-05, -4.445065209106618e-05, -3.959058079382024e-05, 6.48309510700522e-05, 0.00012457182746870897, 6.937101767282926e-05, 0.00012597184800701027, 3.7470549692964e-05, 2.61703839195321e-05, -8.737128173670307e-05, 3.631053267551435e-05, -1.2990190566095604e-05, 6.691098158409984e-05, 5.537081228981629e-05, 4.309063213957349e-05, 0.00012347181133147225, 0.0002020929647037922, -0.00011525169074230318, 0.00016891247794605148, -4.989073189703693e-05, 2.787040885889796e-05, -4.239062187042284e-05, -4.570067042883519e-06, 8.41712347920144e-05, 0.00014243208947875265, -3.763055204019843e-05], [-0.00016261238552369564, -1.8170266557810405e-05, -8.025117728477077e-05, -2.957043379826382e-05, -3.6770539423813345e-05, 3.069045022890486e-05, -0.00016261238552369564, -0.00013445197241043527, 2.5630375997615886e-05, -0.000135551988547672, -0.00011959175441103721, 3.907057316530834e-05, -5.737084163024672e-05, 0.00011457168076655684, -6.669097835665249e-05, -2.227032670569277e-05, -0.00020277297467953854, -0.00017177251990286698, 6.847100446963557e-05, -1.9450285335685874e-05, 4.085059927829141e-05, 3.1970469006780326e-05, -8.105118902094293e-05, 4.45506535580877e-05, -1.4090206703332338e-05, 1.901027888079118e-05, -7.459109425135267e-05, -1.0, 0.00011027161768463143, 1.9490285922494483e-05, -8.139119400881611e-05, -0.000268933945260977, 1.3750201715459166e-05, 7.51711027600775e-05, -0.00015851232537581326, -3.611052974147131e-05, 0.0001431521000413076, 0.00011145163499548538, 6.431094344154029e-05, 0.00013615199734980113, -6.109089620344731e-05, -4.3750641821915527e-05, -4.325063448680792e-05, 6.713098481154719e-05, 0.00017417255511138348, -3.7010542944664996e-05, -9.479139058969995e-05, 5.783084837854571e-05, 0.00013067191695702177, 4.3370636247233745e-05, 2.7230399469960225e-05, -0.00018443270562779155, 4.81007056373517e-06, -3.103045521677803e-05, 1.2610184991413824e-05, 2.2990337268247725e-05, -0.00010959160770888509, -8.077118491328267e-05, -2.4230355459314588e-05, 9.303136477012118e-05], [1.1470168267368482e-05, -0.00014417211500492713, -0.0001784526178999046, -9.3611373278846e-05, -6.277092084940886e-05, 2.905042616975191e-05, 1.3390196434181689e-05, -0.00014449211969939598, -0.00013073191783723466, 4.989073189703693e-05, -5.103074862108227e-05, -6.385093669324129e-05, 3.5350518592107745e-05, 1.8290268318236227e-05,