{"connections": [[-9999847.0, -3405.0, 1745.0, 1943.0, 2383.0, -6401.0, -4775.0, -3521.0, 5381.0, -2241.0, 6801.0, 581.0, -3557.0, -13.0, 4089.0, -3191.0, 3147.0, -2175.0, -3063.0, 5177.0, -173.0, 2255.0, 2659.0, 3623.0, -1299.0, -1231.0, 589.0, -1417.0, -219.0, -1567.0, 1933.0, 1279.0, 699.0, 1073.0, 6481.0, 1147.0, -3025.0, 2041.0, -1433.0, -365.0, 1035.0, 2447.0, 4899.0, -1007.0, 1437.0, -1131.0, 2361.0, 2185.0, -2091.0, 4909.0, -411.0, 4605.0, -2403.0, 2313.0, 1021.0, 2991.0, 3783.0, 6135.0, -603.0, -2635.0], [-3405.0, -9999847.0, 1403.0, 1297.0, -555.0, -1855.0, -1025.0, 2925.0, -1073.0, -3031.0, -2641.0, 4847.0, -3075.0, 561.0, -881.0, -917.0, -555.0, 2903.0, 4979.0, 5659.0, 4245.0, -4959.0, 3317.0, 4513.0, 1979.0, -3021.0, -4269.0, -439.0, -7437.0, 6899.0, 6787.0, -1987.0, -1195.0, 659.0, -2593.0, -1635.0, 1501.0, -2393.0, -2887.0, -1267.0, 325.0, 1729.0, -2871.0, -5805.0, -2617.0, 3751.0, 2295.0, -3401.0, -1125.0, -2225.0, 3947.0, 2247.0, 579.0, 5127.0, -4405.0, -795.0, 3177.0, 3853.0, 55.0, -5397.0], [1745.0, 1403.0, -9999847.0, 35.0, -3713.0, 1007.0, 1569.0, 3779.0, -5003.0, 3407.0, 3493.0, -3523.0, -5525.0, 479.0, 3601.0, -1303.0, -669.0, 321.0, 4965.0, 881.0, 7791.0, -5965.0, -149.0, 5023.0, 637.0, 905.0, 1961.0, 3927.0, 3213.0, 473.0, 1329.0, 3899.0, -5825.0, -2903.0, 1781.0, -1473.0, -3493.0, 5325.0, -349.0, -997.0, 1419.0, -1225.0, 2815.0, -2447.0, -4683.0, 857.0, -1703.0, 1101.0, -1183.0, 4133.0, -559.0, 1617.0, 6093.0, 3417.0, 1341.0, -1353.0, -5769.0, -517.0, 3625.0, -7527.0], [1943.0, 1297.0, 35.0, -9999847.0, -95.0, 2945.0, -5465.0, 233.0, 3467.0, 365.0, -981.0, -377.0, -4583.0, 493.0, 127.0, -649.0, -4667.0, 1895.0, 4875.0, -1277.0, -4715.0, -5567.0, -7187.0, 5033.0, -2213.0, -2261.0, 5279.0, 2789.0, 2715.0, -973.0, -1677.0, 3633.0, -3531.0, 3031.0, -2109.0, 2661.0, -4095.0, 1767.0, -475.0, 1217.0, -2391.0, -2651.0, 2361.0, 2603.0, -3865.0, 4735.0, -3789.0, -969.0, 1895.0, 1103.0, -465.0, -3461.0, 2083.0, -2949.0, 2335.0, 1633.0, 2561.0, 2141.0, 1827.0, 879.0], [2383.0, -555.0, -3713.0, -95.0, -9999847.0, -5607.0, -1441.0, -2227.0, -6097.0, -1511.0, 703.0, 2255.0, 1729.0, -6287.0, 47.0, 5303.0, -123.0, -1709.0, -2201.0, -1145.0, 3241.0, -3583.0, -2131.0, 777.0, 11.0, -4489.0, -17.0, 2701.0, 2179.0, -1125.0, 1727.0, -2291.0, 1221.0, -2549.0, 10659.0, -1563.0, -5015.0, 2111.0, 3117.0, -1235.0, -1547.0, 3553.0, -2503.0, -5205.0, -7481.0, -1005.0, -689.0, -3513.0, -6557.0, 1575.0, 1103.0, -261.0, 1891.0, 2155.0, -2317.0, 1933.0, 4545.0, 6845.0, 2267.0, 3471.0], [-6401.0, -1855.0, 1007.0, 2945.0, -5607.0, -9999847.0, 2051.0, 4897.0, 1095.0, -763.0, 19.0, 3691.0, -5527.0, -3031.0, -1269.0, 583.0, -255.0, -477.0, 1571.0, 6771.0, -5771.0, 161.0, -627.0, -519.0, -5445.0, -1013.0, -1181.0, 5541.0, -961.0, -1265.0, 591.0, -2123.0, -4403.0, -6589.0, 2687.0, 825.0, 725.0, -6629.0, 3665.0, -2451.0, 469.0, -4399.0, -1383.0, -3141.0, -2173.0, -3629.0, -4777.0, -2973.0, -269.0, 4879.0, -1453.0, -521.0, 303.0, -185.0, 6439.0, 4169.0, -191.0, -3187.0, -369.0, 4663.0], [-4775.0, -1025.0, 1569.0, -5465.0, -1441.0, 2051.0, -9999847.0, -1013.0, 1669.0, 1015.0, -723.0, -127.0, -2461.0, -1505.0, -4091.0, -2459.0, -2309.0, -2187.0, -451.0, 781.0, 491.0, -1641.0, -2633.0, 2523.0, 449.0, -8475.0, 1225.0, -833.0, 1157.0, 7221.0, -2519.0, 891.0, 3083.0, -2059.0, -1535.0, -1697.0, -1453.0, 2337.0, -3449.0, 4059.0, -8557.0, 1403.0, 695.0, -1743.0, 6357.0, -2403.0, -2027.0, -711.0, 3353.0, -1055.0, -5135.0, -1855.0, 121.0, 3753.0, -1215.0, 779.0, -621.0, 131.0, -455.0, -1727.0], [-3521.0, 2925.0, 3779.0, 233.0, -2227.0, 4897.0, -1013.0, -9999847.0, -2489.0, 6869.0, 1307.0, 1923.0, 1897.0, 5225.0, -681.0, 2615.0, -5303.0, -921.0, 3151.0, -4709.0, -6419.0, -67.0, -2395.0, 3525.0, 11.0, -3585.0, -4673.0, 3861.0, -9.0, 419.0, -9033.0, -5207.0, 8337.0, 1695.0, -4977.0, 2385.0, 765.0, -4053.0, 193.0, 1761.0, -2587.0, 1525.0, -5447.0, -2329.0, 199.0, -4745.0, -5601.0, -1633.0, 3199.0, -2553.0, 4439.0, -2989.0, 859.0, 315.0, 4967.0, 2401.0, 3241.0, -1439.0, -3217.0, 4215.0], [5381.0, -1073.0, -5003.0, 3467.0, -6097.0, 1095.0, 1669.0, -2489.0, -9999847.0, 3099.0, 5081.0, -4107.0, 99.0, -5217.0, 1421.0, -4755.0, 379.0, 117.0, -515.0, -1363.0, 1167.0, -513.0, 627.0, -933.0, 2429.0, -4691.0, -5103.0, -1241.0, 1173.0, -855.0, 6049.0, -2189.0, 1399.0, 4817.0, 3105.0, -909.0, 1675.0, 2785.0, 2431.0, -1653.0, 4711.0, 551.0, -3909.0, -2411.0, 2053.0, 177.0, -1519.0, -4695.0, -1431.0, -987.0, 6917.0, 1333.0, 3073.0, 485.0, 4077.0, -2873.0, -1325.0, -1425.0, 897.0, 4925.0], [-2241.0, -3031.0, 3407.0, 365.0, -1511.0, -763.0, 1015.0, 6869.0, 3099.0, -9999847.0, -2465.0, 715.0, 749.0, -23.0, -8277.0, -1573.0, -1691.0, -4877.0, 2231.0, -5233.0, -5215.0, -799.0, 1041.0, 1901.0, -4365.0, 4259.0, 1147.0, 713.0, -5737.0, -2505.0, 3603.0, 621.0, -1627.0, 2407.0, 3311.0, 1973.0, 145.0, -781.0, -3571.0, -4559.0, 2201.0, -823.0, 2661.0, 1675.0, -1917.0, 5543.0, 215.0, -1605.0, -1681.0, -401.0, -3845.0, 2587.0, 4367.0, 1603.0, -1869.0, -8159.0, 7717.0, 689.0, -1917.0, 595.0], [6801.0, -2641.0, 3493.0, -981.0, 703.0, 19.0, -723.0, 1307.0, 5081.0, -2465.0, -9999847.0, 3601.0, -1341.0, 5291.0, -1803.0, -1711.0, 639.0, 117.0, 1677.0, -1307.0, 663.0, 3295.0, 3603.0, -81.0, 2417.0, 2973.0, 1265.0, 8991.0, -831.0, -4003.0, 1617.0, 5691.0, -5037.0, -1307.0, 5493.0, 647.0, -1149.0, -6447.0, -3245.0, 1919.0, -1197.0, 2447.0, 6199.0, -2087.0, -603.0, 53.0, -3099.0, 837.0, -5135.0, 2921.0, 2217.0, -6763.0, -2383.0, 781.0, -4199.0, 447.0, 1587.0, 1339.0, -2955.0, -2275.0], [581.0, 4847.0, -3523.0, -377.0, 2255.0, 3691.0, -127.0, 1923.0, -4107.0, 715.0, 3601.0, -9999847.0, 1799.0, -3581.0, 4289.0, 645.0, -113.0, -6211.0, 2261.0, -163.0, -4185.0, -1385.0, 7.0, 287.0, 3573.0, -2919.0, 2921.0, 863.0, 601.0, -967.0, 1857.0, 2223.0, -1457.0, -2379.0, 4417.0, -3161.0, -2045.0, 961.0, 2219.0, -2905.0, 3659.0, -1317.0, 4535.0, 2537.0, 3085.0, -2691.0, -743.0, 5093.0, 141.0, 1121.0, -207.0, 581.0, -975.0, 33.0, 1569.0, -1765.0, -6745.0, -17.0, 1701.0, -463.0], [-3557.0, -3075.0, -5525.0, -4583.0, 1729.0, -5527.0, -2461.0, 1897.0, 99.0, 749.0, -1341.0, 1799.0, -9999847.0, -5347.0, 863.0, -1065.0, -495.0, -3401.0, 3039.0, 4503.0, 1601.0, 1657.0, 2133.0, -5227.0, 375.0, 3359.0, -7461.0, -5523.0, -785.0, -1125.0, 1719.0, 2181.0, -31.0, -1913.0, -3657.0, -1231.0, 1793.0, 7323.0, -355.0, -2811.0, 1041.0, 1289.0, 1565.0, 103.0, 439.0, -3101.0, 2107.0, -4721.0, 1903.0, 2635.0, -7465.0, -2349.0, -2245.0, 1123.0, 107.0, 3933.0, 1009.0, 4949.0, 5259.0, 2827.0], [-13.0, 561.0, 479.0, 493.0, -6287.0, -3031.0, -1505.0, 5225.0, -5217.0, -23.0, 5291.0, -3581.0, -5347.0, -9999847.0, 1439.0, 5715.0, -1435.0, -985.0, -5545.0, -693.0, -2635.0, -1519.0, -1459.0, 1449.0, 2827.0, 2411.0, -5877.0, -2759.0, -4309.0, 3535.0, -2097.0, -5063.0, -1199.0, -585.0, 3219.0, -2227.0, 1409.0, 2807.0, 949.0, -255.0, -1023.0, -195.0, -1071.0, -1341.0, -7605.0, -1985.0, 515.0, 1311.0, 2063.0, -3117.0, -113.0, -3665.0, -2165.0, 1431.0, -4041.0, 857.0, -3791.0, -1551.0, 1175.0, -2345.0], [4089.0, -881.0, 3601.0, 127.0, 47.0, -1269.0, -4091.0, -681.0, 1421.0, -8277.0, -1803.0, 4289.0, 863.0, 1439.0, -9999847.0, -211.0, 459.0, 2301.0, -2655.0, -1591.0, 907.0, 5163.0, -1405.0, 783.0, 4457.0, 5233.0, -4899.0, -3125.0, -5271.0, 2693.0, -239.0, -4753.0, -6365.0, 1745.0, -2247.0, 1823.0, -657.0, 1161.0, -789.0, -5373.0, -4113.0, -2489.0, 43.0, -2555.0, 4469.0, -6287.0, 1345.0, 257.0, 793.0, 3693.0, 3317.0, 2077.0, 1337.0, -6279.0, -1595.0, 2979.0, -1813.0, 4315.0, 741.0, 3053.0], [-3191.0, -917.0, -1303.0, -649.0, 5303.0, 583.0, -2459.0, 2615.0, -4755.0, -1573.0, -1711.0, 645.0, -1065.0, 5715.0, -211.0, -9999847.0, 503.0, 4081.0, 2609.0, 3517.0, -2049.0, 3895.0, -3157.0, -889.0, 2905.0, 4145.0, 10725.0, -1337.0, 1433.0, 777.0, 81.0, 1027.0, 3823.0, -3455.0, -9011.0, 3783.0, -4029.0, -5355.0, 2651.0, 3523.0, -1881.0, -6209.0, 4431.0, -995.0, 2673.0, 1281.0, 953.0, 589.0, -451.0, -8119.0, 1709.0, -2155.0, -1383.0, -2619.0, -251.0, 2659.0, -1785.0, 755.0, -451.0, 1337.0], [3147.0, -555.0, -669.0, -4667.0, -123.0, -255.0, -2309.0, -5303.0, 379.0, -1691.0, 639.0, -113.0, -495.0, -1435.0, 459.0, 503.0, -9999847.0, -3133.0, 943.0, 1415.0, -3295.0, -5547.0, -1795.0, 3577.0, 2015.0, 439.0, 51.0, 217.0, 3043.0, -1009.0, 2187.0, 3281.0, 1569.0, 1219.0, 2011.0, 3337.0, -2203.0, 671.0, -2291.0, 2193.0, -1467.0, -835.0, -2307.0, 1815.0, 1455.0, -777.0, 2779.0, 4459.0, -2725.0, -1733.0, -601.0, 811.0, 1375.0, 1519.0, -1777.0, 6333.0, -4583.0, 3673.0, 807.0, 1343.0], [-2175.0, 2903.0, 321.0, 1895.0, -1709.0, -477.0, -2187.0, -921.0, 117.0, -4877.0, 117.0, -6211.0, -3401.0, -985.0, 2301.0, 4081.0, -3133.0, -9999847.0, 689.0, -819.0, 1491.0, 1259.0, -1833.0, -4929.0, 1345.0, -1675.0, 613.0, 3487.0, 653.0, -955.0, 385.0, 2043.0, -1021.0, -723.0, -5671.0, 111.0, -3793.0, -875.0, -4461.0, -4749.0, -673.0, 1515.0, -2721.0, -4139.0, -2475.0, 245.0, -5455.0, -1855.0, -1759.0, 2553.0, -2091.0, -539.0, -6495.0, 1413.0, -227.0, 1115.0, 459.0, 651.0, -4155.0, 5845.0], [-3063.0, 4979.0, 4965.0, 4875.0, -2201.0, 1571.0, -451.0, 3151.0, -515.0, 2231.0, 1677.0, 2261.0, 3039.0, -5545.0, -2655.0, 2609.0, 943.0, 689.0, -9999847.0, -4955.0, -341.0, -4137.0, 5875.0, -1593.0, -771.0, -3219.0, -6591.0, -45.0, 2413.0, 1185.0, 1081.0, 431.0, 3019.0, -2467.0, 5301.0, 983.0, -2617.0, 2521.0, 1959.0, -4325.0, 947.0, 1091.0, 2531.0, -3323.0, -1195.0, 6089.0, 5657.0, -3495.0, 1441.0, 573.0, 1813.0, -2055.0, -3799.0, -3247.0, -1627.0, 8831.0, 2667.0, -1897.0, -3395.0, 2573.0], [5177.0, 5659.0, 881.0, -1277.0, -1145.0, 6771.0, 781.0, -4709.0, -1363.0, -5233.0, -1307.0, -163.0, 4503.0, -693.0, -1591.0, 3517.0, 1415.0, -819.0, -4955.0, -9999847.0, -5825.0, 527.0, -1765.0, -193.0, 2521.0, 2237.0, 5041.0, -2773.0, 249.0, 2557.0, 1241.0, 1783.0, 2887.0, 269.0, -5575.0, -5005.0, 1403.0, 1065.0, 1351.0, -1389.0, -1877.0, -985.0, 2311.0, -1727.0, -1923.0, -1703.0, -627.0, -1483.0, -1839.0, -279.0, -1583.0, 1985.0, 4069.0, 153.0, -1395.0, -349.0, -6413.0, -3521.0, 4805.0, -587.0], [-173.0, 4245.0, 7791.0, -4715.0, 3241.0, -5771.0, 491.0, -6419.0, 1167.0, -5215.0, 663.0, -4185.0, 1601.0, -2635.0, 907.0, -2049.0, -3295.0, 1491.0, -341.0, -5825.0, -9999847.0, -1243.0, 5405.0, -1263.0, 5731.0, 1011.0, -2093.0, -5583.0, 987.0, 1347.0, -2789.0, -1519.0, 1877.0, 3783.0, 2415.0, -1239.0, 1313.0, -4053.0, 2945.0, -3667.0, -1143.0, 2017.0, 3001.0, -2701.0, -1901.0, 6207.0, -2697.0, 983.0, 563.0, -325.0, 239.0, 2251.0, 347.0, -2069.0, 339.0, -4611.0, -455.0, 8257.0, 1883.0, -2545.0], [2255.0, -4959.0, -5965.0, -5567.0, -3583.0, 161.0, -1641.0, -67.0, -513.0, -799.0, 3295.0, -1385.0, 1657.0, -1519.0, 5163.0, 3895.0, -5547.0, 1259.0, -4137.0, 527.0, -1243.0, -9999847.0, 1477.0, -5715.0, 3391.0, 823.0, -3293.0, 3893.0, -4233.0, -21.0, 2639.0, -7527.0, 1169.0, -361.0, 2771.0, -1971.0, 3449.0, 1459.0, 1253.0, -2635.0, 2001.0, -6591.0, 10697.0, 1007.0, 3127.0, -4537.0, -1921.0, 2007.0, 2207.0, -2549.0, 555.0, -5637.0, -297.0, 923.0, 2959.0, -3151.0, 2809.0, 2841.0, 3623.0, 3775.0], [2659.0, 3317.0, -149.0, -7187.0, -2131.0, -627.0, -2633.0, -2395.0, 627.0, 1041.0, 3603.0, 7.0, 2133.0, -1459.0, -1405.0, -3157.0, -1795.0, -1833.0, 5875.0, -1765.0, 5405.0, 1477.0, -9999847.0, -5759.0, -2613.0, -893.0, -1549.0, 2897.0, -6773.0, 5747.0, 1823.0, -2803.0, -4871.0, 3587.0, -4613.0, 985.0, 3177.0, -3957.0, 3313.0, 5169.0, 4329.0, -2143.0, 4753.0, 2707.0, 4059.0, -5093.0, 1587.0, 3807.0, 3323.0, -1929.0, -937.0, 931.0, 3223.0, -41.0, -1009.0, 1409.0, -1355.0, 897.0, -893.0, -889.0], [3623.0, 4513.0, 5023.0, 5033.0, 777.0, -519.0, 2523.0, 3525.0, -933.0, 1901.0, -81.0, 287.0, -5227.0, 1449.0, 783.0, -889.0, 3577.0, -4929.0, -1593.0, -193.0, -1263.0, -5715.0, -5759.0, -9999847.0, 2595.0, 2591.0, 231.0, -647.0, 3499.0, 1003.0, 635.0, -4055.0, 3785.0, 3947.0, 4547.0, 1457.0, 669.0, 2939.0, 1121.0, -1931.0, -3623.0, -2959.0, -3399.0, 2979.0, -1305.0, 1055.0, 3223.0, 7171.0, -4273.0, -3277.0, 3675.0, 3055.0, -3781.0, -4381.0, 2151.0, 977.0, 1545.0, 1021.0, -289.0, -6305.0], [-1299.0, 1979.0, 637.0, -2213.0, 11.0, -5445.0, 449.0, 11.0, 2429.0, -4365.0, 2417.0, 3573.0, 375.0, 2827.0, 4457.0, 2905.0, 2015.0, 1345.0, -771.0, 2521.0, 5731.0, 3391.0, -2613.0, 2595.0, -9999847.0, -5727.0, 3733.0, 491.0, 2593.0, -5479.0, 1981.0, 1915.0, -2917.0, -2723.0, -4435.0, 1651.0, -2913.0, -939.0, -6233.0, 1375.0, 4043.0, -6389.0, 4387.0, -5971.0, -2511.0, -2267.0, -179.0, -3275.0, 1561.0, 3397.0, -147.0, -3191.0, 3921.0, 601.0, -2227.0, 1303.0, -4973.0, -629.0, 1169.0, 3089.0], [-1231.0, -3021.0, 905.0, -2261.0, -4489.0, -1013.0, -8475.0, -3585.0, -4691.0, 4259.0, 2973.0, -2919.0, 3359.0, 2411.0, 5233.0, 4145.0, 439.0, -1675.0, -3219.0, 2237.0, 1011.0, 823.0, -893.0, 2591.0, -5727.0, -9999847.0, 5889.0, -5157.0, -4039.0, -5651.0, -5859.0, 979.0, -7485.0, 4505.0, 333.0, 1991.0, 6719.0, -631.0, 2915.0, -1641.0, -5561.0, -1077.0, -4081.0, 2537.0, 233.0, -4967.0, -483.0, -3119.0, -3767.0, 4109.0, -1119.0, -4991.0, -815.0, -2231.0, 1097.0, 1203.0, -9557.0, -3529.0, -367.0, -4123.0], [589.0, -4269.0, 1961.0, 5279.0, -17.0, -1181.0, 1225.0, -4673.0, -5103.0, 1147.0, 1265.0, 2921.0, -7461.0, -5877.0, -4899.0, 10725.0, 51.0, 613.0, -6591.0, 5041.0, -2093.0, -3293.0, -1549.0, 231.0, 3733.0, 5889.0, -9999847.0, -3677.0, -1843.0, -4159.0, -3987.0, -4217.0, -577.0, -363.0, 137.0, -2577.0, -189.0, 3305.0, 3099.0, 11.0, 1779.0, -5885.0, 15.0, -1115.0, -951.0, 1901.0, -959.0, 4333.0, 1865.0, 1157.0, -2983.0, -1339.0, -335.0, 3873.0, 1641.0, -1729.0, 287.0, 1775.0, -3631.0, 373.0], [-1417.0, -439.0, 3927.0, 2789.0, 2701.0, 5541.0, -833.0, 3861.0, -1241.0, 713.0, 8991.0, 863.0, -5523.0, -2759.0, -3125.0, -1337.0, 217.0, 3487.0, -45.0, -2773.0, -5583.0, 3893.0, 2897.0, -647.0, 491.0, -5157.0, -3677.0, -9999847.0, 739.0, -45.0, -5713.0, -10683.0, 1825.0, 5271.0, -3889.0, 4493.0, -1299.0, -2041.0, -9379.0, -3411.0, 7409.0, -2999.0, 3797.0, -785.0, 3035.0, 27.0, -4085.0, 4707.0, -425.0, -241.0, 355.0, 1051.0, -1793.0, -193.0, 1259.0, 985.0, -2403.0, 4377.0, -6053.0, 1567.0], [-219.0, -7437.0, 3213.0, 2715.0, 2179.0, -961.0, 1157.0, -9.0, 1173.0, -5737.0, -831.0, 601.0, -785.0, -4309.0, -5271.0, 1433.0, 3043.0, 653.0, 2413.0, 249.0, 987.0, -4233.0, -6773.0, 3499.0, 2593.0, -4039.0, -1843.0, 739.0, -9999847.0, -431.0, 365.0, -585.0, -573.0, -999.0, 2265.0, -4617.0, 5459.0, -2739.0, 2643.0, -2169.0, -6349.0, 507.0, -1269.0, 3097.0, 2701.0, -2415.0, 3025.0, 237.0, 409.0, 537.0, -151.0, 1469.0, -1187.0, 4721.0, 4901.0, 7351.0, -921.0, -5721.0, 253.0, 73.0], [-1567.0, 6899.0, 473.0, -973.0, -1125.0, -1265.0, 7221.0, 419.0, -855.0, -2505.0, -4003.0, -967.0, -1125.0, 3535.0, 2693.0, 777.0, -1009.0, -955.0, 1185.0, 2557.0, 1347.0, -21.0, 5747.0, 1003.0, -5479.0, -5651.0, -4159.0, -45.0, -431.0, -9999847.0, 1701.0, -773.0, -5705.0, -4755.0, 1541.0, -2033.0, -681.0, 6437.0, -533.0, 767.0, -2293.0, -2749.0, -3189.0, -1115.0, 3189.0, 4553.0, 2709.0, -4363.0, 925.0, 61.0, -1539.0, 197.0, 4813.0, 1249.0, -1507.0, -6965.0, -2725.0, -2057.0, 4425.0, 213.0], [1933.0, 6787.0, 1329.0, -1677.0, 1727.0, 591.0, -2519.0, -9033.0, 6049.0, 3603.0, 1617.0, 1857.0, 1719.0, -2097.0, -239.0, 81.0, 2187.0, 385.0, 1081.0, 1241.0, -2789.0, 2639.0, 1823.0, 635.0, 1981.0, -5859.0, -3987.0, -5713.0, 365.0, 1701.0, -9999847.0, 59.0, 6679.0, 5681.0, -223.0, 1315.0, -8085.0, -195.0, -1653.0, -125.0, -1009.0, -4877.0, -4729.0, -5055.0, 2869.0, -1511.0, -783.0, -1695.0, -2275.0, -2675.0, -275.0, 5317.0, 3241.0, -607.0, -2871.0, 1147.0, 155.0, -4093.0, -811.0, -1647.0], [1279.0, -1987.0, 3899.0, 3633.0, -2291.0, -2123.0, 891.0, -5207.0, -2189.0, 621.0, 5691.0, 2223.0, 2181.0, -5063.0, -4753.0, 1027.0, 3281.0, 2043.0, 431.0, 1783.0, -1519.0, -7527.0, -2803.0, -4055.0, 1915.0, 979.0, -4217.0, -10683.0, -585.0, -773.0, 59.0, -9999847.0, -5371.0, 1611.0, -7633.0, -5135.0, -6471.0, 2139.0, 7721.0, 181.0, 3625.0, -1051.0, 13.0, 6235.0, -3733.0, -89.0, 343.0, -957.0, 3239.0, -593.0, -3389.0, 5971.0, 2563.0, -8037.0, 1939.0, -2403.0, 113.0, -4939.0, 3427.0, -3361.0], [699.0, -1195.0, -5825.0, -3531.0, 1221.0, -4403.0, 3083.0, 8337.0, 1399.0, -1627.0, -5037.0, -1457.0, -31.0, -1199.0, -6365.0, 3823.0, 1569.0, -1021.0, 3019.0, 2887.0, 1877.0, 1169.0, -4871.0, 3785.0, -2917.0, -7485.0, -577.0, 1825.0, -573.0, -5705.0, 6679.0, -5371.0, -9999847.0, -4165.0, 2283.0, -4351.0, 509.0, -4649.0, -3515.0, -2187.0, -835.0, -119.0, -2475.0, -1293.0, -4053.0, 851.0, -9281.0, -4145.0, 3119.0, -2281.0, -945.0, -1609.0, -2425.0, 1099.0, -505.0, -5815.0, -843.0, -3983.0, -7493.0, 4103.0], [1073.0, 659.0, -2903.0, 3031.0, -2549.0, -6589.0, -2059.0, 1695.0, 4817.0, 2407.0, -1307.0, -2379.0, -1913.0, -585.0, 1745.0, -3455.0, 1219.0, -723.0, -2467.0, 269.0, 3783.0, -361.0, 3587.0, 3947.0, -2723.0, 4505.0, -363.0, 5271.0, -999.0, -4755.0, 5681.0, 1611.0, -4165.0, -9999847.0, -1131.0, -721.0, 239.0, -679.0, -757.0, 3035.0, -5549.0, 291.0, 1255.0, 729.0, -831.0, 2289.0, -79.0, 1741.0, -1743.0, -4607.0, -5083.0, 605.0, 5949.0, -3131.0, 3413.0, 4191.0, -1105.0, -1609.0, -31.0, 4325.0], [6481.0, -2593.0, 1781.0, -2109.0, 10659.0, 2687.0, -1535.0, -4977.0, 3105.0, 3311.0, 5493.0, 4417.0, -3657.0, 3219.0, -2247.0, -9011.0, 2011.0, -5671.0, 5301.0, -5575.0, 2415.0, 2771.0, -4613.0, 4547.0, -4435.0, 333.0, 137.0, -3889.0, 2265.0, 1541.0, -223.0, -7633.0, 2283.0, -1131.0, -9999847.0, 3799.0, -1925.0, -3975.0, -3373.0, -1433.0, -3957.0, 1623.0, 1623.0, -1963.0, 1113.0, -2891.0, 3241.0, -1683.0, -1143.0, -5023.0, -1147.0, 673.0, 977.0, -3375.0, -7315.0, 983.0, -6349.0, -4633.0, 4145.0, -1403.0], [1147.0, -1635.0, -1473.0, 2661.0, -1563.0, 825.0, -1697.0, 2385.0, -909.0, 1973.0, 647.0, -3161.0, -1231.0, -2227.0, 1823.0, 3783.0, 3337.0, 111.0, 983.0, -5005.0, -1239.0, -1971.0, 985.0, 1457.0, 1651.0, 1991.0, -2577.0, 4493.0, -4617.0, -2033.0, 1315.0, -5135.0, -4351.0, -721.0, 3799.0, -9999847.0, -1499.0, -1701.0, 605.0, 2681.0, 2977.0, 2201.0, 1409.0, -1537.0, 3363.0, -2073.0, -1685.0, 1887.0, 5903.0, -2561.0, -2837.0, -1821.0, 2395.0, 303.0, -161.0, -3875.0, 2385.0, 2253.0, -449.0, 1307.0], [-3025.0, 1501.0, -3493.0, -4095.0, -5015.0, 725.0, -1453.0, 765.0, 1675.0, 145.0, -1149.0, -2045.0, 1793.0, 1409.0, -657.0, -4029.0, -2203.0, -3793.0, -2617.0, 1403.0, 1313.0, 3449.0, 3177.0, 669.0, -2913.0, 6719.0, -189.0, -1299.0, 5459.0, -681.0, -8085.0, -6471.0, 509.0, 239.0, -1925.0, -1499.0, -9999847.0, -449.0, 1669.0, 4137.0, -659.0, -3623.0, 677.0, 4595.0, 1635.0, 1003.0, -3633.0, 171.0, 1331.0, 4843.0, -3157.0, -3153.0, 3519.0, -5029.0, -549.0, -1799.0, -4695.0, 1001.0, -913.0, -1569.0], [2041.0, -2393.0, 5325.0, 1767.0, 2111.0, -6629.0, 2337.0, -4053.0, 2785.0, -781.0, -6447.0, 961.0, 7323.0, 2807.0, 1161.0, -5355.0, 671.0, -875.0, 2521.0, 1065.0, -4053.0, 1459.0, -3957.0, 2939.0, -939.0, -631.0, 3305.0, -2041.0, -2739.0, 6437.0, -195.0, 2139.0, -4649.0, -679.0, -3975.0, -1701.0, -449.0, -9999847.0, 3383.0, 4083.0, 4655.0, 2715.0, -2261.0, -2211.0, 2905.0, -3167.0, 2817.0, 6413.0, -3239.0, -723.0, 5545.0, -259.0, -5251.0, -1411.0, 3825.0, 5375.0, 1103.0, 1527.0, -2963.0, 1201.0], [-1433.0, -2887.0, -349.0, -475.0, 3117.0, 3665.0, -3449.0, 193.0, 2431.0, -3571.0, -3245.0, 2219.0, -355.0, 949.0, -789.0, 2651.0, -2291.0, -4461.0, 1959.0, 1351.0, 2945.0, 1253.0, 3313.0, 1121.0, -6233.0, 2915.0, 3099.0, -9379.0, 2643.0, -533.0, -1653.0, 7721.0, -3515.0, -757.0, -3373.0, 605.0, 1669.0, 3383.0, -9999847.0, 677.0, 3157.0, -3847.0, -4043.0, -5345.0, 3123.0, 2911.0, 2547.0, -269.0, -1025.0, 5343.0, 159.0, -2317.0, -1109.0, 3487.0, 2019.0, -2299.0, -3339.0, -3915.0, -113.0, -833.0], [-365.0, -1267.0, -997.0, 1217.0, -1235.0, -2451.0, 4059.0, 1761.0, -1653.0, -4559.0, 1919.0, -2905.0, -2811.0, -255.0, -5373.0, 3523.0, 2193.0, -4749.0, -4325.0, -1389.0, -3667.0, -2635.0, 5169.0, -1931.0, 1375.0, -1641.0, 11.0, -3411.0, -2169.0, 767.0, -125.0, 181.0, -2187.0, 3035.0, -1433.0, 2681.0, 4137.0, 4083.0, 677.0, -9999847.0, 1813.0, -259.0, -2467.0, 4695.0, 1507.0, 2471.0, 3387.0, 1787.0, 4639.0, -2709.0, 3247.0, -709.0, -893.0, 1311.0, -4029.0, 2225.0, -1471.0, -4727.0, -709.0, 3199.0], [1035.0, 325.0, 1419.0, -2391.0, -1547.0, 469.0, -8557.0, -2587.0, 4711.0, 2201.0, -1197.0, 3659.0, 1041.0, -1023.0, -4113.0, -1881.0, -1467.0, -673.0, 947.0, -1877.0, -1143.0, 2001.0, 4329.0, -3623.0, 4043.0, -5561.0, 1779.0, 7409.0, -6349.0, -2293.0, -1009.0, 3625.0, -835.0, -5549.0, -3957.0, 2977.0, -659.0, 4655.0, 3157.0, 1813.0, -9999847.0, 213.0, -563.0, -29.0, -2097.0, -3681.0, -817.0, -2993.0, 1975.0, -2481.0, 1815.0, 7343.0, 2379.0, 135.0, 1811.0, -2567.0, 1701.0, -2135.0, 131.0, -469.0], [2447.0, 1729.0, -1225.0, -2651.0, 3553.0, -4399.0, 1403.0, 1525.0, 551.0, -823.0, 2447.0, -1317.0, 1289.0, -195.0, -2489.0, -6209.0, -835.0, 1515.0, 1091.0, -985.0, 2017.0, -6591.0, -2143.0, -2959.0, -6389.0, -1077.0, -5885.0, -2999.0, 507.0, -2749.0, -4877.0, -1051.0, -119.0, 291.0, 1623.0, 2201.0, -3623.0, 2715.0, -3847.0, -259.0, 213.0, -9999847.0, 3369.0, 7391.0, 471.0, 1543.0, 311.0, 1267.0, -3993.0, 2231.0, -2997.0, -3193.0, -385.0, 3651.0, -5409.0, 3065.0, -1895.0, -2347.0, 1239.0, -1913.0], [4899.0, -2871.0, 2815.0, 2361.0, -2503.0, -1383.0, 695.0, -5447.0, -3909.0, 2661.0, 6199.0, 4535.0, 1565.0, -1071.0, 43.0, 4431.0, -2307.0, -2721.0, 2531.0, 2311.0, 3001.0, 10697.0, 4753.0, -3399.0, 4387.0, -4081.0, 15.0, 3797.0, -1269.0, -3189.0, -4729.0, 13.0, -2475.0, 1255.0, 1623.0, 1409.0, 677.0, -2261.0, -4043.0, -2467.0, -563.0, 3369.0, -9999847.0, -6109.0, 2507.0, 7959.0, -3777.0, -5877.0, -4757.0, -525.0, -1173.0, 671.0, -585.0, 2027.0, 6475.0, 2085.0, 5033.0, -831.0, 647.0, -2641.0], [-1007.0, -5805.0, -2447.0, 2603.0, -5205.0, -3141.0, -1743.0, -2329.0, -2411.0, 1675.0, -2087.0, 2537.0, 103.0, -1341.0, -2555.0, -995.0, 1815.0, -4139.0, -3323.0, -1727.0, -2701.0, 1007.0, 2707.0, 2979.0, -5971.0, 2537.0, -1115.0, -785.0, 3097.0, -1115.0, -5055.0, 6235.0, -1293.0, 729.0, -1963.0, -1537.0, 4595.0, -2211.0, -5345.0, 4695.0, -29.0, 7391.0, -6109.0, -9999847.0, -1119.0, -2327.0, 249.0, 4189.0, -3055.0, 1853.0, -4435.0, 5537.0, -579.0, -1139.0, 881.0, 1439.0, -3757.0, -1017.0, 2221.0, 4737.0], [1437.0, -2617.0, -4683.0, -3865.0, -7481.0, -2173.0, 6357.0, 199.0, 2053.0, -1917.0, -603.0, 3085.0, 439.0, -7605.0, 4469.0, 2673.0, 1455.0, -2475.0, -1195.0, -1923.0, -1901.0, 3127.0, 4059.0, -1305.0, -2511.0, 233.0, -951.0, 3035.0, 2701.0, 3189.0, 2869.0, -3733.0, -4053.0, -831.0, 1113.0, 3363.0, 1635.0, 2905.0, 3123.0, 1507.0, -2097.0, 471.0, 2507.0, -1119.0, -9999847.0, -3403.0, -1867.0, 1629.0, -1619.0, 305.0, 1265.0, 2353.0, 2329.0, 7021.0, 3365.0, -537.0, -2777.0, 479.0, -3.0, -243.0], [-1131.0, 3751.0, 857.0, 4735.0, -1005.0, -3629.0, -2403.0, -4745.0, 177.0, 5543.0, 53.0, -2691.0, -3101.0, -1985.0, -6287.0, 1281.0, -777.0, 245.0, 6089.0, -1703.0, 6207.0, -4537.0, -5093.0, 1055.0, -2267.0, -4967.0, 1901.0, 27.0, -2415.0, 4553.0, -1511.0, -89.0, 851.0, 2289.0, -2891.0, -2073.0, 1003.0, -3167.0, 2911.0, 2471.0, -3681.0, 1543.0, 7959.0, -2327.0, -3403.0, -9999847.0, -1211.0, -5579.0, -1755.0, -2083.0, -1207.0, -523.0, -567.0, 673.0, 4753.0, 2803.0, 283.0, -2977.0, 1641.0, 3485.0], [2361.0, 2295.0, -1703.0, -3789.0, -689.0, -4777.0, -2027.0, -5601.0, -1519.0, 215.0, -3099.0, -743.0, 2107.0, 515.0, 1345.0, 953.0, 2779.0, -5455.0, 5657.0, -627.0, -2697.0, -1921.0, 1587.0, 3223.0, -179.0, -483.0, -959.0, -4085.0, 3025.0, 2709.0, -783.0, 343.0, -9281.0, -79.0, 3241.0, -1685.0, -3633.0, 2817.0, 2547.0, 3387.0, -817.0, 311.0, -3777.0, 249.0, -1867.0, -1211.0, -9999847.0, 377.0, -2167.0, -1431.0, -4211.0, -4163.0, -615.0, -4467.0, 1521.0, 4559.0, 1207.0, -113.0, 2289.0, -3683.0], [2185.0, -3401.0, 1101.0, -969.0, -3513.0, -2973.0, -711.0, -1633.0, -4695.0, -1605.0, 837.0, 5093.0, -4721.0, 1311.0, 257.0, 589.0, 4459.0, -1855.0, -3495.0, -1483.0, 983.0, 2007.0, 3807.0, 7171.0, -3275.0, -3119.0, 4333.0, 4707.0, 237.0, -4363.0, -1695.0, -957.0, -4145.0, 1741.0, -1683.0, 1887.0, 171.0, 6413.0, -269.0, 1787.0, -2993.0, 1267.0, -5877.0, 4189.0, 1629.0, -5579.0, 377.0, -9999847.0, 4249.0, 2065.0, -3519.0, 3529.0, -3587.0, -3659.0, -5379.0, -1973.0, -1013.0, 959.0, -8563.0, 425.0], [-2091.0, -1125.0, -1183.0, 1895.0, -6557.0, -269.0, 3353.0, 3199.0, -1431.0, -1681.0, -5135.0, 141.0, 1903.0, 2063.0, 793.0, -451.0, -2725.0, -1759.0, 1441.0, -1839.0, 563.0, 2207.0, 3323.0, -4273.0, 1561.0, -3767.0, 1865.0, -425.0, 409.0, 925.0, -2275.0, 3239.0, 3119.0, -1743.0, -1143.0, 5903.0, 1331.0, -3239.0, -1025.0, 4639.0, 1975.0, -3993.0, -4757.0, -3055.0, -1619.0, -1755.0, -2167.0, 4249.0, -9999847.0, 2469.0, 3025.0, -1547.0, 2153.0, -1155.0, 6017.0, -1405.0, -4565.0, 1015.0, 3037.0, 1529.0], [4909.0, -2225.0, 4133.0, 1103.0, 1575.0, 4879.0, -1055.0, -2553.0, -987.0, -401.0, 2921.0, 1121.0, 2635.0, -3117.0, 3693.0, -8119.0, -1733.0, 2553.0, 573.0, -279.0, -325.0, -2549.0, -1929.0, -3277.0, 3397.0, 4109.0, 1157.0, -241.0, 537.0, 61.0, -2675.0, -593.0, -2281.0, -4607.0, -5023.0, -2561.0, 4843.0, -723.0, 5343.0, -2709.0, -2481.0, 2231.0, -525.0, 1853.0, 305.0, -2083.0, -1431.0, 2065.0, 2469.0, -9999847.0, -203.0, 1009.0, 1705.0, 4173.0, -2819.0, 1055.0, -2717.0, 1743.0, -1799.0, -5687.0], [-411.0, 3947.0, -559.0, -465.0, 1103.0, -1453.0, -5135.0, 4439.0, 6917.0, -3845.0, 2217.0, -207.0, -7465.0, -113.0, 3317.0, 1709.0, -601.0, -2091.0, 1813.0, -1583.0, 239.0, 555.0, -937.0, 3675.0, -147.0, -1119.0, -2983.0, 355.0, -151.0, -1539.0, -275.0, -3389.0, -945.0, -5083.0, -1147.0, -2837.0, -3157.0, 5545.0, 159.0, 3247.0, 1815.0, -2997.0, -1173.0, -4435.0, 1265.0, -1207.0, -4211.0, -3519.0, 3025.0, -203.0, -9999847.0, 1637.0, 3505.0, 613.0, 3453.0, 803.0, -2437.0, -245.0, -1539.0, -5431.0], [4605.0, 2247.0, 1617.0, -3461.0, -261.0, -521.0, -1855.0, -2989.0, 1333.0, 2587.0, -6763.0, 581.0, -2349.0, -3665.0, 2077.0, -2155.0, 811.0, -539.0, -2055.0, 1985.0, 2251.0, -5637.0, 931.0, 3055.0, -3191.0, -4991.0, -1339.0, 1051.0, 1469.0, 197.0, 5317.0, 5971.0, -1609.0, 605.0, 673.0, -1821.0, -3153.0, -259.0, -2317.0, -709.0, 7343.0, -3193.0, 671.0, 5537.0, 2353.0, -523.0, -4163.0, 3529.0, -1547.0, 1009.0, 1637.0, -9999847.0, 2013.0, 5065.0, -819.0, 655.0, -5333.0, -2001.0, 3637.0, -2839.0], [-2403.0, 579.0, 6093.0, 2083.0, 1891.0, 303.0, 121.0, 859.0, 3073.0, 4367.0, -2383.0, -975.0, -2245.0, -2165.0, 1337.0, -1383.0, 1375.0, -6495.0, -3799.0, 4069.0, 347.0, -297.0, 3223.0, -3781.0, 3921.0, -815.0, -335.0, -1793.0, -1187.0, 4813.0, 3241.0, 2563.0, -2425.0, 5949.0, 977.0, 2395.0, 3519.0, -5251.0, -1109.0, -893.0, 2379.0, -385.0, -585.0, -579.0, 2329.0, -567.0, -615.0, -3587.0, 2153.0, 1705.0, 3505.0, 2013.0, -9999847.0, -1407.0, -2107.0, -3081.0, -945.0, 1019.0, 1009.0, 5005.0], [2313.0, 5127.0, 3417.0, -2949.0, 2155.0, -185.0, 3753.0, 315.0, 485.0, 1603.0, 781.0, 33.0, 1123.0, 1431.0, -6279.0, -2619.0, 1519.0, 1413.0, -3247.0, 153.0, -2069.0, 923.0, -41.0, -4381.0, 601.0, -2231.0, 3873.0, -193.0, 4721.0, 1249.0, -607.0, -8037.0, 1099.0, -3131.0, -3375.0, 303.0, -5029.0, -1411.0, 3487.0, 1311.0, 135.0, 3651.0, 2027.0, -1139.0, 7021.0, 673.0, -4467.0, -3659.0, -1155.0, 4173.0, 613.0, 5065.0, -1407.0, -9999847.0, 881.0, 643.0, -2977.0, -3761.0, -5207.0, -2987.0], [1021.0, -4405.0, 1341.0, 2335.0, -2317.0, 6439.0, -1215.0, 4967.0, 4077.0, -1869.0, -4199.0, 1569.0, 107.0, -4041.0, -1595.0, -251.0, -1777.0, -227.0, -1627.0, -1395.0, 339.0, 2959.0, -1009.0, 2151.0, -2227.0, 1097.0, 1641.0, 1259.0, 4901.0, -1507.0, -2871.0, 1939.0, -505.0, 3413.0, -7315.0, -161.0, -549.0, 3825.0, 2019.0, -4029.0, 1811.0, -5409.0, 6475.0, 881.0, 3365.0, 4753.0, 1521.0, -5379.0, 6017.0, -2819.0, 3453.0, -819.0, -2107.0, 881.0, -9999847.0, -2873.0, -1217.0, -2669.0, -595.0, 1897.0], [2991.0, -795.0, -1353.0, 1633.0, 1933.0, 4169.0, 779.0, 2401.0, -2873.0, -8159.0, 447.0, -1765.0, 3933.0, 857.0, 2979.0, 2659.0, 6333.0, 1115.0, 8831.0, -349.0, -4611.0, -3151.0, 1409.0, 977.0, 1303.0, 1203.0, -1729.0, 985.0, 7351.0, -6965.0, 1147.0, -2403.0, -5815.0, 4191.0, 983.0, -3875.0, -1799.0, 5375.0, -2299.0, 2225.0, -2567.0, 3065.0, 2085.0, 1439.0, -537.0, 2803.0, 4559.0, -1973.0, -1405.0, 1055.0, 803.0, 655.0, -3081.0, 643.0, -2873.0, -9999847.0, -7547.0, 2425.0, -657.0, -2421.0], [3783.0, 3177.0, -5769.0, 2561.0, 4545.0, -191.0, -621.0, 3241.0, -1325.0, 7717.0, 1587.0, -6745.0, 1009.0, -3791.0, -1813.0, -1785.0, -4583.0, 459.0, 2667.0, -6413.0, -455.0, 2809.0, -1355.0, 1545.0, -4973.0, -9557.0, 287.0, -2403.0, -921.0, -2725.0, 155.0, 113.0, -843.0, -1105.0, -6349.0, 2385.0, -4695.0, 1103.0, -3339.0, -1471.0, 1701.0, -1895.0, 5033.0, -3757.0, -2777.0, 283.0, 1207.0, -1013.0, -4565.0, -2717.0, -2437.0, -5333.0, -945.0, -2977.0, -1217.0, -7547.0, -9999847.0, 2173.0, 6735.0, -3561.0], [6135.0, 3853.0, -517.0, 2141.0, 6845.0, -3187.0, 131.0, -1439.0, -1425.0, 689.0, 1339.0, -17.0, 4949.0, -1551.0, 4315.0, 755.0, 3673.0, 651.0, -1897.0, -3521.0, 8257.0, 2841.0, 897.0, 1021.0, -629.0, -3529.0, 1775.0, 4377.0, -5721.0, -2057.0, -4093.0, -4939.0, -3983.0, -1609.0, -4633.0, 2253.0, 1001.0, 1527.0, -3915.0, -4727.0, -2135.0, -2347.0, -831.0, -1017.0, 479.0, -2977.0, -113.0, 959.0, 1015.0, 1743.0, -245.0, -2001.0, 1019.0, -3761.0, -2669.0, 2425.0, 2173.0, -9999847.0, -4625.0, -2881.0], [-603.0, 55.0, 3625.0, 1827.0, 2267.0, -369.0, -455.0, -3217.0, 897.0, -1917.0, -2955.0, 1701.0, 5259.0, 1175.0, 741.0, -451.0, 807.0, -4155.0, -3395.0, 4805.0, 1883.0, 3623.0, -893.0, -289.0, 1169.0, -367.0, -3631.0, -6053.0, 253.0, 4425.0, -811.0, 3427.0, -7493.0, -31.0, 4145.0, -449.0, -913.0, -2963.0, -113.0, -709.0, 131.0, 1239.0, 647.0, 2221.0, -3.0, 1641.0, 2289.0, -8563.0, 3037.0, -1799.0, -1539.0, 3637.0, 1009.0, -5207.0, -595.0, -657.0, 6735.0, -4625.0, -9999847.0, 717.0], [-2635.0, -5397.0, -7527.0, 879.0, 3471.0, 4663.0, -1727.0, 4215.0, 4925.0, 595.0, -2275.0, -463.0, 2827.0, -2345.0, 3053.0, 1337.0, 1343.0, 5845.0, 2573.0, -587.0, -2545.0, 3775.0, -889.0, -6305.0, 3089.0, -4123.0, 373.0, 1567.0, 73.0, 213.0, -1647.0, -3361.0, 4103.0, 4325.0, -1403.0, 1307.0, -1569.0, 1201.0, -833.0, 3199.0, -469.0, -1913.0, -2641.0, 4737.0, -243.0, 3485.0, -3683.0, 425.0, 1529.0, -5687.0, -5431.0, -2839.0, 5005.0, -2987.0, 1897.0, -2421.0, -3561.0, -2881.0, 717.0, -9999847.0]]}