{"connections": [[-999982.0, 580.0, 1172.0, 900.0, -1328.0, 1724.0, 2026.0, 60.0, 944.0, -74.0, 542.0, -1428.0, 1262.0, -1016.0, -314.0, 38.0, 1056.0, 1080.0, 1204.0, -2236.0, -564.0, 626.0, 638.0, -1752.0, 392.0, 904.0, -930.0, -190.0, 1360.0, 1062.0, -2308.0, -354.0, -220.0, -234.0, -216.0, -46.0, -1588.0, 210.0, -826.0, 212.0, 246.0, 602.0, 142.0, -1034.0, -158.0, 1000.0, -1360.0, 736.0, -1388.0, -574.0, -78.0, -502.0, 1474.0, -470.0, -480.0, 336.0, 486.0, -644.0, 444.0, -840.0], [580.0, -999982.0, -618.0, -2182.0, 718.0, 26.0, 12.0, -1046.0, -1302.0, -176.0, -584.0, 946.0, 912.0, 586.0, -1000.0, -140.0, 458.0, 206.0, 1814.0, -862.0, -50.0, 980.0, 484.0, -146.0, 626.0, 22.0, -1104.0, 408.0, 290.0, -80.0, 598.0, -1068.0, 602.0, -652.0, -146.0, 640.0, 1286.0, 696.0, -232.0, -2266.0, 924.0, 604.0, 824.0, -40.0, -380.0, -190.0, -1938.0, 6.0, -710.0, 272.0, 1064.0, -768.0, 668.0, 1040.0, -1422.0, 110.0, 344.0, 886.0, -662.0, -790.0], [1172.0, -618.0, -999982.0, 542.0, -2746.0, 690.0, -488.0, -658.0, 1782.0, -36.0, -888.0, 1414.0, -992.0, 862.0, -3028.0, 1748.0, -330.0, -158.0, 406.0, -1090.0, 1450.0, -696.0, 860.0, 970.0, 1046.0, -574.0, 108.0, -956.0, -550.0, -680.0, -1310.0, 1948.0, -714.0, 296.0, -118.0, 284.0, 1282.0, 1844.0, 360.0, -94.0, -372.0, 376.0, 1136.0, 1220.0, -1244.0, -42.0, -566.0, 410.0, 358.0, -16.0, -576.0, -896.0, -484.0, 100.0, -1750.0, 694.0, -1304.0, 438.0, 1006.0, 62.0], [900.0, -2182.0, 542.0, -999982.0, -126.0, -134.0, -120.0, 626.0, 1362.0, -124.0, -2232.0, 730.0, 3036.0, -1450.0, 628.0, 560.0, -786.0, 2.0, -214.0, 738.0, 1122.0, -96.0, -648.0, 1558.0, -154.0, -2354.0, 884.0, -1344.0, 778.0, -848.0, -1858.0, -128.0, -758.0, -456.0, -270.0, 1520.0, 1378.0, -2436.0, -1076.0, 454.0, -76.0, -496.0, -1656.0, -468.0, -12.0, 934.0, -366.0, 2414.0, 206.0, 1004.0, -124.0, 1584.0, -136.0, -1512.0, -1038.0, 182.0, 1812.0, -470.0, -350.0, -570.0], [-1328.0, 718.0, -2746.0, -126.0, -999982.0, 1842.0, -60.0, -2794.0, 2374.0, -236.0, 52.0, -1510.0, 260.0, 942.0, -660.0, 508.0, 718.0, 522.0, -1710.0, 686.0, 758.0, -552.0, -1608.0, 10.0, -278.0, 898.0, 312.0, -1696.0, 586.0, -928.0, -1422.0, -272.0, -1198.0, -468.0, -426.0, 1208.0, -278.0, -1492.0, 700.0, -842.0, -772.0, -760.0, -616.0, -1872.0, 148.0, 126.0, -1134.0, -1074.0, 326.0, 1580.0, -92.0, 400.0, 524.0, -428.0, 538.0, -946.0, -2092.0, 50.0, -866.0, 1898.0], [1724.0, 26.0, 690.0, -134.0, 1842.0, -999982.0, -720.0, -1210.0, -6.0, 400.0, 588.0, 142.0, -152.0, -570.0, -1324.0, 764.0, 882.0, -50.0, -618.0, -582.0, -146.0, 1172.0, 1068.0, -1882.0, 1930.0, 350.0, 40.0, 268.0, -254.0, -1248.0, -1274.0, 1148.0, -498.0, -676.0, 1794.0, 1640.0, -494.0, -984.0, -512.0, -206.0, -616.0, -1964.0, 1096.0, -4.0, 1740.0, -1162.0, -1246.0, 1262.0, 1770.0, 384.0, 88.0, 128.0, -84.0, -1724.0, -582.0, -842.0, -796.0, -782.0, -258.0, 1510.0], [2026.0, 12.0, -488.0, -120.0, -60.0, -720.0, -999982.0, -216.0, -180.0, -18.0, -254.0, 1628.0, -462.0, 1060.0, -1138.0, -1418.0, 428.0, -700.0, -1032.0, -464.0, 612.0, -362.0, 1306.0, 672.0, -260.0, -1392.0, -1242.0, 182.0, 476.0, 830.0, -1280.0, 882.0, 1628.0, 14.0, -528.0, -182.0, -608.0, -1486.0, 798.0, 152.0, -926.0, -646.0, 122.0, 474.0, 702.0, 100.0, 1244.0, -568.0, -1012.0, 414.0, 606.0, 1282.0, -394.0, -1770.0, -884.0, -336.0, -126.0, 544.0, -620.0, -1116.0], [60.0, -1046.0, -658.0, 626.0, -2794.0, -1210.0, -216.0, -999982.0, 286.0, 640.0, -328.0, -530.0, 1036.0, 1526.0, -1504.0, -1344.0, 1274.0, 1870.0, -1790.0, 1954.0, 1346.0, 344.0, 1332.0, 298.0, 1238.0, 914.0, 324.0, -368.0, -1438.0, -216.0, -194.0, -2604.0, 906.0, -1380.0, -138.0, -192.0, -1134.0, -472.0, -1436.0, -1434.0, 1228.0, 804.0, 276.0, -356.0, -1260.0, 486.0, 1526.0, 162.0, 1386.0, 972.0, -1476.0, -352.0, 1916.0, -412.0, -586.0, -1410.0, 116.0, 1978.0, -274.0, 1062.0], [944.0, -1302.0, 1782.0, 1362.0, 2374.0, -6.0, -180.0, 286.0, -999982.0, -840.0, -712.0, -822.0, 1352.0, -982.0, 684.0, 720.0, 6.0, 830.0, 226.0, -422.0, 2434.0, -1448.0, 772.0, -854.0, -1062.0, -1102.0, 36.0, 1328.0, -566.0, -1436.0, 834.0, 168.0, 286.0, -1612.0, -1026.0, -216.0, -294.0, 736.0, 40.0, -1086.0, 464.0, -584.0, 1028.0, -1168.0, 316.0, -1422.0, 1238.0, 1322.0, 222.0, -948.0, 252.0, -540.0, -428.0, -1256.0, -930.0, 618.0, 1224.0, 238.0, -590.0, -642.0], [-74.0, -176.0, -36.0, -124.0, -236.0, 400.0, -18.0, 640.0, -840.0, -999982.0, 1514.0, -536.0, 2.0, 844.0, 1102.0, -490.0, 424.0, -948.0, -428.0, -1488.0, 1496.0, 834.0, -282.0, 508.0, 532.0, 636.0, 722.0, -870.0, 1056.0, -838.0, 1908.0, -478.0, -120.0, 966.0, -640.0, 1298.0, 660.0, 1162.0, 126.0, 1180.0, -878.0, 1110.0, 502.0, -458.0, -214.0, 772.0, -80.0, -284.0, 124.0, 166.0, -238.0, 718.0, 1350.0, 134.0, 1392.0, 848.0, 942.0, 52.0, 672.0, -1884.0], [542.0, -584.0, -888.0, -2232.0, 52.0, 588.0, -254.0, -328.0, -712.0, 1514.0, -999982.0, -1868.0, -1662.0, -920.0, -450.0, -82.0, 1124.0, -416.0, 1392.0, 1504.0, 260.0, -454.0, -1510.0, 292.0, 708.0, -464.0, 986.0, -102.0, 1140.0, 1782.0, 2096.0, 934.0, 60.0, -522.0, -844.0, -2034.0, -984.0, 70.0, 1274.0, 352.0, -390.0, -1098.0, 306.0, 442.0, 270.0, 268.0, -1296.0, 2992.0, -296.0, 922.0, 1262.0, -890.0, -746.0, -382.0, -228.0, 160.0, -282.0, -168.0, 348.0, -1668.0], [-1428.0, 946.0, 1414.0, 730.0, -1510.0, 142.0, 1628.0, -530.0, -822.0, -536.0, -1868.0, -999982.0, -672.0, 506.0, 176.0, -1448.0, -1226.0, -250.0, 1950.0, 478.0, -310.0, -632.0, -1104.0, 246.0, 718.0, -1362.0, 1832.0, 956.0, 1518.0, -312.0, -322.0, -60.0, 818.0, 1476.0, 1042.0, 924.0, -26.0, 208.0, 1472.0, -2058.0, 992.0, 92.0, -760.0, -644.0, -656.0, -414.0, 766.0, -298.0, 1606.0, 412.0, 180.0, 1340.0, 1172.0, -1108.0, 466.0, 406.0, 276.0, -1006.0, 698.0, 310.0], [1262.0, 912.0, -992.0, 3036.0, 260.0, -152.0, -462.0, 1036.0, 1352.0, 2.0, -1662.0, -672.0, -999982.0, 120.0, -586.0, 1482.0, -460.0, 1648.0, -464.0, -1916.0, -508.0, -926.0, -1346.0, 2224.0, -1072.0, -2048.0, -718.0, -310.0, 312.0, -750.0, -1040.0, 238.0, 332.0, 834.0, -216.0, 246.0, 272.0, -298.0, -162.0, 1240.0, 314.0, 1378.0, -854.0, -154.0, 1126.0, -1108.0, 92.0, 1068.0, -340.0, 358.0, 1266.0, 758.0, 134.0, -422.0, 464.0, -1188.0, 1398.0, -304.0, 696.0, -136.0], [-1016.0, 586.0, 862.0, -1450.0, 942.0, -570.0, 1060.0, 1526.0, -982.0, 844.0, -920.0, 506.0, 120.0, -999982.0, 340.0, -668.0, 1174.0, 822.0, 542.0, -474.0, -962.0, 1208.0, -160.0, 518.0, 158.0, 390.0, -1676.0, -36.0, 1118.0, 772.0, 1470.0, -152.0, 726.0, 916.0, -934.0, 396.0, -546.0, -120.0, 1876.0, -30.0, 16.0, 12.0, 1984.0, 152.0, -404.0, -1150.0, -1070.0, -698.0, -2310.0, 2428.0, -1144.0, 316.0, 644.0, -552.0, -6.0, 1398.0, 616.0, 1122.0, -418.0, -726.0], [-314.0, -1000.0, -3028.0, 628.0, -660.0, -1324.0, -1138.0, -1504.0, 684.0, 1102.0, -450.0, 176.0, -586.0, 340.0, -999982.0, -530.0, -1224.0, -244.0, -788.0, 144.0, 20.0, 58.0, 306.0, 208.0, -308.0, 856.0, 774.0, 366.0, -916.0, -250.0, -2112.0, -1154.0, 580.0, 710.0, -72.0, -178.0, 1336.0, -338.0, -514.0, 1332.0, 1482.0, -394.0, -430.0, 114.0, -934.0, 172.0, 272.0, -2380.0, -364.0, -182.0, -550.0, -670.0, -722.0, 1210.0, -420.0, 848.0, -10.0, 468.0, -1876.0, -316.0], [38.0, -140.0, 1748.0, 560.0, 508.0, 764.0, -1418.0, -1344.0, 720.0, -490.0, -82.0, -1448.0, 1482.0, -668.0, -530.0, -999982.0, 532.0, -852.0, -776.0, -72.0, -772.0, 1702.0, 2066.0, 1076.0, 1600.0, 1064.0, -822.0, -954.0, 848.0, -582.0, 88.0, 214.0, -92.0, -2370.0, -1632.0, -194.0, -376.0, -394.0, 1130.0, -504.0, -726.0, -766.0, -682.0, 1558.0, 1054.0, 1492.0, 1440.0, -352.0, 188.0, -450.0, -1194.0, -1074.0, 430.0, -566.0, -372.0, 352.0, -1466.0, 1392.0, -148.0, -220.0], [1056.0, 458.0, -330.0, -786.0, 718.0, 882.0, 428.0, 1274.0, 6.0, 424.0, 1124.0, -1226.0, -460.0, 1174.0, -1224.0, 532.0, -999982.0, -470.0, 1406.0, 682.0, -1182.0, -672.0, -1864.0, 1106.0, -26.0, 810.0, 1172.0, -44.0, 22.0, 768.0, 1106.0, -1732.0, 1002.0, 1160.0, -1466.0, 824.0, 682.0, 468.0, 692.0, 386.0, -356.0, 988.0, -888.0, 476.0, -560.0, -1426.0, 210.0, -162.0, 386.0, 116.0, -480.0, 816.0, 568.0, -600.0, -1322.0, -1474.0, 580.0, 1162.0, 1618.0, -610.0], [1080.0, 206.0, -158.0, 2.0, 522.0, -50.0, -700.0, 1870.0, 830.0, -948.0, -416.0, -250.0, 1648.0, 822.0, -244.0, -852.0, -470.0, -999982.0, 1898.0, 342.0, 266.0, -924.0, -752.0, -670.0, 630.0, -1322.0, -36.0, 1440.0, -490.0, 860.0, -562.0, -772.0, -670.0, 1076.0, -654.0, -528.0, 954.0, -216.0, -52.0, 238.0, -168.0, -44.0, -2064.0, 792.0, -12.0, -2210.0, -82.0, 470.0, -854.0, -352.0, 468.0, 508.0, -216.0, -684.0, 1438.0, -1114.0, 152.0, -1298.0, 822.0, 46.0], [1204.0, 1814.0, 406.0, -214.0, -1710.0, -618.0, -1032.0, -1790.0, 226.0, -428.0, 1392.0, 1950.0, -464.0, 542.0, -788.0, -776.0, 1406.0, 1898.0, -999982.0, 1162.0, -1082.0, -1260.0, 1504.0, -1302.0, -50.0, 782.0, 1280.0, -256.0, 2266.0, -1096.0, -1186.0, -460.0, -1662.0, 576.0, 66.0, 900.0, 498.0, -2628.0, -1392.0, 162.0, 408.0, 864.0, -324.0, 1976.0, -1536.0, -498.0, -306.0, 322.0, -1374.0, 432.0, 1056.0, -64.0, -792.0, -1644.0, 238.0, 1786.0, -96.0, 1170.0, 1562.0, -406.0], [-2236.0, -862.0, -1090.0, 738.0, 686.0, -582.0, -464.0, 1954.0, -422.0, -1488.0, 1504.0, 478.0, -1916.0, -474.0, 144.0, -72.0, 682.0, 342.0, 1162.0, -999982.0, -370.0, -336.0, 804.0, 510.0, -910.0, 170.0, 628.0, 480.0, -1926.0, 136.0, 1318.0, 656.0, 1678.0, 264.0, 542.0, -248.0, -1386.0, 168.0, 364.0, 70.0, 496.0, -408.0, -2024.0, -180.0, -1236.0, -406.0, -346.0, 1814.0, -386.0, 1180.0, 1376.0, -928.0, 588.0, -1032.0, 18.0, 262.0, 400.0, -938.0, 414.0, -214.0], [-564.0, -50.0, 1450.0, 1122.0, 758.0, -146.0, 612.0, 1346.0, 2434.0, 1496.0, 260.0, -310.0, -508.0, -962.0, 20.0, -772.0, -1182.0, 266.0, -1082.0, -370.0, -999982.0, 40.0, 224.0, 1710.0, -654.0, -222.0, -1728.0, 1604.0, 1110.0, -1312.0, 1262.0, 80.0, -38.0, 520.0, -794.0, -92.0, 534.0, 572.0, -2008.0, 670.0, 592.0, -64.0, -1568.0, -1536.0, -104.0, -602.0, 874.0, 658.0, 1062.0, 368.0, 224.0, 128.0, 480.0, -2000.0, -898.0, -2590.0, -1144.0, -426.0, 190.0, 962.0], [626.0, 980.0, -696.0, -96.0, -552.0, 1172.0, -362.0, 344.0, -1448.0, 834.0, -454.0, -632.0, -926.0, 1208.0, 58.0, 1702.0, -672.0, -924.0, -1260.0, -336.0, 40.0, -999982.0, 958.0, 260.0, -200.0, 2104.0, 294.0, 146.0, -488.0, -1978.0, 852.0, 1758.0, -1676.0, 410.0, -716.0, 2526.0, 456.0, 1410.0, 422.0, 556.0, 1558.0, 974.0, -1470.0, -642.0, -2190.0, -412.0, -820.0, 656.0, 836.0, -314.0, 658.0, -1594.0, -1010.0, 86.0, -2284.0, -876.0, 214.0, -772.0, -1340.0, -340.0], [638.0, 484.0, 860.0, -648.0, -1608.0, 1068.0, 1306.0, 1332.0, 772.0, -282.0, -1510.0, -1104.0, -1346.0, -160.0, 306.0, 2066.0, -1864.0, -752.0, 1504.0, 804.0, 224.0, 958.0, -999982.0, 876.0, 896.0, -652.0, -346.0, 882.0, -1696.0, 982.0, 776.0, -898.0, -724.0, -182.0, -1308.0, 310.0, -1812.0, -102.0, -1302.0, 1092.0, 214.0, 1354.0, -18.0, 782.0, -214.0, 996.0, -112.0, 444.0, 568.0, 78.0, 1738.0, -526.0, 1246.0, 1598.0, 144.0, -1144.0, 494.0, 912.0, -1308.0, -168.0], [-1752.0, -146.0, 970.0, 1558.0, 10.0, -1882.0, 672.0, 298.0, -854.0, 508.0, 292.0, 246.0, 2224.0, 518.0, 208.0, 1076.0, 1106.0, -670.0, -1302.0, 510.0, 1710.0, 260.0, 876.0, -999982.0, -750.0, -218.0, -312.0, 516.0, -234.0, -144.0, 1430.0, 288.0, 390.0, -748.0, 226.0, -1652.0, 218.0, -476.0, -328.0, 1682.0, -368.0, 236.0, 544.0, 52.0, 104.0, 18.0, -734.0, 186.0, -1114.0, -680.0, -680.0, 1644.0, -792.0, 1048.0, 254.0, 1318.0, 256.0, 758.0, -882.0, 998.0], [392.0, 626.0, 1046.0, -154.0, -278.0, 1930.0, -260.0, 1238.0, -1062.0, 532.0, 708.0, 718.0, -1072.0, 158.0, -308.0, 1600.0, -26.0, 630.0, -50.0, -910.0, -654.0, -200.0, 896.0, -750.0, -999982.0, -1126.0, -636.0, -1004.0, -954.0, 220.0, 2094.0, 696.0, 922.0, 480.0, -1562.0, 332.0, 18.0, -360.0, -672.0, 842.0, 840.0, -1416.0, 820.0, -364.0, 564.0, -34.0, 706.0, -794.0, 370.0, 408.0, -664.0, -1096.0, 2032.0, -684.0, -378.0, 514.0, 108.0, 810.0, 98.0, -978.0], [904.0, 22.0, -574.0, -2354.0, 898.0, 350.0, -1392.0, 914.0, -1102.0, 636.0, -464.0, -1362.0, -2048.0, 390.0, 856.0, 1064.0, 810.0, -1322.0, 782.0, 170.0, -222.0, 2104.0, -652.0, -218.0, -1126.0, -999982.0, -788.0, -524.0, -1150.0, -2268.0, -682.0, 8.0, 406.0, -380.0, -646.0, -812.0, 922.0, -124.0, 312.0, 1522.0, 1876.0, 40.0, -188.0, 576.0, -196.0, -210.0, 270.0, 22.0, -718.0, -1388.0, 268.0, 648.0, 192.0, -500.0, -722.0, 1382.0, -636.0, 702.0, 946.0, -862.0], [-930.0, -1104.0, 108.0, 884.0, 312.0, 40.0, -1242.0, 324.0, 36.0, 722.0, 986.0, 1832.0, -718.0, -1676.0, 774.0, -822.0, 1172.0, -36.0, 1280.0, 628.0, -1728.0, 294.0, -346.0, -312.0, -636.0, -788.0, -999982.0, 326.0, 392.0, 702.0, -912.0, 74.0, 844.0, -934.0, -332.0, -718.0, -648.0, -22.0, -734.0, -1404.0, -1006.0, -1006.0, -1482.0, -762.0, -662.0, 800.0, 852.0, 1320.0, 148.0, 422.0, 546.0, 674.0, 562.0, -26.0, -444.0, 1420.0, -666.0, 264.0, -568.0, 1408.0], [-190.0, 408.0, -956.0, -1344.0, -1696.0, 268.0, 182.0, -368.0, 1328.0, -870.0, -102.0, 956.0, -310.0, -36.0, 366.0, -954.0, -44.0, 1440.0, -256.0, 480.0, 1604.0, 146.0, 882.0, 516.0, -1004.0, -524.0, 326.0, -999982.0, -1256.0, -918.0, -48.0, -14.0, 24.0, 162.0, 108.0, -118.0, -416.0, -502.0, -154.0, 2544.0, 454.0, -1550.0, 446.0, -550.0, 678.0, 2744.0, -376.0, -1312.0, 184.0, 1414.0, -850.0, 1274.0, -262.0, 674.0, 788.0, -352.0, -834.0, 636.0, -2408.0, -136.0], [1360.0, 290.0, -550.0, 778.0, 586.0, -254.0, 476.0, -1438.0, -566.0, 1056.0, 1140.0, 1518.0, 312.0, 1118.0, -916.0, 848.0, 22.0, -490.0, 2266.0, -1926.0, 1110.0, -488.0, -1696.0, -234.0, -954.0, -1150.0, 392.0, -1256.0, -999982.0, -288.0, 454.0, 1324.0, 1390.0, 140.0, 82.0, -1328.0, 218.0, 896.0, 1560.0, -1134.0, 520.0, -1136.0, -564.0, -496.0, -128.0, -118.0, -810.0, 530.0, -162.0, -132.0, -328.0, -1664.0, 1180.0, 876.0, 662.0, -386.0, -504.0, 50.0, -994.0, -1542.0], [1062.0, -80.0, -680.0, -848.0, -928.0, -1248.0, 830.0, -216.0, -1436.0, -838.0, 1782.0, -312.0, -750.0, 772.0, -250.0, -582.0, 768.0, 860.0, -1096.0, 136.0, -1312.0, -1978.0, 982.0, -144.0, 220.0, -2268.0, 702.0, -918.0, -288.0, -999982.0, -188.0, 2434.0, -1528.0, 130.0, -160.0, -2282.0, -972.0, 2850.0, 250.0, -524.0, 982.0, -634.0, 354.0, 1626.0, 506.0, -84.0, -1912.0, 96.0, 540.0, 454.0, 6.0, -86.0, -334.0, -654.0, -476.0, -132.0, 778.0, 1900.0, 368.0, 1548.0], [-2308.0, 598.0, -1310.0, -1858.0, -1422.0, -1274.0, -1280.0, -194.0, 834.0, 1908.0, 2096.0, -322.0, -1040.0, 1470.0, -2112.0, 88.0, 1106.0, -562.0, -1186.0, 1318.0, 1262.0, 852.0, 776.0, 1430.0, 2094.0, -682.0, -912.0, -48.0, 454.0, -188.0, -999982.0, 2108.0, 282.0, 1776.0, 430.0, -436.0, 246.0, -808.0, 264.0, -1594.0, -1076.0, -636.0, 88.0, -928.0, -448.0, 982.0, 302.0, -1126.0, -930.0, 568.0, 532.0, 192.0, -104.0, -816.0, 1446.0, -470.0, -128.0, 786.0, 30.0, -2006.0], [-354.0, -1068.0, 1948.0, -128.0, -272.0, 1148.0, 882.0, -2604.0, 168.0, -478.0, 934.0, -60.0, 238.0, -152.0, -1154.0, 214.0, -1732.0, -772.0, -460.0, 656.0, 80.0, 1758.0, -898.0, 288.0, 696.0, 8.0, 74.0, -14.0, 1324.0, 2434.0, 2108.0, -999982.0, 352.0, -1150.0, 552.0, -1850.0, -2452.0, -202.0, -78.0, -644.0, -606.0, 2266.0, -922.0, -958.0, -834.0, -1104.0, -24.0, -1612.0, 1516.0, -2058.0, 1186.0, 278.0, 154.0, -1482.0, 2184.0, 2900.0, -162.0, -16.0, 360.0, 572.0], [-220.0, 602.0, -714.0, -758.0, -1198.0, -498.0, 1628.0, 906.0, 286.0, -120.0, 60.0, 818.0, 332.0, 726.0, 580.0, -92.0, 1002.0, -670.0, -1662.0, 1678.0, -38.0, -1676.0, -724.0, 390.0, 922.0, 406.0, 844.0, 24.0, 1390.0, -1528.0, 282.0, 352.0, -999982.0, 356.0, -434.0, 956.0, -546.0, 72.0, 936.0, -734.0, 12.0, 908.0, 1072.0, -2504.0, -724.0, -126.0, 1886.0, -174.0, 374.0, 416.0, -524.0, 836.0, 2032.0, 1728.0, -1778.0, -602.0, 512.0, 554.0, 722.0, 2350.0], [-234.0, -652.0, 296.0, -456.0, -468.0, -676.0, 14.0, -1380.0, -1612.0, 966.0, -522.0, 1476.0, 834.0, 916.0, 710.0, -2370.0, 1160.0, 1076.0, 576.0, 264.0, 520.0, 410.0, -182.0, -748.0, 480.0, -380.0, -934.0, 162.0, 140.0, 130.0, 1776.0, -1150.0, 356.0, -999982.0, 372.0, 998.0, -532.0, 638.0, 134.0, -584.0, 734.0, -1586.0, -494.0, -122.0, 1666.0, -1376.0, 544.0, 744.0, 860.0, -722.0, -214.0, 678.0, 3478.0, 618.0, -548.0, 196.0, -850.0, 140.0, 720.0, 372.0], [-216.0, -146.0, -118.0, -270.0, -426.0, 1794.0, -528.0, -138.0, -1026.0, -640.0, -844.0, 1042.0, -216.0, -934.0, -72.0, -1632.0, -1466.0, -654.0, 66.0, 542.0, -794.0, -716.0, -1308.0, 226.0, -1562.0, -646.0, -332.0, 108.0, 82.0, -160.0, 430.0, 552.0, -434.0, 372.0, -999982.0, 444.0, -230.0, 588.0, -2168.0, -406.0, 808.0, 544.0, 360.0, 960.0, -164.0, -1694.0, -1578.0, 478.0, 174.0, 272.0, -444.0, -1340.0, -856.0, -832.0, -558.0, 214.0, 264.0, 1162.0, 1406.0, 598.0], [-46.0, 640.0, 284.0, 1520.0, 1208.0, 1640.0, -182.0, -192.0, -216.0, 1298.0, -2034.0, 924.0, 246.0, 396.0, -178.0, -194.0, 824.0, -528.0, 900.0, -248.0, -92.0, 2526.0, 310.0, -1652.0, 332.0, -812.0, -718.0, -118.0, -1328.0, -2282.0, -436.0, -1850.0, 956.0, 998.0, 444.0, -999982.0, -180.0, 1622.0, 594.0, -1868.0, -182.0, 130.0, -482.0, -530.0, 902.0, -212.0, 220.0, 388.0, -276.0, 774.0, 1210.0, 50.0, -1118.0, 22.0, -568.0, -408.0, 2402.0, -280.0, 20.0, -472.0], [-1588.0, 1286.0, 1282.0, 1378.0, -278.0, -494.0, -608.0, -1134.0, -294.0, 660.0, -984.0, -26.0, 272.0, -546.0, 1336.0, -376.0, 682.0, 954.0, 498.0, -1386.0, 534.0, 456.0, -1812.0, 218.0, 18.0, 922.0, -648.0, -416.0, 218.0, -972.0, 246.0, -2452.0, -546.0, -532.0, -230.0, -180.0, -999982.0, 672.0, -156.0, 1134.0, -312.0, -164.0, -916.0, -1488.0, 572.0, 1242.0, -278.0, -526.0, 386.0, 1844.0, 1584.0, -392.0, 416.0, -780.0, -78.0, -1938.0, 64.0, -314.0, 1654.0, -146.0], [210.0, 696.0, 1844.0, -2436.0, -1492.0, -984.0, -1486.0, -472.0, 736.0, 1162.0, 70.0, 208.0, -298.0, -120.0, -338.0, -394.0, 468.0, -216.0, -2628.0, 168.0, 572.0, 1410.0, -102.0, -476.0, -360.0, -124.0, -22.0, -502.0, 896.0, 2850.0, -808.0, -202.0, 72.0, 638.0, 588.0, 1622.0, 672.0, -999982.0, -302.0, -1196.0, 1938.0, -294.0, -2254.0, -530.0, 170.0, -756.0, 976.0, -304.0, -448.0, 394.0, -82.0, -1522.0, -358.0, 1082.0, 832.0, 688.0, -1658.0, -264.0, 444.0, 224.0], [-826.0, -232.0, 360.0, -1076.0, 700.0, -512.0, 798.0, -1436.0, 40.0, 126.0, 1274.0, 1472.0, -162.0, 1876.0, -514.0, 1130.0, 692.0, -52.0, -1392.0, 364.0, -2008.0, 422.0, -1302.0, -328.0, -672.0, 312.0, -734.0, -154.0, 1560.0, 250.0, 264.0, -78.0, 936.0, 134.0, -2168.0, 594.0, -156.0, -302.0, -999982.0, -172.0, 1226.0, -306.0, 2142.0, -866.0, 950.0, 1376.0, -2112.0, 1116.0, -492.0, -358.0, -1158.0, 122.0, -990.0, -486.0, -264.0, -2528.0, -1358.0, 464.0, -1192.0, -292.0], [212.0, -2266.0, -94.0, 454.0, -842.0, -206.0, 152.0, -1434.0, -1086.0, 1180.0, 352.0, -2058.0, 1240.0, -30.0, 1332.0, -504.0, 386.0, 238.0, 162.0, 70.0, 670.0, 556.0, 1092.0, 1682.0, 842.0, 1522.0, -1404.0, 2544.0, -1134.0, -524.0, -1594.0, -644.0, -734.0, -584.0, -406.0, -1868.0, 1134.0, -1196.0, -172.0, -999982.0, -2104.0, 752.0, 1156.0, 936.0, 340.0, -1362.0, 386.0, -54.0, -930.0, 224.0, -1760.0, 320.0, 160.0, -256.0, -406.0, -222.0, -176.0, -694.0, -1330.0, 694.0], [246.0, 924.0, -372.0, -76.0, -772.0, -616.0, -926.0, 1228.0, 464.0, -878.0, -390.0, 992.0, 314.0, 16.0, 1482.0, -726.0, -356.0, -168.0, 408.0, 496.0, 592.0, 1558.0, 214.0, -368.0, 840.0, 1876.0, -1006.0, 454.0, 520.0, 982.0, -1076.0, -606.0, 12.0, 734.0, 808.0, -182.0, -312.0, 1938.0, 1226.0, -2104.0, -999982.0, -898.0, 106.0, 34.0, -870.0, 1456.0, 692.0, 576.0, 456.0, 2578.0, -42.0, -374.0, 306.0, 1326.0, 1132.0, -620.0, -1486.0, -744.0, -1420.0, 720.0], [602.0, 604.0, 376.0, -496.0, -760.0, -1964.0, -646.0, 804.0, -584.0, 1110.0, -1098.0, 92.0, 1378.0, 12.0, -394.0, -766.0, 988.0, -44.0, 864.0, -408.0, -64.0, 974.0, 1354.0, 236.0, -1416.0, 40.0, -1006.0, -1550.0, -1136.0, -634.0, -636.0, 2266.0, 908.0, -1586.0, 544.0, 130.0, -164.0, -294.0, -306.0, 752.0, -898.0, -999982.0, -802.0, -622.0, -922.0, 652.0, 448.0, 1892.0, 808.0, 330.0, 306.0, -654.0, 34.0, -1742.0, 460.0, -332.0, 262.0, 1516.0, 860.0, -332.0], [142.0, 824.0, 1136.0, -1656.0, -616.0, 1096.0, 122.0, 276.0, 1028.0, 502.0, 306.0, -760.0, -854.0, 1984.0, -430.0, -682.0, -888.0, -2064.0, -324.0, -2024.0, -1568.0, -1470.0, -18.0, 544.0, 820.0, -188.0, -1482.0, 446.0, -564.0, 354.0, 88.0, -922.0, 1072.0, -494.0, 360.0, -482.0, -916.0, -2254.0, 2142.0, 1156.0, 106.0, -802.0, -999982.0, 58.0, -318.0, 16.0, 2072.0, 16.0, 1252.0, -682.0, -386.0, -1438.0, 574.0, -1034.0, -168.0, -1104.0, 894.0, -1288.0, 500.0, -384.0], [-1034.0, -40.0, 1220.0, -468.0, -1872.0, -4.0, 474.0, -356.0, -1168.0, -458.0, 442.0, -644.0, -154.0, 152.0, 114.0, 1558.0, 476.0, 792.0, 1976.0, -180.0, -1536.0, -642.0, 782.0, 52.0, -364.0, 576.0, -762.0, -550.0, -496.0, 1626.0, -928.0, -958.0, -2504.0, -122.0, 960.0, -530.0, -1488.0, -530.0, -866.0, 936.0, 34.0, -622.0, 58.0, -999982.0, 1270.0, -16.0, -1292.0, 228.0, 500.0, 334.0, 354.0, -2434.0, 158.0, 154.0, 444.0, 1660.0, 158.0, 60.0, 1452.0, -776.0], [-158.0, -380.0, -1244.0, -12.0, 148.0, 1740.0, 702.0, -1260.0, 316.0, -214.0, 270.0, -656.0, 1126.0, -404.0, -934.0, 1054.0, -560.0, -12.0, -1536.0, -1236.0, -104.0, -2190.0, -214.0, 104.0, 564.0, -196.0, -662.0, 678.0, -128.0, 506.0, -448.0, -834.0, -724.0, 1666.0, -164.0, 902.0, 572.0, 170.0, 950.0, 340.0, -870.0, -922.0, -318.0, 1270.0, -999982.0, 852.0, -456.0, -656.0, -1504.0, -198.0, -1718.0, -2554.0, 318.0, -826.0, -1148.0, 108.0, 466.0, 1232.0, -20.0, -1332.0], [1000.0, -190.0, -42.0, 934.0, 126.0, -1162.0, 100.0, 486.0, -1422.0, 772.0, 268.0, -414.0, -1108.0, -1150.0, 172.0, 1492.0, -1426.0, -2210.0, -498.0, -406.0, -602.0, -412.0, 996.0, 18.0, -34.0, -210.0, 800.0, 2744.0, -118.0, -84.0, 982.0, -1104.0, -126.0, -1376.0, -1694.0, -212.0, 1242.0, -756.0, 1376.0, -1362.0, 1456.0, 652.0, 16.0, -16.0, 852.0, -999982.0, -402.0, 654.0, 246.0, -300.0, 156.0, 292.0, -620.0, 1600.0, -690.0, 1158.0, -1748.0, 1170.0, -934.0, 2226.0], [-1360.0, -1938.0, -566.0, -366.0, -1134.0, -1246.0, 1244.0, 1526.0, 1238.0, -80.0, -1296.0, 766.0, 92.0, -1070.0, 272.0, 1440.0, 210.0, -82.0, -306.0, -346.0, 874.0, -820.0, -112.0, -734.0, 706.0, 270.0, 852.0, -376.0, -810.0, -1912.0, 302.0, -24.0, 1886.0, 544.0, -1578.0, 220.0, -278.0, 976.0, -2112.0, 386.0, 692.0, 448.0, 2072.0, -1292.0, -456.0, -402.0, -999982.0, 726.0, -46.0, -1732.0, -1420.0, -408.0, -1036.0, -1108.0, -906.0, -646.0, -1172.0, 114.0, -274.0, -482.0], [736.0, 6.0, 410.0, 2414.0, -1074.0, 1262.0, -568.0, 162.0, 1322.0, -284.0, 2992.0, -298.0, 1068.0, -698.0, -2380.0, -352.0, -162.0, 470.0, 322.0, 1814.0, 658.0, 656.0, 444.0, 186.0, -794.0, 22.0, 1320.0, -1312.0, 530.0, 96.0, -1126.0, -1612.0, -174.0, 744.0, 478.0, 388.0, -526.0, -304.0, 1116.0, -54.0, 576.0, 1892.0, 16.0, 228.0, -656.0, 654.0, 726.0, -999982.0, -762.0, -596.0, -1764.0, -240.0, 284.0, 376.0, 858.0, -734.0, -204.0, 530.0, -62.0, 1966.0], [-1388.0, -710.0, 358.0, 206.0, 326.0, 1770.0, -1012.0, 1386.0, 222.0, 124.0, -296.0, 1606.0, -340.0, -2310.0, -364.0, 188.0, 386.0, -854.0, -1374.0, -386.0, 1062.0, 836.0, 568.0, -1114.0, 370.0, -718.0, 148.0, 184.0, -162.0, 540.0, -930.0, 1516.0, 374.0, 860.0, 174.0, -276.0, 386.0, -448.0, -492.0, -930.0, 456.0, 808.0, 1252.0, 500.0, -1504.0, 246.0, -46.0, -762.0, -999982.0, 8.0, 344.0, 1848.0, 332.0, 1164.0, 338.0, -130.0, 1764.0, -398.0, -254.0, -1834.0], [-574.0, 272.0, -16.0, 1004.0, 1580.0, 384.0, 414.0, 972.0, -948.0, 166.0, 922.0, 412.0, 358.0, 2428.0, -182.0, -450.0, 116.0, -352.0, 432.0, 1180.0, 368.0, -314.0, 78.0, -680.0, 408.0, -1388.0, 422.0, 1414.0, -132.0, 454.0, 568.0, -2058.0, 416.0, -722.0, 272.0, 774.0, 1844.0, 394.0, -358.0, 224.0, 2578.0, 330.0, -682.0, 334.0, -198.0, -300.0, -1732.0, -596.0, 8.0, -999982.0, -1742.0, 642.0, -922.0, -1166.0, -244.0, 828.0, 626.0, 1528.0, -612.0, 1200.0], [-78.0, 1064.0, -576.0, -124.0, -92.0, 88.0, 606.0, -1476.0, 252.0, -238.0, 1262.0, 180.0, 1266.0, -1144.0, -550.0, -1194.0, -480.0, 468.0, 1056.0, 1376.0, 224.0, 658.0, 1738.0, -680.0, -664.0, 268.0, 546.0, -850.0, -328.0, 6.0, 532.0, 1186.0, -524.0, -214.0, -444.0, 1210.0, 1584.0, -82.0, -1158.0, -1760.0, -42.0, 306.0, -386.0, 354.0, -1718.0, 156.0, -1420.0, -1764.0, 344.0, -1742.0, -999982.0, 302.0, 286.0, 1142.0, 1088.0, 656.0, 2302.0, -296.0, 1208.0, -952.0], [-502.0, -768.0, -896.0, 1584.0, 400.0, 128.0, 1282.0, -352.0, -540.0, 718.0, -890.0, 1340.0, 758.0, 316.0, -670.0, -1074.0, 816.0, 508.0, -64.0, -928.0, 128.0, -1594.0, -526.0, 1644.0, -1096.0, 648.0, 674.0, 1274.0, -1664.0, -86.0, 192.0, 278.0, 836.0, 678.0, -1340.0, 50.0, -392.0, -1522.0, 122.0, 320.0, -374.0, -654.0, -1438.0, -2434.0, -2554.0, 292.0, -408.0, -240.0, 1848.0, 642.0, 302.0, -999982.0, 158.0, 94.0, -1288.0, -1196.0, 958.0, -772.0, -180.0, 52.0], [1474.0, 668.0, -484.0, -136.0, 524.0, -84.0, -394.0, 1916.0, -428.0, 1350.0, -746.0, 1172.0, 134.0, 644.0, -722.0, 430.0, 568.0, -216.0, -792.0, 588.0, 480.0, -1010.0, 1246.0, -792.0, 2032.0, 192.0, 562.0, -262.0, 1180.0, -334.0, -104.0, 154.0, 2032.0, 3478.0, -856.0, -1118.0, 416.0, -358.0, -990.0, 160.0, 306.0, 34.0, 574.0, 158.0, 318.0, -620.0, -1036.0, 284.0, 332.0, -922.0, 286.0, 158.0, -999982.0, -722.0, -2260.0, 272.0, -358.0, -112.0, -644.0, -2368.0], [-470.0, 1040.0, 100.0, -1512.0, -428.0, -1724.0, -1770.0, -412.0, -1256.0, 134.0, -382.0, -1108.0, -422.0, -552.0, 1210.0, -566.0, -600.0, -684.0, -1644.0, -1032.0, -2000.0, 86.0, 1598.0, 1048.0, -684.0, -500.0, -26.0, 674.0, 876.0, -654.0, -816.0, -1482.0, 1728.0, 618.0, -832.0, 22.0, -780.0, 1082.0, -486.0, -256.0, 1326.0, -1742.0, -1034.0, 154.0, -826.0, 1600.0, -1108.0, 376.0, 1164.0, -1166.0, 1142.0, 94.0, -722.0, -999982.0, 268.0, -1600.0, 1350.0, 1472.0, -820.0, 72.0], [-480.0, -1422.0, -1750.0, -1038.0, 538.0, -582.0, -884.0, -586.0, -930.0, 1392.0, -228.0, 466.0, 464.0, -6.0, -420.0, -372.0, -1322.0, 1438.0, 238.0, 18.0, -898.0, -2284.0, 144.0, 254.0, -378.0, -722.0, -444.0, 788.0, 662.0, -476.0, 1446.0, 2184.0, -1778.0, -548.0, -558.0, -568.0, -78.0, 832.0, -264.0, -406.0, 1132.0, 460.0, -168.0, 444.0, -1148.0, -690.0, -906.0, 858.0, 338.0, -244.0, 1088.0, -1288.0, -2260.0, 268.0, -999982.0, 1214.0, 168.0, -394.0, -702.0, -470.0], [336.0, 110.0, 694.0, 182.0, -946.0, -842.0, -336.0, -1410.0, 618.0, 848.0, 160.0, 406.0, -1188.0, 1398.0, 848.0, 352.0, -1474.0, -1114.0, 1786.0, 262.0, -2590.0, -876.0, -1144.0, 1318.0, 514.0, 1382.0, 1420.0, -352.0, -386.0, -132.0, -470.0, 2900.0, -602.0, 196.0, 214.0, -408.0, -1938.0, 688.0, -2528.0, -222.0, -620.0, -332.0, -1104.0, 1660.0, 108.0, 1158.0, -646.0, -734.0, -130.0, 828.0, 656.0, -1196.0, 272.0, -1600.0, 1214.0, -999982.0, 812.0, 906.0, 106.0, 1390.0], [486.0, 344.0, -1304.0, 1812.0, -2092.0, -796.0, -126.0, 116.0, 1224.0, 942.0, -282.0, 276.0, 1398.0, 616.0, -10.0, -1466.0, 580.0, 152.0, -96.0, 400.0, -1144.0, 214.0, 494.0, 256.0, 108.0, -636.0, -666.0, -834.0, -504.0, 778.0, -128.0, -162.0, 512.0, -850.0, 264.0, 2402.0, 64.0, -1658.0, -1358.0, -176.0, -1486.0, 262.0, 894.0, 158.0, 466.0, -1748.0, -1172.0, -204.0, 1764.0, 626.0, 2302.0, 958.0, -358.0, 1350.0, 168.0, 812.0, -999982.0, -84.0, 2576.0, -400.0], [-644.0, 886.0, 438.0, -470.0, 50.0, -782.0, 544.0, 1978.0, 238.0, 52.0, -168.0, -1006.0, -304.0, 1122.0, 468.0, 1392.0, 1162.0, -1298.0, 1170.0, -938.0, -426.0, -772.0, 912.0, 758.0, 810.0, 702.0, 264.0, 636.0, 50.0, 1900.0, 786.0, -16.0, 554.0, 140.0, 1162.0, -280.0, -314.0, -264.0, 464.0, -694.0, -744.0, 1516.0, -1288.0, 60.0, 1232.0, 1170.0, 114.0, 530.0, -398.0, 1528.0, -296.0, -772.0, -112.0, 1472.0, -394.0, 906.0, -84.0, -999982.0, -610.0, -418.0], [444.0, -662.0, 1006.0, -350.0, -866.0, -258.0, -620.0, -274.0, -590.0, 672.0, 348.0, 698.0, 696.0, -418.0, -1876.0, -148.0, 1618.0, 822.0, 1562.0, 414.0, 190.0, -1340.0, -1308.0, -882.0, 98.0, 946.0, -568.0, -2408.0, -994.0, 368.0, 30.0, 360.0, 722.0, 720.0, 1406.0, 20.0, 1654.0, 444.0, -1192.0, -1330.0, -1420.0, 860.0, 500.0, 1452.0, -20.0, -934.0, -274.0, -62.0, -254.0, -612.0, 1208.0, -180.0, -644.0, -820.0, -702.0, 106.0, 2576.0, -610.0, -999982.0, -62.0], [-840.0, -790.0, 62.0, -570.0, 1898.0, 1510.0, -1116.0, 1062.0, -642.0, -1884.0, -1668.0, 310.0, -136.0, -726.0, -316.0, -220.0, -610.0, 46.0, -406.0, -214.0, 962.0, -340.0, -168.0, 998.0, -978.0, -862.0, 1408.0, -136.0, -1542.0, 1548.0, -2006.0, 572.0, 2350.0, 372.0, 598.0, -472.0, -146.0, 224.0, -292.0, 694.0, 720.0, -332.0, -384.0, -776.0, -1332.0, 2226.0, -482.0, 1966.0, -1834.0, 1200.0, -952.0, 52.0, -2368.0, 72.0, -470.0, 1390.0, -400.0, -418.0, -62.0, -999982.0]]}