{"connections": [[-1.0, 8.697505175130405e-05, 0.015461308179519262, -2.538686100086071e-05, 0.008358853635414153, 6.415610514444487e-05, 0.004282508747141082, 2.1482796027866506e-05, 0.003963648937876159, -3.8456083851632756e-05, 0.0025810880036162913, 7.899990298294156e-05, 0.0019591516638007974, 2.7620737750114078e-05, 0.0009230295218503732, 0.00011035768688367575, 0.0007851763613333639, 4.2026111179878794e-05, 0.0004978622321443466, 0.00011348928980318983], [8.697505175130405e-05, -1.0, -6.661963277446261e-05, 0.015621124315178463, -2.634721922951169e-05, 0.00869257811987037, -9.904216166783159e-05, 0.004330881573571176, 8.849909850546756e-05, 0.0038708073499889653, -3.4322367997874186e-05, 0.0024438402863303883, 5.908290841483208e-05, 0.0019531598635481274, 6.45110201419898e-06, 0.001312955840035468, 0.0001613819371189583, 0.0008082875908793777, 3.7579235034168815e-06, 0.0004103026145147332], [0.015461308179519262, -6.661963277446261e-05, -1.0, 4.248541294140752e-05, 0.016427386802836556, 0.00021203039500389915, 0.012524282188071003, 5.99180025267025e-05, 0.007160535339585697, 4.7788260551784674e-05, 0.00574632433848594, 1.4843797838496682e-05, 0.0039664047484453315, 8.918805114776066e-05, 0.0027208827579433994, 1.526134489443189e-05, 0.0018024671310611104, -2.8351445098000696e-05, 0.0006473232008163546, 0.00011509684596854037], [-2.538686100086071e-05, 0.015621124315178463, 4.248541294140752e-05, -1.0, 1.6701882237408364e-05, 0.016453692267360473, 0.0001358280572957235, 0.012397807184828228, 0.00015898104154733086, 0.007249848654850238, -8.710031586808461e-05, 0.00565861857938675, -0.00018326140284996326, 0.00403053997623698, -8.173483619931717e-05, 0.00271875326795813, 0.0001142408745038732, 0.0016982891406052759, 6.204749251197207e-05, 0.000859416227878644], [0.008358853635414153, -2.634721922951169e-05, 0.016427386802836556, 1.6701882237408364e-05, -1.0, -4.845633584128101e-05, 0.01751628689265719, 2.440562541941297e-05, 0.012710132382667765, -0.00019891941744753358, 0.008467833417013243, 6.488681249233149e-05, 0.006418721240011204, -9.108789025226586e-05, 0.004396352951941816, -0.00014154845196203588, 0.0027302358119963483, -8.956384349810234e-06, 0.0009567046919115478, -0.00017758276288924442], [6.415610514444487e-05, 0.00869257811987037, 0.00021203039500389915, 0.016453692267360473, -4.845633584128101e-05, -1.0, -1.8184174285978354e-05, 0.017555619825326288, -0.0002656851916915735, 0.012682866559915195, 2.3173861604404104e-06, 0.008521843128698463, 9.614020962908189e-05, 0.00630648459137582, 1.878961751708441e-05, 0.004226995866054495, -1.3591156670691055e-05, 0.0026911534075608127, 5.636885255125322e-07, 0.0010322180769774304], [0.004282508747141082, -9.904216166783159e-05, 0.012524282188071003, 0.0001358280572957235, 0.01751628689265719, -1.8184174285978354e-05, -1.0, -9.271632377041317e-05, 0.017352420550555418, 0.00015904367360572113, 0.01325271390450277, 5.561726785056985e-05, 0.008518231346664623, -0.0001439075928280698, 0.0064238779461520045, -5.361304198208084e-05, 0.003953105874713795, 8.315449618949689e-05, 0.002050803242578576, -3.949995149147078e-05], [2.1482796027866506e-05, 0.004330881573571176, 5.99180025267025e-05, 0.012397807184828228, 2.440562541941297e-05, 0.017555619825326288, -9.271632377041317e-05, -1.0, -7.766375240394888e-05, 0.017392839105569945, -2.0480683093622005e-05, 0.013306055540898493, -0.0001698790197072398, 0.008625833222979126, 5.7913776658213496e-05, 0.006483879458089894, -1.3925194315439222e-05, 0.004009641746087422, -7.075334862822117e-05, 0.0021330391352450155], [0.003963648937876159, 8.849909850546756e-05, 0.007160535339585697, 0.00015898104154733086, 0.012710132382667765, -0.0002656851916915735, 0.017352420550555418, -7.766375240394888e-05, -1.0, -6.0105898701873345e-05, 0.01730039418738589, 4.845633584128101e-05, 0.013308352049706137, 9.257018230083585e-05, 0.00869681622248811, 7.20059897960268e-05, 0.005678222413662908, -3.490693387618348e-05, 0.002534343610704345, -9.588968139552075e-05], [-3.8456083851632756e-05, 0.0038708073499889653, 4.7788260551784674e-05, 0.007249848654850238, -0.00019891941744753358, 0.012682866559915195, 0.00015904367360572113, 0.017392839105569945, -6.0105898701873345e-05, -1.0, -6.538786895945374e-05, 0.017333025489807228, -6.263205839028136e-06, 0.012956944447431066, -0.00011789441124330627, 0.008456016835330276, 4.284032793895245e-05, 0.005858310458887764, -4.4176478517945115e-05, 0.002488476066609862], [0.0025810880036162913, -3.4322367997874186e-05, 0.00574632433848594, -8.710031586808461e-05, 0.008467833417013243, 2.3173861604404104e-06, 0.01325271390450277, -2.0480683093622005e-05, 0.01730039418738589, -6.538786895945374e-05, -1.0, 0.00016225878593642223, 0.017321751719296976, -6.0773973991369676e-05, 0.012559898951942275, -0.00010213200988175213, 0.00724358544901121, -1.2797817264414158e-05, 0.003941623330675576, 8.154694002414633e-05], [7.899990298294156e-05, 0.0024438402863303883, 1.4843797838496682e-05, 0.00565861857938675, 6.488681249233149e-05, 0.008521843128698463, 5.561726785056985e-05, 0.013306055540898493, 4.845633584128101e-05, 0.017333025489807228, 0.00016225878593642223, -1.0, -0.00013754000022505786, 0.017340436950050078, 5.985537046831222e-05, 0.012660131122719522, -4.150417735995978e-05, 0.0072353388946564895, -0.00010388570751668001, 0.0039488051400376626], [0.0019591516638007974, 5.908290841483208e-05, 0.0039664047484453315, -0.00018326140284996326, 0.006418721240011204, 9.614020962908189e-05, 0.008518231346664623, -0.0001698790197072398, 0.013308352049706137, -6.263205839028136e-06, 0.017321751719296976, -0.00013754000022505786, -1.0, 0.00011025330011969195, 0.0175039901318599, -7.787252593191648e-05, 0.012302585578722203, 0.00010783152719526774, 0.004512618929666975, 7.423986654528017e-05], [2.7620737750114078e-05, 0.0019531598635481274, 8.918805114776066e-05, 0.00403053997623698, -9.108789025226586e-05, 0.00630648459137582, -0.0001439075928280698, 0.008625833222979126, 9.257018230083585e-05, 0.012956944447431066, -6.0773973991369676e-05, 0.017340436950050078, 0.00011025330011969195, -1.0, 0.00015879314537216, 0.017366867678690775, 2.114875838311834e-05, 0.01211281044179965, 8.497082588281505e-06, 0.0040486615184645676], [0.0009230295218503732, 6.45110201419898e-06, 0.0027208827579433994, -8.173483619931717e-05, 0.004396352951941816, 1.878961751708441e-05, 0.0064238779461520045, 5.7913776658213496e-05, 0.00869681622248811, -0.00011789441124330627, 0.012559898951942275, 5.985537046831222e-05, 0.0175039901318599, 0.00015879314537216, -1.0, -1.4593269604935557e-05, 0.016401039583607044, 0.00017282272645158302, 0.008411568951225974, 0.00012244567415300005], [0.00011035768688367575, 0.001312955840035468, 1.526134489443189e-05, 0.00271875326795813, -0.00014154845196203588, 0.004226995866054495, -5.361304198208084e-05, 0.006483879458089894, 7.20059897960268e-05, 0.008456016835330276, -0.00010213200988175213, 0.012660131122719522, -7.787252593191648e-05, 0.017366867678690775, -1.4593269604935557e-05, -1.0, 3.833081973485219e-05, 0.016483505127154248, 0.0002287322772413075, 0.00833651486792162], [0.0007851763613333639, 0.0001613819371189583, 0.0018024671310611104, 0.0001142408745038732, 0.0027302358119963483, -1.3591156670691055e-05, 0.003953105874713795, -1.3925194315439222e-05, 0.005678222413662908, 4.284032793895245e-05, 0.00724358544901121, -4.150417735995978e-05, 0.012302585578722203, 2.114875838311834e-05, 0.016401039583607044, 3.833081973485219e-05, -1.0, 3.7892395326120224e-05, 0.015558659275610556, 0.00016952410470969488], [4.2026111179878794e-05, 0.0008082875908793777, -2.8351445098000696e-05, 0.0016982891406052759, -8.956384349810234e-06, 0.0026911534075608127, 8.315449618949689e-05, 0.004009641746087422, -3.490693387618348e-05, 0.005858310458887764, -1.2797817264414158e-05, 0.0072353388946564895, 0.00010783152719526774, 0.01211281044179965, 0.00017282272645158302, 0.016483505127154248, 3.7892395326120224e-05, -1.0, 7.703743182004607e-06, 0.015495881075750699], [0.0004978622321443466, 3.7579235034168815e-06, 0.0006473232008163546, 6.204749251197207e-05, 0.0009567046919115478, 5.636885255125322e-07, 0.002050803242578576, -7.075334862822117e-05, 0.002534343610704345, -4.4176478517945115e-05, 0.003941623330675576, -0.00010388570751668001, 0.004512618929666975, 8.497082588281505e-06, 0.008411568951225974, 0.0002287322772413075, 0.015558659275610556, 7.703743182004607e-06, -1.0, -6.973035834117991e-06], [0.00011348928980318983, 0.0004103026145147332, 0.00011509684596854037, 0.000859416227878644, -0.00017758276288924442, 0.0010322180769774304, -3.949995149147078e-05, 0.0021330391352450155, -9.588968139552075e-05, 0.002488476066609862, 8.154694002414633e-05, 0.0039488051400376626, 7.423986654528017e-05, 0.0040486615184645676, 0.00012244567415300005, 0.00833651486792162, 0.00016952410470969488, 0.015495881075750699, -6.973035834117991e-06, -1.0]]}