{"connections": [[-1.0, 4.265439952582171e-06, 0.015379627297966367, 3.238226806879563e-06, 0.008437069455849891, 3.0891556308568675e-05, 0.004312762743558788, 5.3492333345623005e-05, 0.003933004966556769, 5.218743859752518e-05, 0.002477848978425983, 1.2623029835199121e-05, 0.001975925911191248, 1.2395456191130862e-05, 0.0010993539908722466, 3.1125393447427807e-05, 0.0007961841403413843, -2.490783095169129e-06, 0.0002223102206123333, 4.016570426224954e-05], [4.265439952582171e-06, -1.0, 5.791644849957387e-06, 0.015438585574432822, -4.366908568194258e-05, 0.008462850000409111, 3.624475652316519e-05, 0.004270970618482509, 1.4128356416604773e-05, 0.0038982446582990398, -5.785381355166517e-06, 0.0024678670555609338, -4.0510196475747364e-05, 0.002007118115249778, -5.3621778904634314e-05, 0.001096508276405595, -2.3306464116825636e-05, 0.0007065618812104286, 9.74391006299608e-06, 0.00023608364565745547], [0.015379627297966367, 5.791644849957387e-06, -1.0, -1.0956940220827818e-05, 0.016302563694558982, 1.4800638190824772e-05, 0.012267152676003092, -3.486678766917389e-05, 0.007233806174228715, -6.0791392608583e-05, 0.005690694016581345, 3.291884078921346e-05, 0.0040027322784003255, 1.8832241004547813e-05, 0.002750947790465881, -3.4595369561569542e-06, 0.0016501177026545858, 8.26781312394782e-07, 0.0007626473013994717, 8.182212028472603e-06], [3.238226806879563e-06, 0.015438585574432822, -1.0956940220827818e-05, -1.0, -7.770909203872169e-06, 0.016314963326413304, -1.4877887959912164e-05, 0.012318546738593774, 2.4826405519409982e-05, 0.007195294032591256, 2.257154739469694e-05, 0.00563295712159911, -1.2266010632119557e-05, 0.003984461664095359, -4.929370400414345e-06, 0.0027104355061585363, -4.970083116554996e-05, 0.001676948426507074, 5.715438996668474e-05, 0.0007588933801881438], [0.008437069455849891, -4.366908568194258e-05, 0.016302563694558982, -7.770909203872169e-06, -1.0, -2.4321150272946504e-05, 0.017565430392610073, 2.4765858403098244e-05, 0.012598251449806442, 2.8634610352258674e-05, 0.008547181694273378, -2.61605299098652e-06, 0.006448877534026524, -2.6995662548647806e-05, 0.004358014405591223, -2.5256498828383026e-05, 0.0027109741667105513, 0.00011132735641291558, 0.0010558707222024333, 1.777788604808477e-05], [3.0891556308568675e-05, 0.008462850000409111, 1.4800638190824772e-05, 0.016314963326413304, -2.4321150272946504e-05, -1.0, 1.2380841369952166e-06, 0.01752621882738763, -3.2269525162559976e-05, 0.01263376755310227, -1.6848800987439118e-05, 0.008532594014905442, 4.357304542848258e-05, 0.00649549463792337, 4.0149001609473884e-05, 0.004332127381620559, 1.2460178970636513e-05, 0.00274772417848018, 4.432048914019301e-05, 0.0010965145399003857], [0.004312762743558788, 3.624475652316519e-05, 0.012267152676003092, -1.4877887959912164e-05, 0.017565430392610073, 1.2380841369952166e-06, -1.0, 2.99395051003565e-05, 0.017370282861074143, 2.5239796175607373e-05, 0.013168204421796408, 1.850862710701955e-05, 0.008551311425172159, -1.9412658188501724e-05, 0.006470950089669548, 1.0533110406645646e-05, 0.003996598229168468, -1.674023374439738e-05, 0.001975230663269461, -2.353194992929694e-05], [5.3492333345623005e-05, 0.004270970618482509, -3.486678766917389e-05, 0.012318546738593774, 2.4765858403098244e-05, 0.01752621882738763, 2.99395051003565e-05, -1.0, 1.510128594078651e-05, 0.017339103184005195, -4.762552655817518e-05, 0.01315050378551741, 5.825050155508692e-07, 0.008508295830780064, -2.7962328578038676e-05, 0.0064344255637123916, 5.309355751060431e-06, 0.003994679511930865, 9.014630486179168e-05, 0.0019766837940609428], [0.003933004966556769, 1.4128356416604773e-05, 0.007233806174228715, 2.4826405519409982e-05, 0.012598251449806442, -3.2269525162559976e-05, 0.017370282861074143, 1.510128594078651e-05, -1.0, -2.8352753086669546e-06, 0.017383425760976984, 2.867427915260085e-05, 0.013169020763950818, -4.970918249193779e-05, 0.00860782276300698, 3.0365422746135632e-05, 0.005654088065191907, -4.8583841261178224e-06, 0.0023920098701487127, -8.574724368700428e-05], [5.218743859752518e-05, 0.0038982446582990398, -6.0791392608583e-05, 0.007195294032591256, 2.8634610352258674e-05, 0.01263376755310227, 2.5239796175607373e-05, 0.017339103184005195, -2.8352753086669546e-06, -1.0, 1.60428979910139e-05, 0.01740689716378997, 1.113649373816608e-05, 0.01319796854904262, -8.03397598508869e-06, 0.008520580631896556, -8.384731693377385e-06, 0.005640619463559941, -5.9494849186873004e-05, 0.0024531457549707937], [0.002477848978425983, -5.785381355166517e-06, 0.005690694016581345, 2.257154739469694e-05, 0.008547181694273378, -1.6848800987439118e-05, 0.013168204421796408, -4.762552655817518e-05, 0.017383425760976984, 1.60428979910139e-05, -1.0, 1.6351897067363467e-05, 0.017326732781793225, 8.288691439917386e-07, 0.012595276289780778, 4.028679849487301e-05, 0.0071806478939386055, -5.127088052646127e-05, 0.003886371160007148, -1.3270257630255644e-05], [1.2623029835199121e-05, 0.0024678670555609338, 3.291884078921346e-05, 0.00563295712159911, -2.61605299098652e-06, 0.008532594014905442, 1.850862710701955e-05, 0.01315050378551741, 2.867427915260085e-05, 0.01740689716378997, 1.6351897067363467e-05, -1.0, -3.2152606593130414e-06, 0.01732923609187798, -5.470118784026083e-07, 0.012635567263938845, 1.540819718553912e-06, 0.007263098451534016, -6.144488389843039e-05, 0.003902848326970329], [0.001975925911191248, -4.0510196475747364e-05, 0.0040027322784003255, -1.2266010632119557e-05, 0.006448877534026524, 4.357304542848258e-05, 0.008551311425172159, 5.825050155508692e-07, 0.013169020763950818, 1.113649373816608e-05, 0.017326732781793225, -3.2152606593130414e-06, -1.0, -1.9469029641619552e-05, 0.01748204657429082, 2.6223164857773893e-06, 0.012277963468012132, 4.582790355319562e-06, 0.0042334522846852, -1.560027769245912e-05], [1.2395456191130862e-05, 0.002007118115249778, 1.8832241004547813e-05, 0.003984461664095359, -2.6995662548647806e-05, 0.00649549463792337, -1.9412658188501724e-05, 0.008508295830780064, -4.970918249193779e-05, 0.01319796854904262, 8.288691439917386e-07, 0.01732923609187798, -1.9469029641619552e-05, -1.0, 4.006340051399867e-05, 0.017456815129441604, -2.9444689011877807e-05, 0.012315607071705259, 3.203360019210389e-05, 0.004287792277659188], [0.0010993539908722466, -5.3621778904634314e-05, 0.002750947790465881, -4.929370400414345e-06, 0.004358014405591223, 4.0149001609473884e-05, 0.006470950089669548, -2.7962328578038676e-05, 0.00860782276300698, -8.03397598508869e-06, 0.012595276289780778, -5.470118784026083e-07, 0.01748204657429082, 4.006340051399867e-05, -1.0, 1.1954923724173035e-05, 0.01634775272164351, 2.4634325012489983e-05, 0.008450174774783988, -1.032641507854695e-05], [3.1125393447427807e-05, 0.001096508276405595, -3.4595369561569542e-06, 0.0027104355061585363, -2.5256498828383026e-05, 0.004332127381620559, 1.0533110406645646e-05, 0.0064344255637123916, 3.0365422746135632e-05, 0.008520580631896556, 4.028679849487301e-05, 0.012635567263938845, 2.6223164857773893e-06, 0.017456815129441604, 1.1954923724173035e-05, -1.0, -1.4380984039836511e-05, 0.01631834978926357, -3.451185629769128e-05, 0.008425671983162106], [0.0007961841403413843, -2.3306464116825636e-05, 0.0016501177026545858, -4.970083116554996e-05, 0.0027109741667105513, 1.2460178970636513e-05, 0.003996598229168468, 5.309355751060431e-06, 0.005654088065191907, -8.384731693377385e-06, 0.0071806478939386055, 1.540819718553912e-06, 0.012277963468012132, -2.9444689011877807e-05, 0.01634775272164351, -1.4380984039836511e-05, -1.0, -4.885317153718562e-05, 0.01549610115926578, 5.18408585524304e-05], [-2.490783095169129e-06, 0.0007065618812104286, 8.26781312394782e-07, 0.001676948426507074, 0.00011132735641291558, 0.00274772417848018, -1.674023374439738e-05, 0.003994679511930865, -4.8583841261178224e-06, 0.005640619463559941, -5.127088052646127e-05, 0.007263098451534016, 4.582790355319562e-06, 0.012315607071705259, 2.4634325012489983e-05, 0.01631834978926357, -4.885317153718562e-05, -1.0, 3.212964044556389e-05, 0.015375155162685686], [0.0002223102206123333, 9.74391006299608e-06, 0.0007626473013994717, 5.715438996668474e-05, 0.0010558707222024333, 4.432048914019301e-05, 0.001975230663269461, 9.014630486179168e-05, 0.0023920098701487127, -5.9494849186873004e-05, 0.003886371160007148, -6.144488389843039e-05, 0.0042334522846852, 3.203360019210389e-05, 0.008450174774783988, -3.451185629769128e-05, 0.01549610115926578, 3.212964044556389e-05, -1.0, 1.1290993276340862e-05], [4.016570426224954e-05, 0.00023608364565745547, 8.182212028472603e-06, 0.0007588933801881438, 1.777788604808477e-05, 0.0010965145399003857, -2.353194992929694e-05, 0.0019766837940609428, -8.574724368700428e-05, 0.0024531457549707937, -1.3270257630255644e-05, 0.003902848326970329, -1.560027769245912e-05, 0.004287792277659188, -1.032641507854695e-05, 0.008425671983162106, 5.18408585524304e-05, 0.015375155162685686, 1.1290993276340862e-05, -1.0]]}