{"connections": [[-95797586.0, 8332.0, 1481156.0, -2432.0, 800758.0, 6146.0, 410254.0, 2058.0, 379708.0, -3684.0, 247262.0, 7568.0, 187682.0, 2646.0, 88424.0, 10572.0, 75218.0, 4026.0, 47694.0, 10872.0], [8332.0, -95797586.0, -6382.0, 1496466.0, -2524.0, 832728.0, -9488.0, 414888.0, 8478.0, 370814.0, -3288.0, 234114.0, 5660.0, 187108.0, 618.0, 125778.0, 15460.0, 77432.0, 360.0, 39306.0], [1481156.0, -6382.0, -95797586.0, 4070.0, 1573704.0, 20312.0, 1199796.0, 5740.0, 685962.0, 4578.0, 550484.0, 1422.0, 379972.0, 8544.0, 260654.0, 1462.0, 172672.0, -2716.0, 62012.0, 11026.0], [-2432.0, 1496466.0, 4070.0, -95797586.0, 1600.0, 1576224.0, 13012.0, 1187680.0, 15230.0, 694518.0, -8344.0, 542082.0, -17556.0, 386116.0, -7830.0, 260450.0, 10944.0, 162692.0, 5944.0, 82330.0], [800758.0, -2524.0, 1573704.0, 1600.0, -95797586.0, -4642.0, 1678018.0, 2338.0, 1217600.0, -19056.0, 811198.0, 6216.0, 614898.0, -8726.0, 421160.0, -13560.0, 261550.0, -858.0, 91650.0, -17012.0], [6146.0, 832728.0, 20312.0, 1576224.0, -4642.0, -95797586.0, -1742.0, 1681786.0, -25452.0, 1214988.0, 222.0, 816372.0, 9210.0, 604146.0, 1800.0, 404936.0, -1302.0, 257806.0, 54.0, 98884.0], [410254.0, -9488.0, 1199796.0, 13012.0, 1678018.0, -1742.0, -95797586.0, -8882.0, 1662320.0, 15236.0, 1269578.0, 5328.0, 816026.0, -13786.0, 615392.0, -5136.0, 378698.0, 7966.0, 196462.0, -3784.0], [2058.0, 414888.0, 5740.0, 1187680.0, 2338.0, 1681786.0, -8882.0, -95797586.0, -7440.0, 1666192.0, -1962.0, 1274688.0, -16274.0, 826334.0, 5548.0, 621140.0, -1334.0, 384114.0, -6778.0, 204340.0], [379708.0, 8478.0, 685962.0, 15230.0, 1217600.0, -25452.0, 1662320.0, -7440.0, -95797586.0, -5758.0, 1657336.0, 4642.0, 1274908.0, 8868.0, 833134.0, 6898.0, 543960.0, -3344.0, 242784.0, -9186.0], [-3684.0, 370814.0, 4578.0, 694518.0, -19056.0, 1214988.0, 15236.0, 1666192.0, -5758.0, -95797586.0, -6264.0, 1660462.0, -600.0, 1241244.0, -11294.0, 810066.0, 4104.0, 561212.0, -4232.0, 238390.0], [247262.0, -3288.0, 550484.0, -8344.0, 811198.0, 222.0, 1269578.0, -1962.0, 1657336.0, -6264.0, -95797586.0, 15544.0, 1659382.0, -5822.0, 1203208.0, -9784.0, 693918.0, -1226.0, 377598.0, 7812.0], [7568.0, 234114.0, 1422.0, 542082.0, 6216.0, 816372.0, 5328.0, 1274688.0, 4642.0, 1660462.0, 15544.0, -95797586.0, -13176.0, 1661172.0, 5734.0, 1212810.0, -3976.0, 693128.0, -9952.0, 378286.0], [187682.0, 5660.0, 379972.0, -17556.0, 614898.0, 9210.0, 816026.0, -16274.0, 1274908.0, -600.0, 1659382.0, -13176.0, -95797586.0, 10562.0, 1676840.0, -7460.0, 1178558.0, 10330.0, 432298.0, 7112.0], [2646.0, 187108.0, 8544.0, 386116.0, -8726.0, 604146.0, -13786.0, 826334.0, 8868.0, 1241244.0, -5822.0, 1661172.0, 10562.0, -95797586.0, 15212.0, 1663704.0, 2026.0, 1160378.0, 814.0, 387852.0], [88424.0, 618.0, 260654.0, -7830.0, 421160.0, 1800.0, 615392.0, 5548.0, 833134.0, -11294.0, 1203208.0, 5734.0, 1676840.0, 15212.0, -95797586.0, -1398.0, 1571180.0, 16556.0, 805808.0, 11730.0], [10572.0, 125778.0, 1462.0, 260450.0, -13560.0, 404936.0, -5136.0, 621140.0, 6898.0, 810066.0, -9784.0, 1212810.0, -7460.0, 1663704.0, -1398.0, -95797586.0, 3672.0, 1579080.0, 21912.0, 798618.0], [75218.0, 15460.0, 172672.0, 10944.0, 261550.0, -1302.0, 378698.0, -1334.0, 543960.0, 4104.0, 693918.0, -3976.0, 1178558.0, 2026.0, 1571180.0, 3672.0, -95797586.0, 3630.0, 1490482.0, 16240.0], [4026.0, 77432.0, -2716.0, 162692.0, -858.0, 257806.0, 7966.0, 384114.0, -3344.0, 561212.0, -1226.0, 693128.0, 10330.0, 1160378.0, 16556.0, 1579080.0, 3630.0, -95797586.0, 738.0, 1484468.0], [47694.0, 360.0, 62012.0, 5944.0, 91650.0, 54.0, 196462.0, -6778.0, 242784.0, -4232.0, 377598.0, -9952.0, 432298.0, 814.0, 805808.0, 21912.0, 1490482.0, 738.0, -95797586.0, -668.0], [10872.0, 39306.0, 11026.0, 82330.0, -17012.0, 98884.0, -3784.0, 204340.0, -9186.0, 238390.0, 7812.0, 378286.0, 7112.0, 387852.0, 11730.0, 798618.0, 16240.0, 1484468.0, -668.0, -95797586.0]]}